"fname","sum_birds","year","month","day","LO_elevation","LO_birds","LO_MeanZ","LO_SumZ","LO_SDZ","LO_Volumes","LO_MeanZ_m33","LO_SumZ_m33","LO_SDZ_m33","LO_Volumes_m33","HI_elevation","HI_birds","HI_MeanZ","HI_SumZ","HI_SDZ","HI_Volumes","HI_MeanZ_m33","HI_SumZ_m33","HI_SDZ_m33","HI_Volumes_m33"
"KCAE20100623_100241",625.48,"2010","06","23",0.514976872,621.42,0.099259906,1032.799325,0.756776628,10405,2.132419179,1027.826044,2.836222833,482,1.536631197,4.06,0.000501187,5.213850791,0,10403,NA,0,NA,0
"KCAE20100623_101221",1570.87,"2010","06","23",0.524332409,1566.81,0.25965898,2701.75169,0.972807391,10405,2.041785697,2697.198905,1.954074795,1321,1.539658354,4.06,0.000501187,5.21585554,0,10407,NA,0,NA,0
"KCAE20100623_102159",1564.51,"2010","06","23",0.516277176,1559.6,0.256001128,2663.69174,1.051919224,10405,2.005385717,2659.141461,2.275659855,1326,1.53587378,4.91,0.000743406,7.732906661,0.022117865,10402,1.260279716,2.520559432,1.38372513,2
"KCAE20100623_103138",1621.12,"2010","06","23",0.512642157,1596.16,0.271202277,2821.317284,0.930627736,10403,1.876652708,2816.855715,1.729686807,1501,1.53682998,24.96,0.004000992,41.63031946,0.074689491,10405,1.104000166,36.43200547,0.749623646,33
"KCAE20100623_104116",1268.37,"2010","06","23",0.523435975,1209.78,0.208941118,2174.032328,0.793923086,10405,1.827643121,2169.412384,1.602884275,1187,1.529134995,58.59,0.009057451,94.2337227,0.147081178,10404,1.413507072,89.05094552,1.27015084,63
"KCAE20100623_105055",1491.58,"2010","06","23",0.51392153,1440.08,0.248600634,2586.689598,0.944460215,10405,1.898644382,2582.15636,1.922117649,1360,1.537390447,51.5,0.009516962,98.99543472,0.143695874,10402,1.0662067,93.82618959,1.153039581,88
"KCAE20100623_110034",2498.38,"2010","06","23",0.514546785,2441.29,0.35286134,3670.816522,1.736966137,10403,2.380762662,3666.3745,3.944867596,1540,1.533070463,57.09,0.009138001,95.09917863,0.138751763,10407,1.303158044,89.91790501,1.111610037,69
"KCAE20100623_111013",1512.01,"2010","06","23",0.513588664,1490.84,0.257880025,2682.983782,0.927596603,10404,1.847238725,2678.496151,1.800079349,1450,1.533463338,21.17,0.003622074,37.68767641,0.073598946,10405,1.160244875,32.48685649,0.834391111,28
"KCAE20100623_111952",952.58,"2010","06","23",0.523840373,932.94,0.162465836,1690.457029,0.639591667,10405,1.627182824,1685.761405,1.314225206,1036,1.539687846,19.64,0.002982034,31.02508616,0.090734161,10404,1.613672073,25.81875317,1.714089856,16
"KCAE20100623_112931",814.95,"2010","06","23",0.513341722,810.5,0.147537918,1535.869723,0.628418107,10410,1.641071781,1531.119971,1.39916052,933,1.533020319,4.45,0.000582266,6.059643929,0.005858056,10407,0.422395381,0.844790763,0.034348717,2
"KCAE20100623_113910",638.85,"2010","06","23",0.522727127,634.79,0.124533079,1295.517626,0.523490319,10403,1.458471555,1290.747326,1.130310605,885,1.528915165,4.06,0.000501187,5.210342481,0,10396,NA,0,NA,0
"KCAE20100623_114944",822.25,"2010","06","23",0.533867443,818.19,0.155124918,1614.074777,0.615672593,10405,1.550462578,1609.380156,1.279902466,1038,1.538960618,4.06,0.000501187,5.21234723,0,10400,NA,0,NA,0
"KCAE20100623_115922",1074.94,"2010","06","23",0.516503146,1069.03,0.195533768,2034.333326,0.695909766,10404,1.644843954,2029.737439,1.304198181,1234,1.538085409,5.91,0.000913007,9.494364772,0.015471341,10399,0.535816028,4.286528227,0.168250672,8
"KCAE20100623_120901",845.74,"2010","06","23",0.518071428,841.68,0.159552322,1659.822801,0.587007857,10403,1.555584787,1655.142214,1.09493612,1064,1.536467538,4.06,0.000501187,5.217359102,0,10410,NA,0,NA,0
"KCAE20100623_121840",712.26,"2010","06","23",0.51693915,704.61,0.132205114,1375.726414,0.547736892,10406,1.485345239,1370.973656,1.172335617,923,1.537265077,7.65,0.001353333,14.08278005,0.027654867,10406,0.682610856,8.873941129,0.399651602,13
"KCAE20100623_122820",591.55,"2010","06","23",0.517210119,583.76,0.112386452,1169.268646,0.477503051,10404,1.396249741,1164.472284,1.02635894,834,1.534042622,7.79,0.001300695,13.53243569,0.026151449,10404,0.64035378,8.324599141,0.387179604,13
"KCAE20100623_123758",456.31,"2010","06","23",0.518910761,449.28,0.08788369,914.3419126,0.395762451,10404,1.264934512,909.4879142,0.882600993,719,1.535168568,7.03,0.001254006,13.04793354,0.029426599,10405,0.783809224,7.838092244,0.565613056,10
"KCAE20100623_124738",439.1,"2010","06","23",0.523826647,428.85,0.086859486,903.7729478,0.378201382,10405,1.214768883,898.9289731,0.801434263,740,1.539878105,10.25,0.001788359,18.60966085,0.03767186,10406,0.893454954,13.4018243,0.449062394,15
"KCAE20100623_125716",747.17,"2010","06","23",0.516362174,739.88,0.137585308,1431.299957,0.987066984,10403,1.330805391,1426.623379,2.806063667,1072,1.535880013,7.29,0.001272837,13.24259331,0.022254174,10404,0.573946996,8.035257948,0.206528339,14
"KCAE20100624_100253",782.74,"2010","06","24",0.512687213,777.5,0.132900785,1382.035263,0.845751424,10399,2.214043659,1377.135156,2.713441246,622,1.535704423,5.24,0.000705033,7.335869246,0.014726673,10405,1.061009227,2.122018454,0.086280076,2
"KCAE20100624_101233",2034.01,"2010","06","24",0.519290173,2027.91,0.339850474,3534.784785,1.257986408,10401,2.366166024,3530.319708,2.498327201,1492,1.534079824,6.1,0.000828575,8.622151838,0.02395696,10406,1.70389993,3.40779986,0.412048637,2
"KCAE20100624_102212",2220.05,"2010","06","24",0.523335182,2214.48,0.389115704,4047.192435,1.291812831,10401,2.277672785,4042.869194,2.340974522,1775,1.539965025,5.57,0.000764844,7.959734171,0.015048792,10407,0.686470845,2.745883379,0.3979584,4
"KCAE20100624_103150",2220.59,"2010","06","24",0.512660648,2186.48,0.387547882,4032.823257,1.33266235,10406,2.214689149,4028.519563,2.473195833,1819,1.534857397,34.11,0.004757358,49.50507,0.09433117,10406,1.476825042,44.30475127,0.971846409,30
"KCAE20100624_104129",1784,"2010","06","24",0.523465011,1751.5,0.31761308,3304.764099,1.105971652,10405,2.061431384,3300.351646,2.08747464,1601,1.531597761,32.5,0.005086458,52.90425325,0.088268051,10401,1.363112754,47.70894638,0.691605243,35
"KCAE20100624_105108",1880.11,"2010","06","24",0.51297807,1858.61,0.343063694,3567.862421,1.184160603,10400,2.05864681,3563.517628,2.212658448,1731,1.537315458,21.5,0.003306877,34.39813616,0.090828156,10402,1.390252928,29.19531148,1.505456187,21
"KCAE20100624_110046",1735.25,"2010","06","24",0.522746578,1704.53,0.307193098,3196.036992,1.141294752,10404,2.055119758,3191.600984,2.266568763,1553,1.532907739,30.72,0.00458708,47.7606793,0.134441585,10412,1.7021939,42.5548475,2.198047471,25
"KCAE20100624_111025",2025.1,"2010","06","24",0.513404437,2017.56,0.354471069,3688.625941,1.195517958,10406,2.150770064,3684.26912,2.195867072,1713,1.533744728,7.54,0.001102784,11.4744678,0.027965252,10405,0.894731849,6.26312294,0.650990301,7
"KCAE20100624_112003",2013.03,"2010","06","24",0.523493944,2006.7,0.355456838,3699.950231,1.357434562,10409,2.337460943,3695.52575,2.739202237,1581,1.528662525,6.33,0.00094073,9.790179715,0.020121237,10407,0.915366022,4.576830111,0.086802997,5
"KCAE20100624_112942",1331.84,"2010","06","24",0.514032315,1323.26,0.23396761,2434.900918,1.030765465,10407,2.028618935,2430.285485,2.365108168,1198,1.532648217,8.58,0.001189609,12.37550721,0.036151828,10403,1.432832472,7.164162358,0.914057982,5
"KCAE20100624_113920",1061.01,"2010","06","24",0.51412015,1056.95,0.192903306,2007.737609,0.819296581,10408,1.875521086,2003.05652,1.840955624,1068,1.537139004,4.06,0.000501187,5.21585554,0,10407,NA,0,NA,0
"KCAE20100624_114859",1155.1,"2010","06","24",0.519755789,1151.04,0.213769178,2223.199455,0.84647052,10400,1.904352782,2218.570991,1.783207081,1165,1.527781239,4.06,0.000501187,5.214351979,0,10404,NA,0,NA,0
"KCAE20100624_115931",1240.88,"2010","06","24",0.533652417,1236.35,0.21652355,2253.360585,0.960096957,10407,2.005982658,2248.70656,2.229899059,1121,1.528796719,4.53,0.000597445,6.215222884,0.006941931,10403,0.501187234,1.002374467,0,2
"KCAE20100624_120910",1125.17,"2010","06","24",0.523462435,1121.11,0.190979986,1987.719698,0.784091676,10408,1.796246967,1983.056652,1.70747753,1104,1.526728963,4.06,0.000501187,5.214351979,0,10404,NA,0,NA,0
"KCAE20100624_121848",720.34,"2010","06","24",0.52385026,712.56,0.130134215,1353.786242,0.704716572,10403,1.745096777,1348.959809,1.967351385,773,1.532998795,7.78,0.00077443,8.057168208,0.019835798,10404,1.421909302,2.843818604,0.230494028,2
"KCAE20100624_122827",761.93,"2010","06","24",0.524061681,751.17,0.141752515,1475.218425,0.612584896,10407,1.607061373,1470.461156,1.384088394,915,1.539376055,10.76,0.001205288,12.53740191,0.047162453,10402,1.831514265,7.326057058,1.800891787,4
"KCAE20100624_123805",851.01,"2010","06","24",0.522974248,846.95,0.157928209,1642.927162,0.80753824,10403,1.769090076,1638.17741,2.116782437,926,1.538978933,4.06,0.000501187,5.213349604,0,10402,NA,0,NA,0
"KCAE20100624_124745",707.28,"2010","06","24",0.519397103,703.22,0.133454111,1389.390748,0.520923886,10411,1.427483546,1384.659039,1.032852905,970,1.536330575,4.06,0.000501187,5.213349604,0,10402,NA,0,NA,0
"KCAE20100624_125726",933.98,"2010","06","24",0.524297507,929.92,0.161507356,1680.161021,0.689798314,10403,1.668775261,1675.450362,1.554879548,1004,1.538117098,4.06,0.000501187,5.212848417,0,10401,NA,0,NA,0
"KCAE20100625_100857",629.96,"2010","06","25",0.514855496,625.9,0.081627316,849.6587299,0.621710149,10409,2.544000802,844.6082662,2.423204423,332,1.538487245,4.06,0.000501187,5.213850791,0,10403,NA,0,NA,0
"KCAE20100625_101835",1067.27,"2010","06","25",0.514432571,1059.93,0.139128749,1447.63463,0.807706584,10405,2.330743152,1442.730011,2.422332994,619,1.535484274,7.34,0.001011012,10.51957791,0.023302942,10405,0.884621978,5.307731868,0.438711946,6
"KCAE20100625_102815",836.09,"2010","06","25",0.522794971,828.12,0.109715272,1141.697124,0.662711031,10406,1.990837037,1136.767948,2.065535402,571,1.52953333,7.97,0.001028905,10.70369432,0.026809797,10403,1.098469893,5.492349467,0.602456774,5
"KCAE20100625_103753",861.41,"2010","06","25",0.519783788,821.7,0.122142861,1271.262895,0.60956558,10408,1.835351242,1266.392357,1.569821291,690,1.536956063,39.71,0.005469872,56.93590093,0.093088701,10409,1.175933983,51.74109525,0.830456651,44
"KCAE20100625_104731",604.92,"2010","06","25",0.513667873,548.51,0.094445527,982.4223675,0.525000364,10402,1.623771981,977.5107326,1.511083841,602,1.536122397,56.41,0.008351579,86.91488308,0.154492716,10407,1.541992273,81.72559047,1.538439824,53
"KCAE20100625_105710",588.34,"2010","06","25",0.513212287,514.76,0.097446545,1014.028751,0.517637822,10406,1.571861618,1009.135159,1.424435068,642,1.538529803,73.58,0.011257674,117.169876,0.15172171,10408,1.577311318,111.9891036,0.957962732,71
"KCAE20100625_110649",680.24,"2010","06","25",0.52389297,608.55,0.117192145,1219.501461,0.519535218,10406,1.499619837,1214.692068,1.181763994,810,1.528831374,71.69,0.010798365,112.313792,0.185381594,10401,1.673953431,107.1330196,1.68694525,64
"KCAE20100625_111627",659.37,"2010","06","25",0.516232277,620.86,0.128187904,1333.538763,0.540040626,10403,1.498049002,1328.769465,1.170585213,887,1.533717383,38.51,0.006353119,66.09785465,0.113913643,10404,1.324055593,60.90655728,1.10319028,46
"KCAE20100625_112605",971.6,"2010","06","25",0.513780851,956.2,0.188853978,1964.836784,0.747277334,10404,1.751727668,1960.18326,1.567399438,1119,1.537542164,15.4,0.002338688,24.33404373,0.056571995,10405,1.366157656,19.12620718,0.745331615,14
"KCAE20100625_113545",937.43,"2010","06","25",0.524846713,930.57,0.17606762,1831.279318,0.704732912,10401,1.71996114,1826.598731,1.486949822,1062,1.530373954,6.86,0.000952041,9.899321566,0.02182048,10398,0.781830639,4.690983834,0.507861708,6
"KCAE20100625_114524",911.87,"2010","06","25",0.512556857,878.41,0.173312296,1803.834373,0.780786756,10408,1.820964767,1799.11319,1.850792089,988,1.537319535,33.46,0.004241412,44.11068798,0.068859521,10400,1.144570033,38.91538112,0.387351426,34
"KCAE20100625_115502",826.39,"2010","06","25",0.513544326,797.04,0.147450904,1534.374109,0.726222225,10406,1.77446726,1529.590778,1.866514443,862,1.538779183,29.35,0.003611038,37.56923954,0.062629223,10404,1.044207237,32.37042436,0.487734838,31
"KCAE20100625_120540",720.35,"2010","06","25",0.533136752,701.03,0.127133209,1322.94817,0.580238567,10406,1.70520082,1318.120234,1.357978995,773,1.534461304,19.32,0.002285654,23.78680242,0.0508483,10407,1.238564313,18.57846469,0.530926652,15
"KCAE20100625_121519",762.34,"2010","06","25",0.489241229,745.79,0.127588061,1327.043418,0.778199441,10401,2.499235723,1322.095697,2.447658538,529,1.497927139,16.55,0.001812897,18.86500798,0.044913219,10406,1.517129368,13.65416431,0.195381665,9
"KCAE20100625_122104",474.95,"2010","06","25",0.532015605,445.15,0.083419027,868.1418191,0.500123035,10407,2.050206564,863.1369634,1.468387869,421,1.464168215,29.8,0.003214963,33.44526491,0.09549998,10403,2.35311903,28.23742836,1.610411748,12
"KCAE20100625_122650",573.13,"2010","06","25",0.532504379,563.63,0.1008536,1049.583412,0.63080002,10407,2.076778636,1044.619654,2.034094633,503,1.478644581,9.5,0.001110399,11.55481476,0.032042931,10406,1.585366289,6.341465155,0.461880243,4
"KCAE20100625_123238",577.26,"2010","06","25",0.525285068,573.2,0.097707119,1016.251741,0.687454652,10401,2.31409133,1011.257911,2.476553313,437,1.481292977,4.06,0.000501187,5.215354353,0,10406,NA,0,NA,0
"KCAE20100625_123823",448.12,"2010","06","25",0.532017401,434.77,0.078708691,818.8065124,0.63905546,10403,2.181714757,813.7796045,2.611544902,373,1.459865521,13.35,0.001526765,15.87987769,0.051498323,10401,2.133907042,10.66953521,1.099481822,5
"KCAE20100626_100123",8715.74,"2010","06","26",0.52734375,8559.18,1.526753379,15893.50267,18.11842776,10410,13.88886248,15888.85867,53.08197821,1144,0.878073824,156.56,0.029108089,302.7241272,0.474796383,10400,2.140873705,297.581445,3.526286498,139
"KCAE20100626_100559",8597.06,"2010","06","26",0.52734375,8370.48,1.404014588,14605.96376,11.7208957,10403,10.94559107,14601.41849,31.10500941,1334,0.897068034,226.58,0.036202734,376.9790736,0.475126431,10413,2.838365393,371.8258665,3.172872597,131
"KCAE20100626_101035",10076.02,"2010","06","26",0.52734375,9768.28,1.522399507,15845.13406,11.30764324,10408,10.83491822,15840.65044,28.45747557,1462,0.892084458,307.74,0.045836931,476.8415886,0.488876374,10403,2.563695415,471.7199563,2.663851555,184
"KCAE20100626_101511",9836.62,"2010","06","26",0.527359583,9352.27,1.433886424,14923.8899,11.48199722,10408,10.49921586,14919.38573,29.5121993,1421,0.890031465,484.35,0.058388179,607.353837,0.767754808,10402,3.255314633,602.233207,4.780988182,185
"KCAE20100626_101947",7360.43,"2010","06","26",0.527351664,6338.67,0.793212582,8258.929408,4.926873447,10412,6.178428617,8254.380633,12.49027937,1336,0.921025434,1021.76,0.117622253,1224.212407,1.250650233,10408,5.187718422,1219.113829,6.568973993,235
"KCAE20100626_102422",4063.43,"2010","06","26",0.52734375,3185.41,0.378146318,3935.368736,2.517077001,10407,4.82277466,3930.561348,7.715852257,815,0.920338019,878.02,0.101778408,1059.207892,1.099562359,10407,4.684910239,1054.104804,5.88227458,225
"KCAE20100626_102858",3604.5,"2010","06","26",0.527351144,2689.75,0.323315064,3362.799979,2.261527515,10401,4.401008567,3357.969537,7.19977931,763,0.89220371,914.75,0.105681231,1099.190488,0.982743008,10401,4.191986397,1094.10845,4.630096044,261
"KCAE20100626_103335",2603.98,"2010","06","26",0.52734375,1783.8,0.21821924,2270.134757,1.563563468,10403,3.719583135,2265.226129,5.364934982,609,0.878899392,820.18,0.091271791,950.4131567,1.096890324,10413,4.092251378,945.3100683,6.166418919,231
"KCAE20100626_103811",2508.43,"2010","06","26",0.527533825,1500.81,0.182191797,1895.523454,1.421960871,10404,3.773573247,1890.560197,5.337745057,501,0.921462159,1007.62,0.10674484,1109.932847,1.189911617,10398,5.186987114,1104.828255,6.554831099,213
"KCAE20100626_104247",1276.59,"2010","06","26",0.52734375,830.56,0.106429246,1107.502733,0.785315597,10406,2.819650492,1102.483342,2.963983878,391,0.892783523,446.03,0.047510809,494.4449872,0.621542301,10407,3.678915711,489.2957896,4.122557196,133
"KCAE20100626_104724",984.79,"2010","06","26",0.52742291,486.7,0.064192652,668.18131,0.604930329,10409,2.420079479,663.1017773,2.868830607,274,0.893732829,498.09,0.052492345,546.0253729,0.722753717,10402,3.948034204,540.8806859,4.94561974,137
"KCAE20100626_105200",862.18,"2010","06","26",0.52734375,479,0.064014962,666.139697,0.540538987,10406,2.572191237,661.0531478,2.323826214,257,0.887238376,383.18,0.038425983,399.8607794,0.565314068,10406,3.688776188,394.6990521,4.216584336,107
"KCAE20100627_100330",6090.6,"2010","06","27",0.532938845,6081.23,0.719248789,7480.906659,5.073689897,10401,7.498689563,7476.193495,14.76180353,997,1.528557906,9.37,0.001758204,18.29235133,0.027490887,10404,0.523621161,13.09052903,0.207879401,25
"KCAE20100627_101309",4270.73,"2010","06","27",0.523920023,4265.44,0.605286083,6299.81755,2.286760189,10408,3.397479705,6295.529894,4.460366022,1853,1.542739362,5.29,0.000682793,7.101728799,0.013800653,10401,0.944941378,1.889882756,0.444040479,2
"KCAE20100627_102247",3806.55,"2010","06","27",0.524305608,3795.79,0.539389931,5609.655283,1.801969949,10400,2.697538211,5605.484402,3.230163661,2078,1.528934185,10.76,0.001498808,15.59059571,0.027118057,10402,0.692317594,10.38476391,0.185161006,15
"KCAE20100627_103227",6500.42,"2010","06","27",0.52439227,6304.68,0.840842327,8746.441883,3.683047478,10402,3.412378054,8742.512575,6.805420415,2562,1.543966041,195.74,0.027140984,282.4290838,0.723572983,10406,3.465672805,277.2538244,7.54263101,80
"KCAE20100627_104205",13196.53,"2010","06","27",0.518609904,8538.38,1.115896939,11612.02354,6.260930704,10406,3.927026285,11608.2897,11.26875187,2956,1.532228533,4658.15,0.612952941,6378.388308,15.02719301,10406,30.78877633,6373.2767,102.3345278,207
"KCAE20100627_105144",28146.13,"2010","06","27",0.518513958,21560.56,2.549383367,26475.34627,20.05328807,10385,6.946221849,26472.05146,32.641287,3811,1.538203501,6585.57,0.83262043,8636.771717,22.34520372,10373,38.02505142,8631.686672,146.6105964,227
"KCAE20100627_110124",37167.95,"2010","06","27",0.52343869,24428.12,2.96038482,30678.46789,27.6591854,10363,7.686112334,30675.27432,44.16389187,3991,1.527591368,12739.83,1.567540234,16231.87912,34.20397456,10355,83.2142926,16226.78706,235.8185031,195
"KCAE20100627_111102",38062.08,"2010","06","27",0.52394785,31204.44,3.418436265,35339.79411,24.13074085,10338,9.697156741,35336.43917,39.89177993,3644,1.528875263,6857.64,0.799199177,8267.71549,21.64801491,10345,45.90344957,8262.620922,158.1121378,180
"KCAE20100627_112041",22450.97,"2010","06","27",0.493740041,17324.06,2.047576713,21196.51414,24.00803599,10352,9.315369692,21192.46605,50.55607737,2275,0.878092389,5126.91,0.585732163,6060.570687,16.62175542,10347,16.636174,6055.567335,87.2163606,364
"KCAE20100627_112458",21839.72,"2010","06","27",0.527443944,16081.44,1.874189096,19420.34741,23.24038386,10362,9.402512862,19416.18906,51.38570391,2065,0.871792457,5758.28,0.6462695,6692.120669,20.14289667,10355,26.12132492,6687.059179,125.7236866,256
"KCAE20100627_112915",23480.81,"2010","06","27",0.527661987,13292.37,1.525155099,15821.95899,22.08856372,10374,9.935651738,15817.55757,55.65454245,1592,0.886308814,10188.44,1.089519549,11305.94436,25.73458362,10377,61.75319811,11300.83525,184.3634182,183
"KCAE20100627_113332",8237.57,"2010","06","27",0.527391392,6774.08,0.861096696,8935.600415,5.367817045,10377,5.3004416,8931.244096,12.40937063,1685,0.879157672,1463.49,0.168385654,1747.506317,5.306462633,10378,8.981454772,1742.402226,37.87395062,194
"KCAE20100627_113749",18570.84,"2010","06","27",0.483398438,11529.84,1.343497018,13961.62101,17.08734415,10392,6.808507369,13957.44011,37.99299015,2050,0.878105946,7041,0.799169481,8299.375063,21.64094036,10385,36.86348,8294.283001,142.7413104,225
"KCAE20100627_114204",25453.24,"2010","06","27",0.52750242,12733.49,1.532822418,15919.89363,23.03577271,10386,10.69585623,15915.43407,60.06575888,1488,0.890588798,12719.75,1.40619175,14622.988,29.31888615,10399,59.90941987,14617.89845,182.3814051,244
"KCAE20100627_114621",25308.69,"2010","06","27",0.527352199,12553.51,1.667033342,17340.48083,23.11502405,10402,10.80129089,17336.07188,58.01665106,1605,0.875901483,12755.18,1.595590782,16600.5265,26.16670421,10404,59.91137536,16595.45097,149.3358255,277
"KCAE20100627_115037",26435.38,"2010","06","27",0.527364867,15215.87,2.13916782,22258.04117,30.15073135,10405,15.0667343,22253.56657,78.82200981,1477,0.897581104,11219.51,1.613290927,16760.47945,33.2994799,10389,85.92497612,16755.37034,228.2398384,195
"KCAE20100627_115452",18261.46,"2010","06","27",0.52734375,11869.54,1.710172967,17736.20384,24.863583,10371,10.87174952,17731.82346,61.9135891,1631,0.895183234,6391.92,0.900571446,9331.721326,18.81894595,10362,34.28920716,9326.664347,111.3151232,272
"KCAE20100627_115908",13464.95,"2010","06","27",0.527415455,8513.36,1.12732704,11658.81625,15.87558126,10342,9.451947227,11654.25093,45.13033394,1233,0.875117274,4951.59,0.739569539,7642.711613,22.3016462,10334,41.50882914,7637.624563,162.4249253,184
"KCAE20100627_120325",21038.42,"2010","06","27",0.52734375,10839.43,1.50705514,15561.85137,25.83868122,10326,14.41818062,15557.21689,78.79250154,1079,0.895112173,10198.99,1.521217674,15730.91196,30.45436712,10341,119.1348132,15725.79534,243.0792365,132
"KCAE20100627_120741",18966.62,"2010","06","27",0.52734375,8382.3,1.176858302,12142.82395,24.6879402,10318,12.39851212,12138.14337,79.31164164,979,0.875876803,10584.32,1.512482282,15640.57928,31.9694286,10341,127.1175459,15635.45815,265.5654925,123
"KCAE20100627_121158",26737,"2010","06","27",0.527550819,14847.03,2.110480247,21835.02864,36.44927928,10346,22.69264605,21830.3255,117.618335,962,0.879730331,11889.97,1.68641478,17457.7658,32.21374066,10352,178.0880268,17452.62663,281.0662609,98
"KCAE20100627_121613",23262.32,"2010","06","27",0.52734375,11853.93,1.680906149,17388.97412,29.93892146,10345,15.20941574,17384.36219,88.95459222,1143,0.890770975,11408.39,1.573824507,16298.52659,30.35515528,10356,162.9338642,16293.38642,264.2383894,100
"KCAE20100627_122030",15047.35,"2010","06","27",0.52734375,9123.66,1.2490487,12926.40499,23.17525651,10349,15.49356858,12921.6362,80.31881842,834,0.893979946,5923.69,0.807853852,8362.09522,21.24765472,10351,116.06866,8356.943517,228.5723116,72
"KCAE20100627_122446",20393.52,"2010","06","27",0.527367619,10832.82,1.47615361,15287.04678,29.71724654,10356,30.08289585,15282.11109,131.0516485,508,0.892292689,9560.7,1.285033335,13314.23039,25.74241247,10361,131.7731505,13309.0882,226.4643149,101
"KCAE20100627_123001",23163.67,"2010","06","27",0.535589592,9560.54,1.260658185,13064.20077,28.25345248,10363,57.78371787,13059.12024,182.9803873,226,0.890059054,13603.13,1.786468958,18509.60487,33.37544107,10361,174.5704264,18504.4652,281.8805277,106
"KCAE20100627_123417",29767.16,"2010","06","27",0.493700172,11967.27,1.539034243,15967.48027,32.98876662,10375,66.23403004,15962.40124,206.7296577,241,0.877918263,17799.89,2.303870121,23927.99508,41.10472411,10386,223.5779754,23922.84337,339.9914664,107
"KCAE20100627_123834",22586.84,"2010","06","27",0.52734375,12693.91,1.617140811,16784.30448,29.68713081,10379,83.47862387,16779.2034,197.1400043,201,0.891494486,9892.93,1.24553141,12928.61603,24.65313788,10380,111.40924,12923.47185,206.090492,116
"KCAE20100627_124249",25375.63,"2010","06","27",0.527391301,15794.16,1.982635425,20613.46051,36.29842862,10397,90.38756113,20608.36394,228.7261072,228,0.920883073,9581.47,1.198835668,12458.30026,25.03707388,10392,116.3845379,12453.14555,218.9001857,107
"KCAE20100627_124706",19026.13,"2010","06","27",0.52734375,9455.79,1.170927866,12167.11146,25.79369641,10391,46.59783307,12162.03443,156.4036059,261,0.892838724,9570.34,1.174512799,12204.3625,25.58223948,10391,102.5144059,12199.2143,217.1363045,119
"KCAE20100627_125121",12425.94,"2010","06","27",0.52766045,6626.71,0.808462158,8413.665674,19.09637984,10407,40.2323185,8408.554566,129.0363774,209,0.878218483,5799.23,0.700004398,7284.94577,17.69226712,10407,78.27716694,7279.776525,171.0741955,93
"KCAE20100627_125536",5891.42,"2010","06","27",0.527390213,3193.85,0.387902414,4035.736714,12.94146785,10404,21.5540967,4030.616084,94.38539626,187,0.878476552,2697.57,0.32135431,3344.012951,11.13661633,10406,53.85207533,3338.82867,135.0011415,62
"KCAE20100627_125954",2898.23,"2010","06","27",0.527446697,1195.24,0.146505209,1524.386695,4.121874827,10405,10.33500351,1519.245516,33.23683604,147,0.878708274,1702.99,0.199272548,2073.430867,6.66436141,10405,32.8293268,2068.247588,79.77733826,63
"KCAE20100628_100344",110.68,"2010","06","28",0.484146665,101.94,0.010974261,114.1652323,0.369520325,10403,6.053355716,108.9604029,6.695117184,18,0.921428485,8.74,0.00119833,12.46143714,0.053819685,10399,3.625296737,7.250593475,1.960914017,2
"KCAE20100628_100819",284.33,"2010","06","28",0.527351664,280.27,0.031548379,328.4501744,0.398618375,10411,3.108504208,323.2844376,2.530478566,104,0.920436956,4.06,0.000501187,5.216356728,0,10408,NA,0,NA,0
"KCAE20100628_101254",647.77,"2010","06","28",0.52734375,643.7,0.072703596,756.5536183,0.816802553,10406,3.89344556,751.4349931,4.604796453,193,0.922306149,4.07,0.000501187,5.219363851,0,10414,NA,0,NA,0
"KCAE20100628_101732",680.69,"2010","06","28",0.527441974,656.93,0.074725952,777.2993549,0.694997452,10402,3.431994544,772.1987724,3.294886527,225,0.921751135,23.76,0.00254605,26.49928949,0.08858652,10408,3.040920153,21.28644107,1.683457008,7
"KCAE20100628_102207",868.26,"2010","06","28",0.527351143,726.34,0.081348558,846.1876978,0.778492905,10402,3.447117368,841.0966379,3.780507365,244,0.87801772,141.92,0.014095532,146.7485809,0.293435945,10411,3.077255983,141.5537752,3.206999777,46
"KCAE20100628_102643",1314.61,"2010","06","28",0.52749845,1107.95,0.119479133,1243.060895,1.023119803,10404,3.578092352,1238.019954,4.376604096,346,0.878336991,206.66,0.020339498,211.7748523,0.352451576,10412,3.279175644,206.5880656,3.162641473,63
"KCAE20100628_103118",1382.65,"2010","06","28",0.492714861,1163,0.123409238,1284.443351,1.000848213,10408,3.573760946,1279.406419,4.103315307,358,0.922046243,219.65,0.02115155,220.1664824,0.33576766,10409,3.412399988,214.9811992,2.677413063,63
"KCAE20100628_103553",1343.24,"2010","06","28",0.485776328,1070.66,0.115872329,1205.883331,0.828458019,10407,3.16015244,1200.857927,3.033199722,380,0.918121397,272.58,0.026554887,276.0646035,0.431486296,10396,3.518088992,270.8928524,3.608558196,77
"KCAE20100628_104029",1005.64,"2010","06","28",0.52734375,675.57,0.073719883,766.9079444,0.641045261,10403,3.011149779,761.820894,2.843235323,253,0.894166565,330.07,0.031963735,332.390879,0.404781812,10399,3.087095838,327.2321588,2.589575462,106
"KCAE20100628_104504",655.62,"2010","06","28",0.527501663,494.15,0.055172443,573.8485746,0.47007972,10401,2.284178803,568.7605218,2.038586206,249,0.92106767,161.47,0.016198251,168.5427968,0.245199052,10405,2.722633581,163.3580149,1.763465166,60
"KCAE20100628_104939",701.9,"2010","06","28",0.52734375,484.29,0.057396362,597.3813341,0.511470776,10408,2.457617276,592.2857635,2.32841948,241,0.890887208,217.61,0.023899697,248.6763441,0.295156234,10405,2.155027656,243.5181251,1.860107001,113
"KCAE20100628_105414",466.7,"2010","06","28",0.527697059,349.95,0.045517563,474.1564558,0.396763614,10417,2.021775275,469.0518638,1.756821418,232,0.921212954,116.75,0.013839532,144.0556906,0.220891289,10409,1.876701629,138.8759205,1.847618038,74
"KCAE20100628_105850",516.01,"2010","06","28",0.527378072,385.5,0.049961775,519.752348,0.551553733,10403,2.29754805,514.6507631,3.000701387,224,0.874336626,130.51,0.016470131,171.2399553,0.234753947,10397,1.660792303,166.0792303,1.740521616,100
"KCAE20100628_110325",539.73,"2010","06","28",0.487076033,471.1,0.057832525,601.7474254,0.711972673,10405,2.605446918,596.6473441,4.057754953,229,0.921073291,68.63,0.011977058,124.6452399,0.147797116,10407,1.284688116,119.4759948,0.904754571,93
"KCAE20100628_110800",368.55,"2010","06","28",0.527365917,304.51,0.045669253,475.3255892,0.454382782,10408,2.000966006,470.2270115,2.292187404,235,0.920788989,64.04,0.011128509,115.9145485,0.137370687,10416,1.384178465,110.7342772,0.750946722,80
"KCAE20100628_111236",412.48,"2010","06","28",0.52734375,308.48,0.0420405,437.6836424,0.58873969,10411,2.099849644,432.5690267,3.641444435,206,0.922308364,104,0.013816681,143.9145443,0.223886203,10416,1.671515381,138.7357767,1.887503986,83
"KCAE20100628_111711",296.75,"2010","06","28",0.527424042,249.63,0.039078107,406.3732302,0.399408736,10399,1.966978561,401.2636264,2.088398694,204,0.878446947,47.12,0.008412238,87.52933662,0.13921746,10405,1.419716419,82.34355232,1.224561247,58
"KCAE20100628_112147",291.28,"2010","06","28",0.52734375,192.59,0.030233418,314.6996455,0.297807307,10409,1.758926117,309.5709966,1.489154077,176,0.921896023,98.69,0.012463211,129.7544873,0.180896227,10411,1.519240541,124.5777244,1.374377958,82
"KCAE20100628_112621",136.29,"2010","06","28",0.527560669,81.21,0.015744919,163.8731152,0.184661612,10408,1.442835355,158.711889,1.085603162,110,0.921498205,55.08,0.010572848,109.9893386,0.125889259,10403,1.247828423,104.8175876,0.651392745,84
"KCAE20100628_113056",143.49,"2010","06","28",0.52734375,115.01,0.021049465,219.1670271,0.217154563,10412,1.57365314,214.0168271,1.084451453,136,0.87798078,28.48,0.005980556,62.22768566,0.088664024,10405,1.037098142,57.04039779,0.652660177,55
"KCAE20100628_113531",154.16,"2010","06","28",0.527401795,109.73,0.018927385,197.0340768,0.275497638,10410,1.74428953,191.8718483,2.052250615,110,0.921583909,44.43,0.007516412,78.26839656,0.137078331,10413,1.588534533,73.07258851,1.334613748,46
"KCAE20100628_114007",156.43,"2010","06","28",0.52734375,104.56,0.01389313,144.6552683,0.201314051,10412,1.721944481,139.477503,1.515605551,81,0.921877582,51.87,0.008037855,83.59369091,0.129995335,10400,1.600120446,78.40590186,1.030179124,49
"KCAE20100628_114441",203.72,"2010","06","28",0.52734375,128.62,0.021136646,219.969072,0.225579021,10407,1.678260691,214.8173685,1.169312003,128,0.888036202,75.1,0.01230187,128.0993711,0.174916087,10413,1.661048599,122.9175963,1.260370361,74
"KCAE20100628_114916",156.02,"2010","06","28",0.527351672,102.09,0.017890714,186.08132,0.206432341,10401,1.675209257,180.9225998,1.157794252,108,0.887785958,53.93,0.008773264,91.23317152,0.137391648,10399,1.623545064,86.0478884,1.050390689,53
"KCAE20100628_115352",189.28,"2010","06","28",0.52734375,143.12,0.027053778,281.5216096,0.251339239,10406,1.738276378,276.3859441,1.080544407,159,0.922551225,46.16,0.007128789,74.18930985,0.121334085,10407,1.468021492,68.99701011,1.067645752,47
"KCAE20100628_115827",213.08,"2010","06","28",0.52734375,136.09,0.025563571,265.9122654,0.281818303,10402,2.021423015,260.763569,1.545520773,129,0.918081919,76.99,0.011936287,124.2448085,0.220250693,10409,1.984300363,119.0580218,2.139734875,60
"KCAE20100628_120303",185.24,"2010","06","28",0.527357472,122.77,0.020387284,212.190849,0.241245173,10408,1.916931671,207.0286205,1.411379354,108,0.922700515,62.47,0.008904684,92.61761446,0.133541485,10401,1.533918135,87.43333372,0.965227304,57
"KCAE20100628_120739",161.89,"2010","06","28",0.527393889,130.49,0.023259487,242.084738,0.262741529,10408,1.880408975,236.9315309,1.4927226,126,0.916411902,31.4,0.005407738,56.27292427,0.103423751,10406,1.647519572,51.07310672,0.956635679,31
"KCAE20100628_121214",174.15,"2010","06","28",0.52734375,124.67,0.023407106,243.5743422,0.242594948,10406,1.703065386,238.4291541,1.234971899,140,0.890912805,49.48,0.008939084,92.93965843,0.128889851,10397,1.371263918,87.76089075,0.918844863,64
"KCAE20100628_121649",189.56,"2010","06","28",0.527612842,165.13,0.024929759,259.5437196,0.387629347,10411,2.051516182,254.3880066,2.920013559,124,0.920552798,24.43,0.004228928,43.98930988,0.075645381,10402,1.293033196,38.79099589,0.57362203,30
"KCAE20100628_122127",188.6,"2010","06","28",0.52734375,124.88,0.023690933,246.36201,0.233601273,10399,1.640978493,241.2238384,1.10231721,147,0.88989205,63.72,0.010242533,106.5735543,0.140373359,10405,1.370213364,101.3957889,0.959184954,74
"KCAE20100628_122602",202.52,"2010","06","28",0.527481,148.35,0.025013561,260.2911145,0.260397879,10406,1.904051636,255.1429193,1.304230675,134,0.920839163,54.17,0.008131068,84.56310953,0.142050024,10400,1.497685382,79.37732523,1.327489884,53
"KCAE20100628_123037",202.37,"2010","06","28",0.52734375,142.83,0.026907482,279.9185315,0.272993159,10403,1.831865725,274.7798588,1.369321894,150,0.885876922,59.54,0.010612721,110.4784212,0.141381338,10410,1.403982016,105.2986512,0.910855447,75
"KCAE20100628_123612",196.16,"2010","06","28",0.536738882,123.33,0.024863855,258.708409,0.225618592,10405,1.518426672,253.5772541,0.953730964,167,0.894052994,72.83,0.013440515,139.767912,0.188121085,10399,1.621658609,134.5976645,1.359631252,83
"KCAE20100628_124047",295,"2010","06","28",0.527501618,216.86,0.033556251,349.1192316,0.474819474,10404,2.163424959,343.9845684,3.195052405,159,0.891454665,78.14,0.014997351,156.107429,0.21649227,10409,1.755042711,150.9336732,1.627900497,86
"KCAE20100628_124523",283.31,"2010","06","28",0.527391241,191.64,0.034632261,360.5218352,0.309154787,10410,1.822575424,355.4022076,1.36146047,195,0.922497284,91.67,0.018387303,191.301502,0.343681389,10404,1.842948217,186.13777,2.982017337,101
"KCAE20100628_124959",311.68,"2010","06","28",0.52734375,190.61,0.034754396,361.8280193,0.313578078,10411,1.907507385,356.703881,1.383048613,187,0.918505578,121.07,0.02285466,237.9170154,0.236136865,10410,1.551832229,232.7748344,1.227809011,150
"KCAE20100628_125434",328.4,"2010","06","28",0.52734375,245.86,0.043058119,448.0197293,0.378290552,10405,1.925739779,442.9201492,1.691477109,230,0.891886878,82.54,0.016216695,168.7995827,0.224482201,10409,1.410697091,163.6408625,1.605343587,116
"KCAE20100628_125908",294.03,"2010","06","28",0.527728198,195.28,0.036232852,376.8941258,0.340296994,10402,1.936338563,371.7770041,1.615086426,192,0.919576578,98.75,0.019060994,198.2533987,0.2035784,10401,1.474093174,193.1062058,1.074670262,131
"KCAE20100629_100358",116.26,"2010","06","29",0.52734375,106.96,0.014072244,146.4076221,0.306534336,10404,4.279085129,141.2098093,3.424676478,33,0.893162407,9.3,0.001188833,12.37456156,0.038584499,10409,1.789927099,7.159708397,0.947240319,4
"KCAE20100629_100812",256.85,"2010","06","29",0.52738336,252.79,0.029691479,308.8210758,0.527219128,10401,5.326961317,303.6367951,4.785561219,57,0.878424958,4.06,0.000501187,5.216857915,0,10409,NA,0,NA,0
"KCAE20100629_101226",658.3,"2010","06","29",0.527378046,593.99,0.068297351,711.0437187,1.221202795,10411,6.853179424,705.8774807,10.25931681,103,0.892708029,64.31,0.00753543,78.43629467,0.204785544,10409,3.854155753,73.22895931,2.932899226,19
"KCAE20100629_101641",738.18,"2010","06","29",0.527380713,700.46,0.079858643,830.7694682,1.036129883,10403,5.773617393,825.6272872,6.748348787,143,0.890820606,37.72,0.004320197,44.93005245,0.098337135,10400,2.207040366,39.72672659,0.876937739,18
"KCAE20100629_102055",1784.57,"2010","06","29",0.527422971,1544.81,0.169655891,1764.590927,1.664351587,10401,6.516716291,1759.513399,8.098329168,270,0.892186937,239.76,0.026952556,280.5761095,0.381949685,10410,3.530741577,275.397843,2.681644794,78
"KCAE20100629_102510",2079.4,"2010","06","29",0.52734375,1724.43,0.19335251,1995.011198,1.977037515,10318,7.210066218,1989.978276,9.791218113,276,0.893225521,354.97,0.038566384,400.3190644,0.700591126,10380,5.339916605,395.1538288,6.410234565,74
"KCAE20100629_102927",2801.81,"2010","06","29",0.52734375,1894.17,0.205666234,2139.957169,2.140174653,10405,7.387152799,2134.887159,10.59404193,289,0.884262204,907.64,0.09732783,1013.085384,1.180237365,10409,5.929139577,1007.953728,7.141938248,170
"KCAE20100629_103343",2365.34,"2010","06","29",0.527405477,1401.03,0.151618904,1578.656028,1.738645038,10412,5.871537255,1573.571984,9.174001917,268,0.878405768,964.31,0.103032714,1072.055388,1.221827998,10405,5.556962304,1066.936762,7.131260114,192
"KCAE20100629_103757",1242.46,"2010","06","29",0.527618382,654.71,0.071423462,742.8754292,0.681803345,10401,3.513180143,737.7678301,3.314204042,210,0.889808092,587.75,0.062925978,654.6189481,0.795234514,10403,4.084809976,649.4847861,5.010350887,159
"KCAE20100629_104212",911.28,"2010","06","29",0.527447235,371.17,0.043791128,455.6029001,0.536839879,10404,3.106629105,450.4612203,3.352700842,145,0.892933192,540.11,0.05674457,590.4839982,0.987268247,10406,5.273191672,585.3242756,8.027631784,111
"KCAE20100629_104626",616.13,"2010","06","29",0.52741923,316.43,0.034946962,363.6930303,1.174874409,10407,4.319503293,358.5187733,12.50745975,83,0.878559397,299.7,0.032525931,338.4323095,0.447672427,10405,3.702917369,333.2625632,3.112196746,90
"KCAE20100629_105040",299.45,"2010","06","29",0.52734375,137.95,0.018657903,194.1727958,0.294331873,10407,2.17242004,189.0005435,2.397955772,87,0.891366109,161.5,0.016928157,176.2559752,0.265059583,10412,2.715383944,171.0691885,2.086453404,63
"KCAE20100629_105455",309.88,"2010","06","29",0.52793762,90.34,0.014061342,146.3223279,0.192416103,10406,1.933473427,141.1435602,1.260466397,73,0.921236299,219.54,0.023124891,240.5682436,0.518947173,10403,3.4615952,235.3884736,5.452732679,68
"KCAE20100629_105908",243.21,"2010","06","29",0.527407108,71.33,0.012669884,131.8174728,0.169750051,10404,1.544441685,126.6442181,1.143074616,82,0.893545007,171.88,0.0181779,189.1046906,0.386544104,10403,3.831560351,183.9148968,4.260113659,48
"KCAE20100629_110323",162.62,"2010","06","29",0.527689415,78.14,0.012143863,126.4054723,0.185526152,10409,1.809286476,121.2221939,1.458775157,67,0.87808283,84.48,0.008626573,89.77674576,0.183515763,10407,3.13238601,84.57442228,1.821936375,27
"KCAE20100629_110737",87.5,"2010","06","29",0.527692053,42.81,0.008199647,85.35012393,0.126412759,10409,1.512449603,80.15982894,0.938301545,53,0.886274434,44.69,0.005452835,56.77491303,0.119503204,10412,2.148690835,51.56858004,1.288438466,24
"KCAE20100629_111151",114.61,"2010","06","29",0.52760465,68.24,0.011492828,119.5369065,0.165141603,10401,1.657371594,114.35864,1.184847038,69,0.874553446,46.37,0.005351489,55.65548641,0.111433339,10400,1.940621925,50.45617005,1.12262749,26
"KCAE20100629_111606",125.15,"2010","06","29",0.527795048,67.5,0.010860398,113.0241577,0.20658073,10407,1.659090451,107.8408793,2.040179947,65,0.891672403,57.65,0.006737327,70.07494312,0.165417895,10401,2.162571011,64.87713033,2.234094295,30
"KCAE20100629_112021",90.68,"2010","06","29",0.52734375,34.49,0.007286314,75.85053295,0.120429259,10410,1.472025642,70.65723083,1.005354691,48,0.891816373,56.19,0.006257663,65.11098788,0.19669853,10405,2.995307923,59.90615846,3.429757124,20
"KCAE20100629_112435",61.22,"2010","06","29",0.527436711,45.74,0.009833927,102.2728411,0.177758843,10400,1.517071404,97.09256983,1.701057243,64,0.891603581,15.48,0.002113856,21.98833434,0.051938517,10402,1.398416582,16.78099898,0.649116907,12
"KCAE20100629_112850",49.3,"2010","06","29",0.52734375,37.63,0.007314213,76.14095593,0.106707844,10410,1.33868226,70.95015976,0.68074243,53,0.889576782,11.67,0.002104137,21.88723727,0.053951962,10402,1.389991826,16.67990192,0.805317267,12
"KCAE20100629_113303",64.06,"2010","06","29",0.527735591,55.29,0.011033375,114.7691662,0.174637978,10402,1.635662629,109.5893961,1.452409276,67,0.887717266,8.77,0.001470246,15.30379499,0.033405108,10409,1.009194895,10.09194895,0.401309623,10
"KCAE20100629_113718",83.86,"2010","06","29",0.527369098,65.83,0.013139173,136.6736822,0.159040229,10402,1.529109706,131.5034347,0.866302259,86,0.872877283,18.03,0.002100737,21.86026994,0.077859547,10406,1.664992746,16.64992746,1.983194611,10
"KCAE20100629_114132",53.49,"2010","06","29",0.527736387,48.14,0.010932271,95.89787928,0.128040022,8772,1.326609374,91.53604678,0.586710177,69,0.920154191,5.35,0.000924382,8.254730942,0.020553273,8930,0.945283424,3.781133694,0.260183009,4
"KCAE20100629_114548",75.49,"2010","06","29",0.527357476,67.61,0.012026436,125.1350665,0.178533688,10405,1.817474117,119.9532917,1.330762165,66,0.883476495,7.88,0.001310199,13.63130946,0.033870359,10404,1.202923684,8.420465788,0.550818232,7
"KCAE20100629_115002",52.37,"2010","06","29",0.52734375,44.57,0.008836259,91.93243347,0.129763828,10404,1.422109081,86.74865392,0.936448792,61,0.891143591,7.8,0.001289393,13.42386758,0.033843292,10411,1.172787943,8.209515603,0.620478223,7
"KCAE20100629_115417",57.73,"2010","06","29",0.532071028,47.87,0.009654785,100.4773442,0.187894261,10407,1.944613202,95.28604688,1.952824021,49,1.485928334,9.86,0.001300257,13.52787552,0.039855876,10404,1.663205896,8.316029482,0.822918375,5
"KCAE20100629_120002",45.02,"2010","06","29",0.531815654,38.27,0.007449419,77.53355219,0.130485541,10408,1.764335223,72.33774414,1.119614736,41,1.498275418,6.75,0.00085214,8.863104726,0.025947792,10401,1.825629342,3.651258683,0.584200022,2
"KCAE20100629_120546",49.66,"2010","06","29",0.532489433,35.7,0.006302087,65.55430613,0.120579616,10402,1.775235203,60.35799689,1.16105539,34,1.460631004,13.96,0.001479553,15.39475398,0.055937835,10405,2.03648135,10.18240675,1.720351019,5
"KCAE20100629_121131",25.55,"2010","06","29",0.532060551,21.49,0.003855684,40.10297115,0.073586067,10401,1.342428985,34.9031536,0.620066771,26,1.462156302,4.06,0.000501187,5.214351979,0,10404,NA,0,NA,0
"KCAE20100629_121716",27.59,"2010","06","29",0.532381528,13.19,0.002358316,24.52177236,0.049204583,10398,1.136408687,19.31894769,0.452291742,17,1.463696634,14.4,0.001439078,14.96784543,0.054070419,10401,2.439250441,9.757001763,1.486012943,4
"KCAE20100629_122301",28.74,"2010","06","29",0.532502139,18.46,0.00333073,34.64958869,0.074339287,10403,1.402202992,29.44626283,0.902996203,21,1.461239191,10.28,0.001154633,12.01280424,0.04781183,10404,3.399727318,6.799454637,0.822145117,2
"KCAE20100629_122845",49.48,"2010","06","29",0.536122434,39.08,0.01540023,57.05785256,0.358292577,3705,3.067220846,55.20997523,4.249790969,18,1.507478809,10.4,0.002768199,11.05618602,0.056730674,3994,1.132306713,9.058453702,0.612209744,8
"KCAE20100629_123459",53.14,"2010","06","29",0.532576592,49.08,0.008906106,92.65021948,0.164507984,10403,1.943531602,87.45892211,1.597949075,45,1.457775478,4.06,0.000501187,5.213349604,0,10402,NA,0,NA,0
"KCAE20100629_124144",24.65,"2010","06","29",0.535430321,19.02,0.003322261,34.55151767,0.069615123,10400,1.334099844,29.35019656,0.735248677,22,1.463559689,5.63,0.000744704,7.747905603,0.017677923,10404,1.267277999,2.534555999,0.205428019,2
"KCAE20100629_124730",71.17,"2010","06","29",0.531985801,67.11,0.01086599,113.0497643,0.162905319,10404,1.997453267,107.8624764,1.080285104,54,1.461209112,4.06,0.000501187,5.211344855,0,10398,NA,0,NA,0
"KCAE20100629_125317",50.46,"2010","06","29",0.531682821,45.24,0.006816845,70.89519182,0.137493931,10400,1.932349558,65.69988496,1.457626475,34,1.46001668,5.22,0.000690177,7.179218426,0.014154156,10402,0.983435598,1.966871196,0.389601431,2
"KCAE20100629_125903",107.05,"2010","06","29",0.532462464,67.46,0.010063941,104.675055,0.17651915,10401,2.030342138,99.48676476,1.601512173,49,1.459343722,39.59,0.006666457,69.35781867,0.283353339,10404,9.163853572,64.146975,6.427466259,7
"KCAE20100630_100116",59.61,"2010","06","30",0.527384945,55.55,0.008455567,87.94635178,0.151128356,10401,2.236541819,82.75204729,1.215596898,37,0.873588804,4.06,0.000501187,5.217359102,0,10410,NA,0,NA,0
"KCAE20100630_100531",380.11,"2010","06","30",0.527407114,376.05,0.05110162,531.6101526,0.508441787,10403,3.229926352,526.4779954,2.503985927,163,0.887432566,4.06,0.000501187,5.211846042,0,10399,NA,0,NA,0
"KCAE20100630_100947",736.97,"2010","06","30",0.527350617,732.23,0.090523498,941.3538568,0.767866013,10399,3.367918492,936.2813408,3.325181812,278,0.891700756,4.74,0.000654786,6.813047514,0.011150932,10405,0.799598361,1.599196723,0.129616317,2
"KCAE20100630_101401",1344.68,"2010","06","30",0.527380709,1310.85,0.157087474,1634.338082,1.064223346,10404,3.711489183,1629.343751,3.698567964,439,0.889252008,33.83,0.005382228,55.98593473,0.098936224,10402,1.451146477,50.79012668,0.914004038,35
"KCAE20100630_101816",1655.92,"2010","06","30",0.531949983,1651.86,0.198314711,2063.464569,1.202767841,10405,3.611465601,2058.535393,3.75568339,570,1.494256232,4.06,0.000501187,5.215354353,0,10406,NA,0,NA,0
"KCAE20100630_102400",1159.19,"2010","06","30",0.531868681,1155.13,0.139429093,1450.75971,0.845955175,10405,2.885820262,1445.795951,2.636470586,501,1.498765947,4.06,0.000501187,5.215354353,0,10406,NA,0,NA,0
"KCAE20100630_102944",664.21,"2010","06","30",0.531710924,660.15,0.080936123,841.8166171,0.577018027,10401,2.411463057,836.7776806,2.091097524,347,1.479914915,4.06,0.000501187,5.21234723,0,10400,NA,0,NA,0
"KCAE20100630_103528",411.92,"2010","06","30",0.532060924,407.86,0.060883172,633.5502893,0.396486092,10406,1.77045875,628.5128564,1.259419474,355,1.464274581,4.06,0.000501187,5.214351979,0,10404,NA,0,NA,0
"KCAE20100630_104111",178.03,"2010","06","30",0.532071187,167.79,0.025480367,265.0467744,0.265513786,10402,1.721252345,259.9091041,1.3967271,151,1.462853611,10.24,0.001388795,14.45041318,0.035968123,10405,1.319866904,9.239068329,0.462390961,7
"KCAE20100630_104655",207.63,"2010","06","30",0.532517483,203.57,0.035411233,368.4184678,0.301730741,10404,1.65896747,363.3138758,1.280448955,219,1.502042923,4.06,0.000501187,5.213349604,0,10402,NA,0,NA,0
"KCAE20100630_105240",92.52,"2010","06","30",0.532212007,85.87,0.015290862,159.0096726,0.162295849,10399,1.326344519,153.8559642,0.792604522,116,1.500012318,6.65,0.000792989,8.251055613,0.021351944,10405,1.518602411,3.037204822,0.367238734,2
"KCAE20100630_105825",71.56,"2010","06","30",0.532307923,67.5,0.013787651,143.4605131,0.152861607,10405,1.280553594,138.2997882,0.797085528,108,1.498317647,4.06,0.000501187,5.214853166,0,10405,NA,0,NA,0
"KCAE20100630_110409",93.4,"2010","06","30",0.532177523,88.72,0.015309557,159.2959394,0.169506624,10405,1.427177912,154.1352145,0.872158534,108,1.499353822,4.68,0.000673639,7.005171903,0.012516002,10399,0.897164117,1.794328235,0.1454319,2
"KCAE20100630_110953",106.16,"2010","06","30",0.532151457,102.1,0.018140352,188.6959374,0.185701035,10402,1.492229543,183.5442338,0.850301193,123,1.471446948,4.06,0.000501187,5.21585554,0,10407,NA,0,NA,0
"KCAE20100630_111538",123.99,"2010","06","30",0.532296733,119.93,0.021182113,220.3575184,0.218122639,10403,1.505002359,215.2153374,1.112244512,143,1.497033959,4.06,0.000501187,5.215354353,0,10406,NA,0,NA,0
"KCAE20100630_112123",83.68,"2010","06","30",0.531883991,79.62,0.013546457,140.950884,0.174283146,10405,1.508679308,135.7811377,1.127162566,90,1.480784997,4.06,0.000501187,5.213850791,0,10403,NA,0,NA,0
"KCAE20100630_112707",70.3,"2010","06","30",0.532011672,66.24,0.01340607,139.4767548,0.154513188,10404,1.356687074,134.3120204,0.833069502,99,1.502244653,4.06,0.000501187,5.213349604,0,10402,NA,0,NA,0
"KCAE20100630_113254",107.79,"2010","06","30",0.532147431,103.73,0.020500021,213.3027169,0.18630805,10405,1.406500267,208.1620395,0.703345662,148,1.499211888,4.06,0.000501187,5.213850791,0,10403,NA,0,NA,0
"KCAE20100630_113839",93.39,"2010","06","30",0.532358375,88.03,0.01785729,185.71582,0.173975369,10400,1.410684569,180.5676248,0.706220018,128,1.46912067,5.36,0.000837977,8.717472559,0.018268599,10403,0.876406629,3.505626516,0.366933154,4
"KCAE20100630_114424",117.98,"2010","06","30",0.53254655,113.54,0.021949214,228.3815715,0.207618974,10405,1.518642128,223.2403929,0.885418466,147,1.497535016,4.44,0.00060475,6.286981043,0.007574813,10396,0.538820468,1.077640937,0.13030122,2
"KCAE20100630_115009",186.75,"2010","06","30",0.531871756,180.05,0.036332538,378.0037215,0.287886198,10404,1.534613819,372.911158,1.120141142,243,1.502148013,6.7,0.001051487,10.93756671,0.02360235,10402,0.818246487,5.727725412,0.431333774,7
"KCAE20100630_115603",172.3,"2010","06","30",0.532358123,167.44,0.033773001,351.4418458,0.283573722,10406,1.449147595,346.3462752,1.206892098,239,1.478626912,4.86,0.000723522,7.526801089,0.014023145,10403,0.77148462,2.31445386,0.362495875,3
"KCAE20100630_120148",160.09,"2010","06","30",0.531849391,153.7,0.030125711,313.3676487,0.231569763,10402,1.420567082,308.2630567,0.773635336,217,1.510027888,6.39,0.000989195,10.2945505,0.026181426,10407,1.270174928,5.080699711,0.478596194,4
"KCAE20100630_120733",308,"2010","06","30",0.532107696,296.87,0.058424242,607.7873858,0.35139775,10403,1.529875642,602.7710028,1.006069656,394,1.46520975,11.13,0.001858975,19.33519423,0.051049939,10401,1.569650722,14.12685649,0.787599505,9
"KCAE20100630_121318",326.64,"2010","06","30",0.532399784,320.25,0.061257617,637.3855095,0.350846918,10405,1.546150714,632.3756419,0.91549777,409,1.501573267,6.39,0.000926282,9.636114194,0.02562786,10403,1.106067038,4.424268152,0.805124625,4
"KCAE20100630_121903",327.69,"2010","06","30",0.532035123,323.29,0.065515876,681.365112,0.355056287,10400,1.473600893,676.3828097,0.885187434,459,1.502035366,4.4,0.000592189,6.161721617,0.006574325,10405,0.473935413,0.947870826,0.038539894,2
"KCAE20100630_122448",489.89,"2010","06","30",0.532066435,481.69,0.095050104,988.7111793,0.46529496,10402,1.618096302,983.8025515,1.114453218,608,1.460199304,8.2,0.001317087,13.69901784,0.037079814,10401,1.414862757,8.489176544,0.67874925,6
"KCAE20100630_123034",395.85,"2010","06","30",0.532011672,391.43,0.080613891,838.70692,0.413694368,10404,1.591135859,833.7551901,0.998461631,524,1.47910559,4.42,0.000597284,6.21234723,0.009800421,10401,1,1,NA,1
"KCAE20100630_123619",544.63,"2010","06","30",0.53225813,497.53,0.103393738,1075.50166,0.463688425,10402,1.629554932,1070.61759,0.95863761,657,1.499647519,47.1,0.006861115,71.36931434,0.276202611,10402,6.0146798,66.1614778,6.292989946,11
"KCAE20100630_124204",1063.01,"2010","06","30",0.531912144,602.19,0.116027049,1206.797333,0.846337939,10401,1.913852277,1201.89923,2.904419809,628,1.477804717,460.82,0.071011954,738.950398,2.361801479,10406,13.84455861,733.7616066,30.36130552,53
"KCAE20100630_124750",2881.42,"2010","06","30",0.532030975,936.78,0.163190501,1697.344404,1.572539164,10401,2.716603203,1692.443796,5.865211048,623,1.462512165,1944.64,0.301890644,3140.87026,6.831332004,10404,31.35706026,3135.706026,62.61147501,100
"KCAE20100630_125336",4952.68,"2010","06","30",0.532424597,2129.47,0.357661109,3721.463844,4.212676644,10405,4.209163691,3716.691539,13.89639943,883,1.46411594,2823.21,0.458010342,4764.681585,6.431768152,10403,23.67944514,4759.568473,39.98653135,201
"KCAE20100630_125924",4282.21,"2010","06","30",0.531920683,2009.21,0.335510344,3489.978598,3.423556468,10402,4.229585227,3485.178227,11.47332838,824,1.479107036,2273,0.372842874,3878.31158,5.840984849,10402,13.93250921,3873.237561,33.03723307,278
"KCAE20100701_100324",485403.67,"2010","07","01",0.532156803,225262.1,34.43798996,329330.498,136.0497183,9563,175.2669754,329326.6469,263.7178694,1879,1.498579464,260141.57,38.8772185,372093.8583,147.5070051,9571,157.3320282,372090.2467,263.5108452,2365
"KCAE20100701_101005",552473.48,"2010","07","01",0.538096055,253438.23,36.62467307,347311.7747,146.4775809,9483,183.1793102,347307.9722,283.7213313,1896,1.476333077,299035.25,42.85683254,409839.8896,157.7273788,9563,165.3899672,409836.3387,275.2503536,2478
"KCAE20100701_101550",629849.18,"2010","07","01",0.531438117,287665.03,40.06590897,379664.5534,152.5652224,9476,176.7508755,379660.8807,280.2684405,2148,1.457689256,342184.15,46.32918531,446335.3713,163.7892672,9634,171.139513,446331.85,278.8525849,2608
"KCAE20100701_102136",715511.01,"2010","07","01",0.531440435,315814.88,42.21149171,399996.0954,160.0336598,9476,177.1445872,399992.4779,289.140321,2258,1.502261955,399696.13,50.63443072,495609.8079,170.8015911,9788,176.5608511,495606.3091,281.9771579,2807
"KCAE20100701_102723",726328.28,"2010","07","01",0.531734954,350261.85,45.01634019,431076.4737,167.4818079,9576,186.6924346,431072.8316,299.8466479,2309,1.500814463,376066.43,47.9128573,469018.9601,166.626633,9789,170.4890704,469015.4328,279.1339342,2751
"KCAE20100701_103308",646658.63,"2010","07","01",0.531657762,315381.52,40.65079914,389922.4654,157.5374272,9592,172.2256151,389918.7927,287.2504291,2264,1.459443881,331277.11,41.85997499,409139.3955,150.1924093,9774,153.0051747,409135.8371,255.8581515,2674
"KCAE20100701_103919",622442.25,"2010","07","01",0.530911633,316186.37,39.42949629,380810.0751,152.8260838,9658,160.0699567,380806.427,274.8243239,2379,1.478315161,306255.88,38.50278782,377712.3485,143.2242603,9810,141.4109961,377708.7705,246.583147,2671
"KCAE20100701_104506",620725.53,"2010","07","01",0.531765722,332556.48,40.28012068,393496.4989,153.1008079,9769,154.3109336,393492.8808,268.7389432,2550,1.501585016,288169.05,34.67621861,343433.2692,135.0391259,9904,124.7927633,343429.6847,233.2254773,2752
"KCAE20100701_105052",587365.41,"2010","07","01",0.532128679,314056.92,37.23535273,364757.5153,146.3445954,9796,149.0616396,364753.8321,262.8450267,2447,1.500233154,273308.49,32.4852444,323033.2703,131.8740675,9944,118.9796123,323029.6473,231.1232188,2715
"KCAE20100701_105637",567579.26,"2010","07","01",0.531665619,294009.31,34.0995436,336153.3008,137.4068459,9858,134.5136505,336149.6125,246.9610685,2499,1.464858051,273569.95,32.4153855,323732.455,133.3978286,9987,119.0179459,323728.8128,234.6149029,2720
"KCAE20100701_110223",490459.05,"2010","07","01",0.532029833,246102.17,29.82408165,294333.8618,127.3215792,9869,122.0274148,294330.1245,234.719592,2412,1.467588234,244356.88,29.58012736,296895.7383,127.1098103,10037,108.7516762,296892.0761,225.3984624,2730
"KCAE20100701_110808",488877.57,"2010","07","01",0.531884115,238704.95,28.46374038,281762.566,125.8088902,9899,115.0505644,281758.8322,232.4456407,2449,1.471669734,250172.62,29.90195741,300335.2603,131.0875218,10044,109.9712908,300331.5951,233.2530359,2731
"KCAE20100701_111354",437059.78,"2010","07","01",0.531685907,223761.73,27.21286832,270006.0795,122.7863561,9922,108.6091523,270002.3526,226.5982921,2486,1.501664378,213298.05,25.68984195,260263.7888,116.3594056,10131,95.78950056,260260.073,209.2408629,2717
"KCAE20100701_111940",441564.83,"2010","07","01",0.532270377,237087.63,28.51789043,285635.1905,125.2038486,10016,113.435835,285631.4326,229.646262,2518,1.47250128,204477.2,23.92949388,243721.8952,109.3759353,10185,90.33289208,243718.1428,197.9207254,2698
"KCAE20100701_112525",450708.51,"2010","07","01",0.532711241,250884.48,29.4820427,297680.1852,130.0481214,10097,115.5127731,297676.4162,237.3667751,2577,1.469538845,199824.03,22.32173768,228619.2373,101.4999235,10242,80.84000052,228615.5215,180.5222574,2828
"KCAE20100701_113110",398728.99,"2010","07","01",0.532074922,224371.53,25.39314229,257562.6422,113.5525496,10143,95.00513368,257558.9174,204.0581772,2711,1.463937578,174357.46,18.63273938,191451.3971,88.92265305,10275,69.66798568,191447.6247,161.2975904,2748
"KCAE20100701_113656",335174.7,"2010","07","01",0.531471014,204652.63,22.1175642,226019.3886,101.6094611,10219,79.63907306,226015.6893,180.5631747,2838,1.502138182,130522.07,13.53391987,139670.0531,76.47901954,10320,53.80053233,139666.1819,145.2290949,2596
"KCAE20100701_114243",315396.85,"2010","07","01",0.53221689,196023.82,20.31094791,208918.4102,101.2813951,10286,70.62702419,208914.7375,179.2320278,2958,1.457363312,119373.03,12.22377753,126369.4122,67.59847367,10338,48.47162926,126365.5375,127.9375389,2607
"KCAE20100701_114829",238914.23,"2010","07","01",0.532395399,155846.89,15.64464084,161749.9416,83.3005196,10339,55.09067824,161746.2313,149.2228019,2936,1.493181661,83067.34,8.292196292,86164.21167,52.04067796,10391,35.29710251,86160.22723,102.8523858,2441
"KCAE20100701_115413",152085,"2010","07","01",0.53170195,108796.39,10.78622509,111874.7266,61.97276453,10372,37.79426075,111871.0118,111.5344003,2960,1.475685137,43288.61,4.89668192,50910.80192,23.91081408,10397,22.36675386,50906.73178,47.13483053,2276
"KCAE20100701_115958",82527.05,"2010","07","01",0.531452926,53904.1,5.705231838,59328.70589,32.61541563,10399,21.27102612,59324.89185,60.30058216,2789,1.460016792,28622.95,3.627165314,37733.40077,18.55188759,10403,18.18275994,37729.22688,38.22815392,2075
"KCAE20100701_120543",67637.37,"2010","07","01",0.532118464,39762.34,4.403372809,45821.49745,29.57435741,10406,16.24165046,45817.69595,55.08945193,2821,1.460493543,27875.03,3.642463745,37888.90787,17.97267278,10402,19.62935845,37884.66181,37.78507908,1930
"KCAE20100701_121128",64119.33,"2010","07","01",0.531765116,37188.38,4.325958465,44985.64207,33.68477548,10399,16.43471026,44981.80198,64.13385022,2737,1.496367583,26930.95,3.577719527,37197.54992,20.51451061,10397,20.97756778,37193.22768,45.86739324,1773
"KCAE20100701_121715",53365.14,"2010","07","01",0.531895862,29076.32,3.571715845,37152.98822,22.33821375,10402,14.3488113,37149.07244,43.0202054,2589,1.473120364,24288.82,3.213963307,33441.28821,16.27389638,10405,20.48829124,33436.8913,36.5411888,1632
"KCAE20100701_122300",59435.91,"2010","07","01",0.531361375,32417.25,3.952820889,41144.91264,26.56773879,10409,15.72067535,41141.00739,51.21724039,2617,1.494844037,27018.66,3.440782802,35791.0227,21.98384558,10402,21.64950866,35786.63782,51.46215464,1653
"KCAE20100701_122846",60275.15,"2010","07","01",0.532124202,34309.4,4.088967026,42545.7019,29.92163996,10405,17.69621128,42541.69191,60.29435914,2404,1.495052191,25965.75,3.200907158,33292.63535,17.6442702,10401,20.4473209,33288.23843,40.46170351,1628
"KCAE20100701_123431",63901.84,"2010","07","01",0.532038216,33996.99,3.950905883,41085.47028,28.8540519,10399,17.3485833,41081.44525,58.52193113,2368,1.477909838,29904.85,3.511063473,36525.59331,16.90668277,10403,20.86928945,36521.25654,36.57222828,1750
"KCAE20100701_124017",66719.81,"2010","07","01",0.532014919,36535.34,4.045007739,42088.30552,25.31737741,10405,18.32937343,42084.24139,51.41788068,2296,1.498351875,30184.47,3.480045573,36192.47396,17.76822541,10400,21.27461148,36188.11413,39.4008805,1701
"KCAE20100701_124602",91143.21,"2010","07","01",0.532550636,53657.5,5.774177815,60051.44928,37.96734115,10400,26.22156535,60047.38465,77.54018488,2290,1.498573186,37485.71,4.185102939,43525.07057,24.87973371,10400,25.17103804,43520.72478,56.5382943,1729
"KCAE20100701_125148",106807.14,"2010","07","01",0.531957395,63342.17,6.457624857,67152.84088,36.9765478,10399,29.09392798,67148.78578,74.18637798,2308,1.500947693,43464.97,4.73497722,49272.17295,28.88214021,10406,27.50857354,49267.85522,64.97802174,1791
"KCAE20100701_125734",144032.08,"2010","07","01",0.53180579,84794.07,8.432011804,87684.49075,48.34278384,10399,39.76434649,87680.38402,98.88944779,2205,1.45778722,59238.01,6.32844801,65841.1731,33.0801358,10404,36.8215072,65836.85487,72.43627961,1788
"KCAE20100702_100033",2864.2,"2010","07","02",0.532130537,2762.33,0.368360836,3832.794499,1.190064752,10405,2.37787985,3828.386558,2.092205446,1610,1.480422498,101.87,0.02345045,243.9784845,0.129772257,10404,0.665582336,238.9440587,0.247203244,359
"KCAE20100702_100618",6262.75,"2010","07","02",0.532202092,6124.33,0.870668979,9055.82805,2.121533009,10401,2.793900941,9052.239049,3.01293658,3240,1.461234977,138.42,0.031907744,331.9043533,0.148243175,10402,0.668580949,326.9360842,0.205345437,489
"KCAE20100702_101204",13300.2,"2010","07","02",0.532167557,13132.33,1.917950779,19958.19581,4.005225219,10406,4.005515329,19955.47737,5.014776332,4982,1.460129893,167.87,0.039424707,410.1746545,0.170631262,10404,0.708473744,405.2469816,0.236529674,572
"KCAE20100702_101848",23994.24,"2010","07","02",0.535460728,23824.72,3.520487523,36623.6317,6.692711504,10403,5.830531095,36621.56581,7.79249467,6281,1.49938242,169.52,0.039080238,406.5126356,0.168768233,10402,0.708260069,401.5834592,0.221253046,567
"KCAE20100702_102433",34241.85,"2010","07","02",0.53250174,33965.37,4.803745992,49992.58454,10.36554245,10407,7.428044825,49990.74167,12.11038891,6730,1.496072212,276.48,0.061598477,640.6241645,0.234553725,10400,0.805839359,635.807254,0.354818557,789
"KCAE20100702_103035",38944.16,"2010","07","02",0.532672135,38336.45,5.264810004,54759.28886,9.496243641,10401,7.563218868,54757.7046,10.59111225,7240,1.464301796,607.71,0.123294548,1281.77012,0.376780869,10396,0.968325127,1277.220843,0.548817114,1319
"KCAE20100702_103619",37274.12,"2010","07","02",0.524587134,36382.04,5.003150553,52042.77205,11.92691203,10402,7.44720392,52041.06099,13.91242353,6988,1.46087233,892.08,0.175600186,1827.471134,0.491197898,10407,1.117079177,1823.073216,0.698204972,1632
"KCAE20100702_104205",32673.83,"2010","07","02",0.532218055,31573.97,4.411461386,45892.4328,8.61609317,10403,6.737723173,45890.63253,9.885305771,6811,1.463186788,1099.86,0.205590851,2138.556035,0.554134079,10402,1.199682011,2134.234298,0.776859347,1779
"KCAE20100702_104749",26973.6,"2010","07","02",0.531860762,25931.69,3.606422738,37524.82858,6.192973052,10405,5.707774344,37522.90854,6.97937486,6574,1.494549932,1041.91,0.195206399,2030.341757,0.519614879,10401,1.146584328,2026.014507,0.706439051,1767
"KCAE20100702_105334",25237.1,"2010","07","02",0.531929839,24588.84,3.355936794,34895.03079,6.146528788,10398,5.372297868,34893.07466,7.046485128,6495,1.480105765,648.26,0.125846544,1309.559139,0.381496008,10406,0.987892394,1305.005853,0.54350941,1321
"KCAE20100702_105920",27264.69,"2010","07","02",0.531729621,26396.82,3.582310948,37266.78079,5.611665324,10403,5.693635938,37264.84721,6.167188499,6545,1.501148726,867.87,0.15677122,1630.890997,0.482139598,10403,1.158390892,1626.380813,0.750254917,1404
"KCAE20100702_110506",25638.67,"2010","07","02",0.532347414,24896.6,3.384935051,35250.71362,9.105686985,10414,5.688928278,35248.59961,11.23649411,6196,1.460311353,742.07,0.139226206,1448.230992,0.454227391,10402,1.13494902,1443.655153,0.746939717,1272
"KCAE20100702_111051",22411.58,"2010","07","02",0.531323324,21864.8,3.111993925,32380.29679,5.413704573,10405,5.343805683,32378.11863,6.197308695,6059,1.498963054,546.78,0.1074733,1117.829795,0.409758229,10401,1.132359729,1113.109614,0.78547972,983
"KCAE20100702_111636",21964.83,"2010","07","02",0.531978244,21295.29,3.046200457,31686.57715,5.181834561,10402,5.22844901,31684.401,5.88923589,6060,1.496654607,669.54,0.132104807,1374.286302,0.503348687,10403,1.257684338,1369.618244,1.002959665,1089
"KCAE20100702_112222",19837.65,"2010","07","02",0.532378974,19121.33,2.609585985,27139.69425,5.564242078,10400,4.627800283,27137.42086,6.750822652,5864,1.458476234,716.32,0.147646579,1536.4103,0.560053726,10406,1.310334331,1531.780833,1.126932329,1169
"KCAE20100702_112807",22006.27,"2010","07","02",0.532204387,21190.82,2.833001936,29474.55214,6.04030353,10404,4.941704707,29472.32687,7.295931381,5964,1.495296275,815.45,0.173294558,1803.129879,0.650084834,10405,1.516449776,1798.509434,1.293266731,1186
"KCAE20100702_113353",21975.6,"2010","07","02",0.532015738,21047.72,2.745953447,28563.40776,4.812585022,10402,4.822891327,28561.16244,5.537846342,5922,1.500324461,927.88,0.200970459,2090.695687,0.725837641,10403,1.515012325,2086.171971,1.411070782,1377
"KCAE20100702_113938",23882.84,"2010","07","02",0.531477879,22743.17,3.002868577,31241.84468,6.4032922,10404,5.243305874,31239.6164,7.736660234,5958,1.498202144,1139.67,0.233579364,2429.692544,0.723713824,10402,1.520550839,2425.278588,1.208348696,1595
"KCAE20100702_114524",26259.96,"2010","07","02",0.531803149,25248.74,3.250851786,33805.60773,9.288736647,10399,5.616117715,33803.41253,11.65300237,6019,1.466877101,1011.22,0.211172809,2196.19721,0.623411074,10400,1.430647965,2191.752682,0.945832059,1532
"KCAE20100702_115110",23176.4,"2010","07","02",0.532014391,22290.81,2.890716196,30077.90202,6.72288419,10405,5.083781642,30075.65219,8.267301126,5916,1.471221472,885.59,0.192580842,2003.996241,0.590606127,10406,1.3285948,1999.535174,0.950497948,1505
"KCAE20100702_115656",23545.29,"2010","07","02",0.531526579,22586.44,2.843338055,29584.93247,6.20348669,10405,4.929632601,29582.72524,7.512963235,6001,1.502231757,958.85,0.203575101,2118.198926,0.595898904,10405,1.293637095,2113.803013,0.922976756,1634
"KCAE20100702_120241",20629.67,"2010","07","02",0.531845166,19689.29,2.505791572,26065.24394,3.660331486,10402,4.322947793,26063.05224,3.906626834,6029,1.502097025,940.38,0.200748493,2087.98508,0.686072959,10401,1.452922548,2083.490934,1.263378135,1434
"KCAE20100702_120825",19732.96,"2010","07","02",0.531847754,18954.15,2.432791255,25318.05859,3.478851148,10407,4.201802886,25315.86239,3.670503466,6025,1.501227097,778.81,0.169385956,1762.460872,0.573900013,10405,1.296405331,1757.925629,1.033113687,1356
"KCAE20100702_121412",17186.17,"2010","07","02",0.532278726,16458.13,2.091425614,21755.00924,3.155781515,10402,3.770616613,21752.68724,3.409750082,5769,1.497480756,728.04,0.156303289,1626.648331,0.47943172,10407,1.144772518,1622.142658,0.74652333,1417
"KCAE20100702_121959",12995.72,"2010","07","02",0.532072772,12368.14,1.606331026,16709.05533,2.885847137,10402,3.383215238,16706.31685,3.396071717,4938,1.50055618,627.58,0.137931806,1435.042507,0.480018302,10404,1.215308456,1430.418052,0.853449639,1177
"KCAE20100702_122544",12209.57,"2010","07","02",0.532136007,11691.78,1.503997075,15641.56958,2.633321281,10400,3.2785635,15638.74789,3.049974241,4770,1.502004,517.79,0.116171547,1208.067918,0.438570053,10399,1.186749779,1203.364276,0.838509334,1014
"KCAE20100702_123130",9943.65,"2010","07","02",0.53188528,9506.97,1.292265416,13434.39127,2.363818462,10396,3.029184301,13431.40319,2.800135997,4434,1.499569369,436.68,0.097749743,1016.890579,0.372967127,10403,1.07446799,1012.148846,0.698291263,942
"KCAE20100702_123716",8508.85,"2010","07","02",0.532164465,8077.36,1.110874682,11551.98581,1.937843502,10399,2.739949341,11548.88647,2.191388527,4215,1.500612429,431.49,0.096538071,1004.092473,0.355818149,10401,1.029213468,999.3662772,0.630069317,971
"KCAE20100702_124301",8646,"2010","07","02",0.531852804,8175.77,1.133067332,11782.76719,2.064908421,10399,2.859131124,11779.62023,2.414182172,4120,1.501406237,470.23,0.105642735,1099.107011,0.395190883,10404,1.103215561,1094.389837,0.733692273,992
"KCAE20100702_124847",7013.11,"2010","07","02",0.531824335,6642.27,0.946216863,9845.386455,1.93213201,10405,2.688338281,9842.006448,2.434763792,3661,1.50257284,370.84,0.083928655,873.1098019,0.321852236,10403,0.990120288,868.3354923,0.576411602,877
"KCAE20100702_125432",6325.74,"2010","07","02",0.532148156,6016.45,0.893053408,9287.75544,1.785222592,10400,2.569707689,9284.353882,2.206039873,3613,1.500637587,309.29,0.071233345,741.0404892,0.306310115,10403,1.009865575,736.1920039,0.626022543,729
"KCAE20100703_100653",12544.46,"2010","07","03",0.524180283,12540.4,1.611421058,16763.61327,7.204768495,10403,6.608702851,16759.67043,13.41505145,2536,1.526083569,4.06,0.000501187,5.213349604,0,10402,NA,0,NA,0
"KCAE20100703_101632",16048.95,"2010","07","03",0.519710865,16001.97,2.076079306,21601.60518,4.533211034,10405,4.489461971,21598.80154,5.797731826,4811,1.527127603,46.98,0.007493931,77.93688294,0.101373245,10400,0.970161663,72.76212475,0.70573062,75
"KCAE20100703_102712",18695,"2010","07","03",0.532856972,17468.41,2.229483533,23202.23513,4.033305987,10407,3.998608611,23199.92716,4.701791014,5802,1.536676351,1226.59,0.221337858,2303.020414,0.851391923,10405,1.873203356,2298.420518,1.747956881,1227
"KCAE20100703_103650",17126.71,"2010","07","03",0.522776934,14575.7,1.855910743,19314.4631,3.341537856,10407,3.488443248,19312.02182,3.911143231,5536,1.526129793,2551.01,0.446408747,4644.883012,1.309356426,10405,2.326149387,4640.668027,2.138085772,1995
"KCAE20100703_104632",10739.54,"2010","07","03",0.521853753,8902.46,1.1602786,12075.01939,2.873357863,10407,2.862678927,12071.91704,3.937552984,4217,1.535338827,1837.08,0.310400461,3229.406399,1.169530795,10404,2.362546643,3224.876167,2.36245277,1365
"KCAE20100703_105612",7526.38,"2010","07","03",0.519376735,6580.74,0.863819013,8986.309188,4.701537177,10403,2.770734172,8982.720187,8.103090801,3242,1.525737275,945.64,0.140262686,1459.152721,0.690712133,10403,1.888733486,1454.324784,1.774127861,770
"KCAE20100703_110551",4324.53,"2010","07","03",0.518448447,3829.92,0.538937374,5606.565505,2.380254934,10403,2.336344246,5602.553501,4.515111797,2398,1.529934348,494.61,0.06485738,674.9058967,0.414809601,10406,1.76284472,669.8809935,1.312846133,380
"KCAE20100703_111530",3106.28,"2010","07","03",0.523789722,2880.23,0.466936425,4857.072695,4.414880539,10402,2.95175383,4852.683297,10.77269368,1644,1.528859894,226.05,0.026223095,272.7464078,0.266274787,10401,1.845560217,267.6062315,1.319326923,145
"KCAE20100703_112511",5162.88,"2010","07","03",0.516392787,5075.6,0.757116856,7879.315124,4.894993126,10407,3.973306066,7875.092622,10.63394726,1982,1.543086301,87.28,0.010130765,105.359952,0.214614984,10400,1.964179712,100.1731653,2.380253641,51
"KCAE20100703_113452",5144.57,"2010","07","03",0.522828698,5082.16,0.744571256,7744.285634,3.978501384,10401,3.989713963,7740.045089,8.482051138,1940,1.537334013,62.41,0.006664265,69.32834496,0.128296938,10403,1.832343878,64.13203572,1.26218157,35
"KCAE20100703_114433",4608.53,"2010","07","03",0.523790406,4596.69,0.591489728,6153.859132,7.428725411,10404,4.923355295,6149.270763,20.94453244,1249,1.530085128,11.84,0.001395082,14.51304019,0.036172132,10403,1.162899862,9.303198898,0.633489686,8
"KCAE20100703_115413",4531.86,"2010","07","03",0.521635799,4526.32,0.611532646,6365.443311,3.864124691,10409,3.537890761,6361.127588,8.724891043,1798,1.53915172,5.54,0.000856903,8.912644233,0.017734808,10401,0.740460351,3.702301753,0.365602789,5
"KCAE20100703_120353",5346.8,"2010","07","03",0.520049635,5340.3,0.700752539,7288.527162,2.809092483,10401,2.767717872,7284.633438,5.046799145,2632,1.528772475,6.5,0.000749495,7.799245171,0.018363237,10406,1.292446596,2.584893192,0.413581943,2
"KCAE20100703_121333",5440.97,"2010","07","03",0.519808337,5435.44,0.69671497,7248.622548,9.050144226,10404,3.047791131,7244.599518,18.74681859,2377,1.529297297,5.53,0.000728214,7.575608437,0.011807372,10403,0.590940599,2.363762395,0.136925987,4
"KCAE20100703_122313",9168.82,"2010","07","03",0.519595125,9164.76,1.189027784,12368.26701,3.683272454,10402,3.399746075,12364.87647,5.593831461,3637,1.530560361,4.06,0.000501187,5.213850791,0,10403,NA,0,NA,0
"KCAE20100703_123253",10631.07,"2010","07","03",0.520772232,10620.9,1.325405946,13786.87265,3.164211566,10402,3.485999239,13783.64099,4.337188621,3954,1.530092568,10.17,0.001347462,14.01494882,0.03297238,10401,1.100763738,8.806109902,0.482475283,8
"KCAE20100703_124234",1730.55,"2010","07","03",0.525053215,1724.28,0.262961876,2735.066467,0.890793459,10401,1.876689241,2730.582846,1.626655452,1455,1.538316689,6.27,0.000801963,8.342820494,0.02361756,10403,1.564986038,3.129972077,0.952805316,2
"KCAE20100703_125214",1106.93,"2010","07","03",0.523637277,1097.84,0.193456533,2012.141399,0.794799759,10401,1.786024809,2007.491885,1.733227342,1124,1.544471398,9.09,0.001084719,11.28541907,0.03602313,10404,2.024190219,6.072570658,0.780131115,3
"KCAE20100704_100739",7197.28,"2010","07","04",0.523469607,7193.22,0.949521472,9880.720442,3.570456095,10406,5.353078471,9876.429778,6.953409453,1845,1.528879092,4.06,0.000501187,5.213850791,0,10403,NA,0,NA,0
"KCAE20100704_101719",10311.23,"2010","07","04",0.524110706,10300.04,1.332806003,13861.18243,3.33196788,10400,4.041320693,13857.68866,4.767668209,3429,1.542868228,11.19,0.001694718,17.62675944,0.033634639,10401,0.828095255,12.42142883,0.328039897,15
"KCAE20100704_102659",13087,"2010","07","04",0.523116696,12618.59,1.621623058,16871.36629,3.972125681,10404,3.831975958,16868.35817,5.368834695,4402,1.544738447,468.41,0.08183991,851.5442684,0.429126177,10405,1.372185815,846.6386477,1.156455183,617
"KCAE20100704_103639",10073.31,"2010","07","04",0.523288178,8750.59,1.137200224,11828.01953,2.408907363,10401,3.006554246,11824.77785,3.118891568,3933,1.538005684,1322.72,0.238080048,2476.984818,0.883280163,10404,1.840985525,2472.44356,1.759419642,1343
"KCAE20100704_104620",5955.61,"2010","07","04",0.517591325,4173.67,0.579440758,6028.501646,1.718927271,10404,2.424359253,6024.532744,2.810821624,2485,1.542954314,1781.94,0.317584018,3303.191375,1.185533448,10401,2.260938834,3298.709759,2.372676675,1459
"KCAE20100704_105559",3906.36,"2010","07","04",0.519650574,2198.94,0.358758361,3731.804472,1.797785261,10402,2.418795232,3727.363452,4.104119573,1541,1.53831933,1707.42,0.281166307,2924.973095,1.060571337,10403,2.374289191,2920.375705,2.132486328,1230
"KCAE20100704_110539",2522.18,"2010","07","04",0.51945066,1399.4,0.247801533,2577.879344,1.072386907,10403,2.126671016,2573.27193,2.428249035,1210,1.528634464,1122.78,0.164529647,1711.766446,0.7862266,10404,2.136361129,1706.952542,1.960002583,799
"KCAE20100704_111519",1022.15,"2010","07","04",0.524791184,468.02,0.085712781,891.8414834,0.479740479,10405,1.561463564,886.9113046,1.383991557,568,1.543369999,554.13,0.073935586,769.1519021,0.501998578,10403,2.059633401,764.1239918,1.727661,371
"KCAE20100704_112459",644.09,"2010","07","04",0.519032983,397.24,0.071376948,742.5343873,0.413175667,10403,1.389052103,737.5866669,1.231825957,531,1.543104925,246.85,0.031494151,327.6336519,0.367395756,10403,2.271063167,322.4909697,2.199253319,142
"KCAE20100704_113439",431.05,"2010","07","04",0.522718428,376.96,0.068779085,715.715163,0.436677475,10406,1.468475998,710.7423833,1.431396039,484,1.528225383,54.09,0.006729316,70.00507665,0.114221083,10403,1.580774989,64.81177454,0.918216827,41
"KCAE20100704_114419",670.17,"2010","07","04",0.518535991,649.21,0.127780908,1329.049221,6.203901574,10401,2.606478298,1324.090975,27.98273332,508,1.543352726,20.96,0.002639942,27.48179765,0.062972387,10410,1.48479709,22.27195635,0.768937888,15
"KCAE20100704_115358",349.39,"2010","07","04",0.52144392,334.32,0.069958938,727.6429188,0.45124419,10401,1.316402955,722.7052222,1.490354072,549,1.528087038,15.07,0.001737741,18.07772135,0.060170452,10403,2.144479613,12.86687768,1.421007596,6
"KCAE20100704_120338",1151.33,"2010","07","04",0.521421861,1133.95,0.234438304,2439.096114,2.496572709,10404,3.467569224,2434.233595,9.015088262,702,1.542912655,17.38,0.001627472,16.92896884,0.067189792,10402,1.953104394,11.71862636,2.195095543,6
"KCAE20100704_121318",2171.71,"2010","07","04",0.519493279,2165.99,0.440419077,4580.358399,6.421689345,10400,6.311047466,4575.509413,23.56300938,725,1.52968034,5.72,0.000730028,7.592288721,0.016528417,10400,1.190471933,2.380943866,0.096807838,2
"KCAE20100704_122258",1459.96,"2010","07","04",0.521126857,1451.87,0.26244331,2730.985085,2.387483563,10406,3.40771335,2726.17068,7.9686516,800,1.542727743,8.09,0.001030053,10.71358638,0.03178959,10401,1.375685678,5.502742711,0.991361217,4
"KCAE20100704_123239",4611.8,"2010","07","04",0.52159552,4605.81,0.711300565,7398.948477,4.020900129,10402,5.8919236,7394.364117,10.17609885,1255,1.52988501,5.99,0.000739159,7.687990173,0.017821616,10401,1.238072065,2.476144131,0.490479142,2
"KCAE20100704_124220",18785.27,"2010","07","04",0.51854761,18781.21,2.854053994,29685.01559,15.372065,10401,11.51769278,29681.0943,29.2264988,2577,1.543163457,4.06,0.000501187,5.212848417,0,10401,NA,0,NA,0
"KCAE20100704_125159",58232.37,"2010","07","04",0.516847628,58228.31,8.632340861,89767.71261,39.66442622,10399,17.67724415,89765.0458,55.33740595,5078,1.542974795,4.06,0.000501187,5.211846042,0,10399,NA,0,NA,0
"KCAE20100705_100947",15821.19,"2010","07","05",0.533753938,15814.92,2.232621097,23217.02678,9.102275848,10399,8.102356314,23213.25084,15.91310548,2865,1.53696332,6.27,0.000718337,7.469267893,0.015759259,10398,1.129462706,2.258925412,0.183087915,2
"KCAE20100705_101927",53143.85,"2010","07","05",0.532750811,52461.63,7.206100538,74936.23949,29.03213611,10399,15.39939713,74933.46642,40.93003425,4866,1.530702238,682.22,0.068132848,708.9222885,6.18682116,10405,13.03212036,703.7344995,85.68354631,54
"KCAE20100705_102907",38954.2,"2010","07","05",0.524560216,38561.23,5.203835485,54151.11206,14.63679904,10406,9.165344908,54148.85772,18.46773419,5908,1.529232672,392.97,0.06352715,660.9364704,0.495930901,10404,1.787209957,655.9060542,1.975488092,367
"KCAE20100705_103847",48410.35,"2010","07","05",0.524592944,47894.84,6.287445057,65414.57837,25.47495911,10404,11.2084114,65412.28895,33.19438343,5836,1.542851009,515.51,0.083940195,873.3137854,0.493390451,10404,1.638424646,868.3650626,1.495423553,530
"KCAE20100705_104827",43470.17,"2010","07","05",0.518507036,43142.12,5.808723229,60399.10413,23.76688574,10398,11.10640277,60396.61825,31.9582,5438,1.543061576,328.05,0.049835979,518.3938487,0.403389258,10402,1.866612093,513.3183256,1.665610457,275
"KCAE20100705_105807",31680,"2010","07","05",0.52429252,31560.2,4.289461116,44627.55346,18.32782892,10404,9.994306138,44624.5769,26.94038393,4465,1.543053857,119.8,0.015413727,160.3952422,0.207347386,10406,1.633973691,155.2275006,1.444628975,95
"KCAE20100705_110748",22768.96,"2010","07","05",0.523417347,22745.07,2.745715758,28571.91817,22.53293315,10406,8.392599548,28568.40886,38.79484005,3404,1.543715322,23.89,0.003006495,31.27957599,0.060165841,10404,1.185284097,26.07625013,0.570788302,22
"KCAE20100705_111728",10123.53,"2010","07","05",0.524259915,10107.76,1.485654234,15462.68927,6.837347048,10408,4.614672205,15459.15189,11.43814303,3350,1.530174662,15.77,0.001758661,18.2935907,0.043546255,10402,1.308525296,13.08525296,0.540611507,10
"KCAE20100705_112708",6530.09,"2010","07","05",0.52106698,6521.98,0.954288236,9927.46052,5.464085662,10403,4.00625277,9923.48811,10.63952953,2477,1.538320869,8.11,0.00106908,11.12377326,0.027333731,10405,0.985321203,5.911927216,0.625668117,6
"KCAE20100705_113648",10082.55,"2010","07","05",0.518544759,10077.07,1.356122832,14106.3897,10.81322928,10402,5.526040511,14102.45538,21.29984023,2552,1.543127059,5.48,0.000733021,7.624884774,0.016961489,10402,1.206268772,2.412537545,0.291708095,2
"KCAE20100705_114627",3661.6,"2010","07","05",0.521436077,3654.37,0.485709001,5052.830737,2.991350674,10403,3.001462475,5048.459883,6.91498458,1682,1.543305209,7.23,0.000912686,9.500151655,0.032881225,10409,2.142148057,4.284296114,1.44268112,2
"KCAE20100705_115607",1855.07,"2010","07","05",0.519957939,1841.27,0.305450794,3178.215512,1.467968658,10405,2.184259383,3173.728883,3.366752388,1453,1.529606199,13.8,0.001439455,14.97465251,0.059124091,10403,2.440701616,9.762806466,2.045538355,4
"KCAE20100705_120547",1344.39,"2010","07","05",0.523247761,1337.62,0.237812919,2474.919052,1.128062069,10407,2.001881411,2470.321661,2.684423768,1234,1.543779227,6.77,0.000779885,8.113146281,0.020607689,10403,1.450148932,2.900297864,0.464046572,2
"KCAE20100705_121527",1889.51,"2010","07","05",0.524478624,1871.04,0.336919921,3504.977938,1.624736675,10403,2.096168306,3500.60107,3.572574244,1670,1.528134033,18.47,0.001901962,19.78611164,0.068600291,10403,2.429211329,14.57526797,1.648054935,6
"KCAE20100705_122507",1366.3,"2010","07","05",0.524913959,1357.12,0.266826955,2776.067641,1.504304295,10404,1.974043416,2771.556956,3.661635701,1404,1.529038218,9.18,0.001077773,11.21099542,0.032824755,10402,1.49991264,5.99965056,0.859695366,4
"KCAE20100705_123447",1916.4,"2010","07","05",0.518920511,1910.06,0.382140315,3975.405701,2.602504525,10403,2.624553963,3970.950146,6.380269043,1513,1.54347985,6.34,0.000837091,8.709935569,0.018339485,10405,0.874271788,3.497087152,0.385798241,4
"KCAE20100705_124427",2568.01,"2010","07","05",0.521536465,2563.95,0.459341252,4779.445726,3.408369003,10405,3.189700167,4774.98115,8.489836973,1497,1.529212487,4.06,0.000501187,5.213349604,0,10402,NA,0,NA,0
"KCAE20100705_125407",1804.33,"2010","07","05",0.521807287,1800.27,0.312087065,3246.641742,2.26825944,10403,2.597799177,3242.053373,6.080806319,1248,1.530339736,4.06,0.000501187,5.212848417,0,10401,NA,0,NA,0
"KCAE20100706_100029",135.15,"2010","07","06",0.523744489,131.09,0.01752267,182.2532893,0.275345008,10401,2.494028523,177.0760252,2.236173377,71,1.528838627,4.06,0.000501187,5.214853166,0,10405,NA,0,NA,0
"KCAE20100706_101008",3080.95,"2010","07","06",0.520272509,3076.89,0.469459524,4882.848506,2.493756904,10401,3.775760984,4878.283192,6.132340555,1292,1.528382896,4.06,0.000501187,5.215354353,0,10406,NA,0,NA,0
"KCAE20100706_102046",12750.48,"2010","07","06",0.533336724,12741.28,1.800327512,18737.80874,5.600005364,10408,5.357261949,18734.34503,8.619425242,3497,1.529544419,9.2,0.001664111,17.31175171,0.036044132,10403,0.756619995,12.10591992,0.540412384,16
"KCAE20100706_103025",19673.7,"2010","07","06",0.523723699,19511.03,2.538064259,26408.55861,7.405135865,10405,5.570826875,26405.71939,10.17300294,4740,1.538732254,162.67,0.027870441,289.936197,0.25924043,10403,1.491194099,284.818073,1.21921396,191
"KCAE20100706_104005",10793.07,"2010","07","06",0.524214225,10683.98,1.534730712,15971.94252,3.75682466,10407,3.871222802,15968.79406,5.154296271,4125,1.543263518,109.09,0.020699778,215.4639869,0.202432173,10409,1.195087147,210.3353379,1.013045251,176
"KCAE20100706_104944",7287.29,"2010","07","06",0.523770501,7264.77,1.11390257,11591.27014,2.697830493,10406,3.138652538,11587.90517,3.763235896,3692,1.530420652,22.52,0.004395953,45.71351606,0.070001185,10399,0.844285979,40.525727,0.600265468,48
"KCAE20100706_105923",4663.27,"2010","07","06",0.523283539,4653.41,0.736725802,7664.895245,1.985043549,10404,2.66473802,7661.121806,3.020689555,2875,1.537910186,9.86,0.00192794,20.06599444,0.034836727,10408,0.675484719,14.86066383,0.353744283,22
"KCAE20100706_110902",3846.5,"2010","07","06",0.524608788,3841.58,0.605362702,6295.772106,1.720842217,10400,2.490825716,6291.825757,2.73835388,2526,1.543366933,4.92,0.00074615,7.765926962,0.012390229,10408,0.510415234,2.552076171,0.273048657,5
"KCAE20100706_111843",3533.38,"2010","07","06",0.522770954,3525.93,0.532155009,5536.008563,1.63973816,10403,2.439123195,5531.931405,2.772130884,2268,1.529981079,7.45,0.001303263,13.56044961,0.029626763,10405,0.927789682,8.350107134,0.418326697,9
"KCAE20100706_112822",4034.93,"2010","07","06",0.523579573,4027.22,0.575571795,5988.824525,1.756039369,10405,2.626042948,5984.751878,2.949183905,2279,1.543981916,7.71,0.001397712,14.54319151,0.037533828,10405,1.036983225,9.332849027,0.790311687,9
"KCAE20100706_113801",2242.36,"2010","07","06",0.523726352,2234.73,0.373039132,3880.353055,1.464045451,10402,2.219939736,3876.014779,2.945231495,1746,1.543488297,7.63,0.000842903,8.770409612,0.02464624,10405,1.77827941,3.55655882,0,2
"KCAE20100706_114741",1956.37,"2010","07","06",0.523161851,1952.31,0.332591408,3460.946189,1.197103935,10406,2.171186385,3456.528725,2.319170696,1592,1.528739423,4.06,0.000501187,5.211344855,0,10398,NA,0,NA,0
"KCAE20100706_115720",1811.47,"2010","07","06",0.52319695,1807.18,0.312521336,3251.47198,1.152027854,10404,2.098922408,3247.032965,2.275838051,1547,1.534123023,4.29,0.000555195,5.775690929,0.005508501,10403,0.562341325,0.562341325,NA,1
"KCAE20100706_120659",1322.98,"2010","07","06",0.520146776,1318.92,0.230630107,2399.475633,0.974085598,10404,1.980866184,2394.867217,2.168461602,1209,1.542540753,4.06,0.000501187,5.215354353,0,10406,NA,0,NA,0
"KCAE20100706_121638",1426.89,"2010","07","06",0.522888706,1422.83,0.246278706,2562.037375,1.0498969,10403,2.072481353,2557.441989,2.347830372,1234,1.543936157,4.06,0.000501187,5.21234723,0,10400,NA,0,NA,0
"KCAE20100706_122618",1928.14,"2010","07","06",0.524973322,1923.32,0.307673051,3201.338099,1.217945123,10405,2.319893963,3196.813882,2.556817945,1378,1.535410647,4.82,0.00070667,7.350776367,0.011251342,10402,0.534857878,2.139431512,0.241510138,4
"KCAE20100706_123558",1246.28,"2010","07","06",0.525403029,1241.56,0.215708494,2243.799756,1.014578799,10402,2.067524647,2239.129192,2.462477815,1083,1.53092645,4.72,0.000638085,6.638635183,0.009938005,10404,0.71264279,1.425285579,0.115520664,2
"KCAE20100707_100136",8749.27,"2010","07","07",0.523020074,8743.42,1.065169098,11082.01929,14.18289586,10404,6.497160978,11077.65947,34.53617475,1705,1.534699437,5.85,0.000789195,8.210780341,0.02080584,10404,1.498715369,2.997430737,0.121873847,2
"KCAE20100707_101115",12115.15,"2010","07","07",0.522836335,12108.81,1.545026852,16074.45937,5.297815705,10404,4.535992301,16071.02072,8.298443944,3543,1.528482932,6.34,0.000787019,8.188147776,0.014866381,10404,0.743950136,2.975800546,0.172379604,4
"KCAE20100707_102054",18988.48,"2010","07","07",0.524093038,18884.38,2.507913059,26097.34329,5.688834252,10406,4.507692056,26095.02931,7.011650024,5789,1.531702589,104.1,0.01728954,179.8803741,0.184445371,10404,1.354501359,174.7306753,0.969639013,129
"KCAE20100707_103132",39648.82,"2010","07","07",0.533524549,39278.11,5.653007638,58842.1565,21.97828648,10409,8.983240064,58840.22242,27.16174408,6550,1.542238288,370.71,0.064908199,675.1750898,0.425583722,10402,1.509424026,670.1842674,1.438015335,444
"KCAE20100707_104111",74514.52,"2010","07","07",0.52313287,73705.41,9.970339929,103661.6242,33.47889391,10397,13.63053582,103660.2249,38.50304473,7605,1.531236502,809.11,0.143635873,1495.105806,0.842459775,10409,2.156635699,1490.235268,2.521735032,691
"KCAE20100707_105050",76777.25,"2010","07","07",0.524849402,76134.2,10.33548082,107478.6651,39.72395236,10399,16.35124716,107476.7476,48.97213378,6573,1.529183951,643.05,0.112661953,1172.810934,0.653976505,10410,1.853824321,1167.909322,1.960989164,630
"KCAE20100707_110029",51162.23,"2010","07","07",0.522753,50521.01,6.862215423,71387.62704,34.38474068,10403,12.57446863,71385.25843,45.77005037,5677,1.544317754,641.22,0.103534014,1077.167883,0.620135931,10404,2.094160428,1072.210139,1.911346205,512
"KCAE20100707_111008",23309.85,"2010","07","07",0.52283,22778.11,3.096498213,32215.96741,15.9584651,10404,8.510607676,32212.65005,25.57461517,3785,1.530990248,531.74,0.084047568,874.0947072,0.579364986,10400,2.059464126,869.093861,2.052842953,422
"KCAE20100707_111947",28370.06,"2010","07","07",0.521173383,28068.23,3.652786211,37985.32381,22.0271922,10399,11.2973816,37981.79695,37.61222563,3362,1.530432784,301.83,0.046968886,488.664285,0.443462821,10404,1.942067183,483.5747287,2.134264698,249
"KCAE20100707_112926",26310.19,"2010","07","07",0.52274341,26150.22,3.536675329,36795.57012,23.07615838,10404,11.83019758,36791.91446,41.03270622,3110,1.530184102,159.97,0.025282338,263.03744,0.303103357,10404,1.910301839,257.8907483,1.872302385,135
"KCAE20100707_113905",38509.91,"2010","07","07",0.524207743,38461.03,5.169443047,53741.52992,25.31025857,10396,13.29170069,53738.34587,39.23650452,4043,1.544120235,48.88,0.008539035,88.84865704,0.114176008,10405,1.086654484,83.67239529,0.773417917,77
"KCAE20100707_114845",14667.67,"2010","07","07",0.524243188,14635.75,2.164879747,22525.57377,12.45429492,10405,8.133530771,22521.7467,23.11805808,2769,1.53098248,31.92,0.005431594,56.49400982,0.089473056,10401,1.068858716,51.30521839,0.781742051,48
"KCAE20100707_115824",7289.14,"2010","07","07",0.523534537,7271.38,1.11381997,11590.41061,4.544803208,10406,4.497859594,11586.48631,8.260632405,2576,1.544141244,17.76,0.003059805,31.84339148,0.052851164,10407,0.807396216,26.64407511,0.488908743,33
"KCAE20100707_120803",9361.52,"2010","07","07",0.52331462,9337.96,1.170315928,12167.7747,14.63807248,10397,5.341987292,12163.70506,30.92628014,2277,1.52905919,23.56,0.003786983,39.38462473,0.082663633,10400,1.102832719,34.1878143,1.056761467,31
"KCAE20100707_121742",10944.75,"2010","07","07",0.519169989,10929.3,1.32937831,13833.51069,13.15037861,10406,5.649314642,13829.52224,26.66311088,2448,1.529902427,15.45,0.00296499,30.84478658,0.064940425,10403,1.221021939,25.64146072,0.795235402,21
"KCAE20100707_122722",15004.84,"2010","07","07",0.523945835,14987.87,1.72708043,17966.81771,15.56434601,10403,6.633294341,17962.96107,29.97196843,2708,1.528308813,16.97,0.002648024,27.54739078,0.085178696,10403,1.595754044,22.34055661,1.751726187,14
"KCAE20100707_123700",25891.44,"2010","07","07",0.522593219,25882.81,2.568301782,26710.33854,15.93886625,10400,8.144790968,26706.76958,27.5771626,3279,1.529100483,8.63,0.001352084,14.06843388,0.037752831,10405,0.984232377,8.858091397,0.875111713,9
"KCAE20100707_124641",1954.8,"2010","07","07",0.52365718,1948.4,0.332234221,3456.89707,1.169902895,10405,1.860243761,3452.61242,2.198439571,1856,1.543828863,6.4,0.001071769,11.14961462,0.021089965,10403,0.660030501,5.940274512,0.29900813,9
"KCAE20100707_125619",1509.6,"2010","07","07",0.523320677,1501.57,0.289267045,3008.087996,0.877235482,10399,1.663223308,3003.781294,1.465367165,1806,1.544402311,8.03,0.001421795,14.7909297,0.029830412,10403,0.737199565,9.58359434,0.429112855,13
"KCAE20100708_100224",19759.46,"2010","07","08",0.523125021,19751.42,2.811762031,29256.38393,19.17854901,10405,9.18742615,29252.76486,33.81804242,3184,1.528855162,8.04,0.001178894,12.2652148,0.040334537,10404,2.350788795,7.052366385,0.422848977,3
"KCAE20100708_101204",29876.21,"2010","07","08",0.525070553,29872.15,4.231704716,44022.42416,26.42035991,10403,10.05927868,44019.4035,40.01271475,4376,1.529056665,4.06,0.000501187,5.214853166,0,10405,NA,0,NA,0
"KCAE20100708_102143",74001.84,"2010","07","08",0.524870347,73990.65,9.704230459,100885.1799,32.34299513,10396,15.8198472,100883.1656,40.1083607,6377,1.529231852,11.19,0.001893953,19.71225872,0.04964347,10408,1.115570571,14.50241742,0.889945469,13
"KCAE20100708_103122",57462.68,"2010","07","08",0.523014074,57408.29,7.990441919,83108.5864,28.12318937,10401,14.2892518,83106.28845,36.39387797,5816,1.543015741,54.39,0.008657415,90.07174569,0.119216199,10404,1.267029452,84.89097325,0.788847344,67
"KCAE20100708_104201",44767.89,"2010","07","08",0.533057824,44656.2,7.628416479,79289.76088,39.38192991,10394,16.5768239,79286.94872,56.76599329,4783,1.532593829,111.69,0.01927971,200.6825012,0.307223975,10409,1.377019802,195.5368119,2.25499271,142
"KCAE20100708_105139",30349.91,"2010","07","08",0.523582155,30156.83,5.377236729,55917.88475,28.45751225,10399,14.01370242,55914.67264,44.60833283,3990,1.528463135,193.08,0.030875886,321.294468,0.286783416,10406,1.443784811,316.1888737,1.370001992,219
"KCAE20100708_110118",33921.32,"2010","07","08",0.533070508,33809.32,6.141802483,63837.89501,38.42866774,10394,20.901839,63834.2163,68.69190948,3054,1.528949683,112,0.019974338,207.693165,0.247462232,10398,1.396927533,202.5544923,1.576473925,145
"KCAE20100708_111057",27147.88,"2010","07","08",0.52418382,27038.61,5.302976853,55145.65629,33.01304287,10399,21.35621166,55141.73851,63.62177617,2582,1.528277357,109.27,0.019496046,202.7783723,0.252559084,10401,1.532016877,197.6301771,1.687623544,129
"KCAE20100708_112036",29862.7,"2010","07","08",0.525563954,29807.31,6.164403785,64078.97734,39.84033329,10395,24.35389058,64075.08613,76.35326635,2631,1.544355465,55.39,0.011228158,116.784071,0.175730144,10401,1.26835599,111.6153271,1.44199725,88
"KCAE20100708_113014",37073.42,"2010","07","08",0.522903874,37009.45,6.659684585,69220.76158,36.4774315,10394,21.4960143,69217.16606,63.0636801,3220,1.531407518,63.97,0.013482903,140.2221937,0.164699083,10400,1.098142215,135.0714925,1.054426191,123
"KCAE20100708_113954",45014.47,"2010","07","08",0.523237087,44953.57,7.26393887,75515.90849,35.25354679,10396,18.60836175,75512.73197,54.52737141,4058,1.543114957,60.9,0.012483569,129.8665707,0.133012529,10403,0.974350561,124.7168719,0.710640771,128
"KCAE20100708_114933",99157.2,"2010","07","08",0.52358363,99093.29,13.61520252,141679.7975,41.18378787,10406,25.55968973,141677.3602,53.65684819,5543,1.530733736,63.91,0.013536611,140.8349045,0.149848029,10404,1.03577258,135.686208,0.85465804,131
"KCAE20100708_115911",36242.11,"2010","07","08",0.522832678,36214.83,4.962615673,51601.27777,24.28842956,10398,12.1808757,51598.18945,36.88280564,4236,1.532336651,27.28,0.004653333,48.40397394,0.076855696,10402,1.004934311,43.21217539,0.658892394,43
"KCAE20100708_120851",15006.02,"2010","07","08",0.521756022,14972.79,2.163110648,22492.02451,11.01915928,10398,6.377929766,22488.58036,18.20018974,3526,1.543546894,33.23,0.00672628,69.9802122,0.095556041,10404,0.900027024,64.8019457,0.723196682,72
"KCAE20100708_121830",8382.83,"2010","07","08",0.524040036,8349.14,1.192228818,12401.56417,10.61027828,10402,4.142282282,12397.85087,19.4712349,2993,1.543692673,33.69,0.006892407,71.67413622,0.090795788,10399,0.923588551,66.49837566,0.590942045,72
"KCAE20100708_122809",4848.21,"2010","07","08",0.524361973,4810.86,0.733696219,7634.109154,3.111515233,10405,2.985201618,7630.175336,5.718446501,2556,1.543655132,37.35,0.007859979,81.77522108,0.102867058,10404,0.945697102,76.60146526,0.691728703,81
"KCAE20100708_123748",3866.68,"2010","07","08",0.523512046,3815.35,0.639330345,6654.15023,1.990481493,10408,2.574614185,6650.22844,3.314471486,2583,1.544373116,51.33,0.010520982,109.4708226,0.126081947,10405,0.965834237,104.3100976,0.784140178,108
"KCAE20100708_124727",11247.67,"2010","07","08",0.523092,11203.23,1.571411145,16347.39014,7.851217623,10403,4.673700011,16343.92894,12.99641256,3497,1.544507122,44.44,0.009189875,95.62984193,0.111859997,10406,0.952232635,90.46210036,0.691356117,95
"KCAE20100708_125706",3416.67,"2010","07","08",0.523085782,3340.96,0.522008117,5429.928436,1.564509772,10402,2.304968089,5425.894881,2.590182389,2354,1.529832464,75.71,0.015938008,165.8190394,0.217798398,10404,1.338873582,160.6648298,1.536690025,120
"KCAE20100709_100351",1820.16,"2010","07","09",0.52734375,1814.15,0.223026126,2320.586838,2.640793734,10405,11.35036386,2315.474227,15.18221042,204,0.896593489,6.01,0.000844426,8.791317469,0.018081565,10411,0.893865482,3.575461929,0.266022518,4
"KCAE20100709_100806",5519.3,"2010","07","09",0.52734375,5227.47,0.638345011,6639.42646,5.600890306,10401,13.24244452,6634.464706,22.02859154,501,0.891302286,291.83,0.034963528,363.900401,0.531380098,10408,3.899240799,358.7301535,4.130449724,92
"KCAE20100709_101222",25107.98,"2010","07","09",0.52734375,21482.42,2.550633497,26526.58837,17.15767618,10400,30.2070798,26521.81607,51.52001373,878,0.897891516,3625.56,0.426744712,4438.998492,3.703993723,10402,9.809760351,4434.011679,14.97188548,452
"KCAE20100709_101637",58421.54,"2010","07","09",0.52734375,51794.52,6.019861333,62582.47842,42.47073903,10396,48.51001133,62577.91461,111.7294953,1290,0.894961851,6627.02,0.760505981,7913.82524,7.387542958,10406,11.37979599,7908.95821,26.40510395,695
"KCAE20100709_102052",42000.64,"2010","07","09",0.52734375,34783.01,4.028343018,41914.90911,28.89869908,10405,25.53962017,41910.5167,68.90790736,1641,0.878676994,7217.63,0.832101688,8653.02545,5.448627137,10399,8.44563166,8648.32682,15.40748662,1024
"KCAE20100709_102508",33011,"2010","07","09",0.52734375,26938.4,3.110700542,32363.72844,16.71665121,10404,16.50152826,32359.49692,35.52646255,1961,0.892961108,6072.6,0.667370842,6945.995721,3.461514247,10408,7.004314874,6941.27604,9.029367651,991
"KCAE20100709_102923",27455.61,"2010","07","09",0.52734375,20531.28,2.322339965,24152.33563,12.3063404,10400,11.00146851,24148.22339,24.94580372,2195,0.897116646,6924.33,0.729443926,7588.40516,3.26684083,10403,6.076776275,7583.816791,7.517042383,1248
"KCAE20100709_103339",23866.41,"2010","07","09",0.52734375,16801.67,1.87532868,19505.2936,9.362047443,10401,8.966055557,19501.17084,18.85972951,2175,0.894191553,7064.74,0.715908216,7449.024984,6.733564676,10405,6.861155686,7444.353919,19.82354349,1085
"KCAE20100709_103754",21314.29,"2010","07","09",0.52734375,15609.87,1.744595501,18162.98376,7.728647286,10411,8.597928223,18158.82441,15.34953238,2112,0.896190379,5704.42,0.584790984,6088.258937,3.38314273,10411,5.53053853,6083.592383,9.002278565,1100
"KCAE20100709_104209",16874.87,"2010","07","09",0.52734375,13251.63,1.482924613,15419.45013,7.761036887,10398,8.310063874,15415.16849,16.76370709,1855,0.895895102,3623.24,0.377843217,3932.214355,2.471102679,10407,5.080706232,3927.385917,7.641118482,773
"KCAE20100709_104727",12866.7,"2010","07","09",0.535148243,9063.33,0.985797637,10264.12499,4.579461195,10412,6.666457414,10259.67796,10.20137176,1539,0.882982692,3803.37,0.393906782,4097.812252,2.017782596,10403,4.45866938,4093.058491,5.295596683,918
"KCAE20100709_105141",11842.08,"2010","07","09",0.52734375,9518.87,1.025673448,10670.08088,4.219121369,10403,6.409676085,10665.701,8.764513779,1664,0.897066731,2323.21,0.231449828,2408.92981,1.447556345,10408,4.285195399,2403.994619,4.641233408,561
"KCAE20100709_105556",14060.95,"2010","07","09",0.49051199,10747.79,1.122116476,11674.49982,4.886933729,10404,6.62325117,11670.16856,10.22882423,1762,0.896115629,3313.16,0.327675248,3408.150249,2.055209319,10401,4.605287927,3403.307778,6.308676802,739
"KCAE20100709_110011",10556.31,"2010","07","09",0.52734375,8519.32,0.881363552,9173.231848,4.693043217,10408,6.301542762,9168.744719,11.11148624,1455,0.876775472,2036.99,0.199495753,2076.75079,1.534748195,10410,4.408019126,2071.768989,5.80416056,470
"KCAE20100709_110425",10325.83,"2010","07","09",0.493462193,8291.07,0.864906704,8991.5701,4.910903013,10396,6.401042325,8987.063424,11.96770959,1404,0.892657094,2034.76,0.212494317,2212.915813,1.465391381,10414,4.424742569,2207.946542,5.12126406,499
"KCAE20100709_110841",7987.22,"2010","07","09",0.527351674,6409.29,0.64556565,6712.591625,5.765650288,10398,6.087053165,6707.932588,16.75615759,1102,0.897693905,1577.93,0.193250889,2012.128254,2.982531817,10412,6.2720946,2007.070272,15.87681001,320
"KCAE20100709_111256",10241.92,"2010","07","09",0.49615844,5068.26,0.609847999,6344.24873,5.921559357,10403,6.02047733,6339.562629,17.72322487,1053,0.896195456,5173.66,0.720664274,7494.908454,10.15141474,10400,26.8452901,7489.835938,56.13332476,279
"KCAE20100709_111712",20065.64,"2010","07","09",0.52734375,9785.78,1.22741125,12765.077,14.01581747,10400,10.98145183,12760.44703,40.64882873,1162,0.892524587,10279.86,1.414856246,14720.16439,20.22905496,10404,38.92894043,14715.13948,99.13474849,378
"KCAE20100709_112126",36640.25,"2010","07","09",0.52734375,16421.59,2.185771125,22751.69164,24.66158179,10409,19.86641803,22747.04864,71.98428085,1145,0.896208449,20218.66,2.764967393,28744.60101,31.97243829,10396,69.25204497,28739.59866,145.0916214,415
"KCAE20100709_112540",29358.9,"2010","07","09",0.52734375,13107.83,1.72199088,17925.92506,15.37726386,10410,13.72232944,17921.36225,41.48821667,1306,0.894134563,16251.07,2.195235637,22861.18392,22.36733812,10414,43.20648334,22856.22969,89.95210762,529
"KCAE20100709_112955",54612.21,"2010","07","09",0.52734375,21725.12,2.876211881,29932.73705,25.86644703,10407,21.12084077,29928.23138,67.31512648,1417,0.895133365,32887.09,4.265457155,44377.81624,38.54800612,10404,73.70914219,44372.9036,143.5057155,602
"KCAE20100709_113409",69999.56,"2010","07","09",0.52734375,28276.98,3.588741639,37348.03424,26.85976524,10407,25.63043831,37343.54862,67.75581504,1457,0.899472732,41722.58,5.260729701,54706.32816,40.69109205,10399,72.83820599,54701.4927,134.2638238,751
"KCAE20100709_113823",108493.01,"2010","07","09",0.527351141,41942.46,5.150681046,53592.83628,34.5955042,10405,40.38303429,53588.2865,89.25702233,1327,0.877142458,66550.55,8.037595618,83582.95683,52.94877454,10399,96.84609214,83578.17751,158.7696873,863
"KCAE20100709_114236",180689.23,"2010","07","09",0.52734375,71108.06,8.420944944,87510.45986,49.03196781,10392,65.06016775,87505.92562,122.0641102,1345,0.897497724,109581.17,12.78854215,132783.4332,75.25832491,10383,133.7147301,132778.727,207.5815208,993
"KCAE20100709_114651",235624.42,"2010","07","09",0.52734375,112970.61,13.10932585,135602.8666,76.77232106,10344,101.7241938,135598.3504,191.6922435,1333,0.878236586,122653.81,14.12387504,145631.2755,81.2257403,10311,137.6433252,145626.638,217.5676464,1058
"KCAE20100709_115104",291926.78,"2010","07","09",0.52734375,148022.12,16.7298514,171731.9246,88.45147425,10265,124.5304359,171727.4711,211.755111,1379,0.917941226,143904.66,16.22852204,166261.2083,92.47410657,10245,152.2496529,166256.621,244.0620593,1092
"KCAE20100709_115518",286283.23,"2010","07","09",0.52734375,150653.84,16.91134298,172157.4716,97.57300134,10180,117.5909175,172153.1032,233.2229042,1464,0.893048741,135629.39,15.10894453,154307.6504,92.07844203,10213,135.2349725,154303.1037,244.3144253,1141
"KCAE20100709_115932",264470.77,"2010","07","09",0.52734375,137220.7,15.18881501,155320.8222,89.90996742,10226,105.7293624,155316.4333,216.1631449,1469,0.894625662,127250.07,13.79328516,141353.5863,83.34865944,10248,126.4302419,141349.0105,222.4323095,1118
"KCAE20100709_120346",256032.52,"2010","07","09",0.52734375,127810.38,13.80837625,141839.6409,81.33178385,10272,97.41430111,141835.2224,196.3288732,1456,0.895806566,128222.14,13.81303935,141901.3533,84.17202007,10273,132.3663637,141896.7418,228.5710974,1072
"KCAE20100709_120759",274094.91,"2010","07","09",0.52734375,128834.45,13.64158825,139744.4301,81.45584434,10244,104.7525971,139739.9645,203.5526106,1334,0.878935637,145260.46,15.38102031,158132.2698,90.75446108,10281,141.5646168,158127.677,240.8111627,1117
"KCAE20100709_121214",301401.77,"2010","07","09",0.493702205,145313.64,15.31722019,157047.4586,92.57222685,10253,125.0341954,157042.9495,237.2241649,1256,0.894522378,156088.13,16.34274545,167513.1408,92.27942508,10250,155.2442488,167508.5444,243.6735075,1079
"KCAE20100709_121626",346363.23,"2010","07","09",0.52734375,155946.85,15.93643519,162934.1134,92.78055137,10224,125.0419358,162929.6423,232.2426125,1303,0.893189656,190416.38,19.32215419,198013.4361,107.0399625,10248,177.5864204,198008.8588,277.9572723,1115
"KCAE20100709_122040",343885.37,"2010","07","09",0.497032248,162723.57,16.20375551,165715.8076,93.31562501,10227,126.4972049,165711.3385,232.5157529,1310,0.892117296,181161.8,18.02752965,183970.94,100.6939072,10205,156.0359765,183966.4163,257.4397277,1179
"KCAE20100709_122453",364497.85,"2010","07","09",0.52734375,172424.47,17.14858594,174366.8218,100.1774047,10168,142.2205059,174362.3402,255.9070286,1226,0.892473502,192073.38,18.73109005,190682.4967,102.8907235,10180,160.3683688,190677.9905,260.7180035,1189
"KCAE20100709_122907",396332.93,"2010","07","09",0.493467173,194203.48,18.90637003,192750.4424,103.8866453,10195,142.8806589,192746.0089,252.7630951,1349,0.89286048,202129.45,19.06192278,193268.8351,101.1469809,10139,162.4070168,193264.35,252.8484401,1190
"KCAE20100709_123320",437893.55,"2010","07","09",0.52734375,215730.43,19.78282347,201883.7136,104.1690244,10205,162.2823331,201879.2224,256.7791984,1244,0.87628201,222163.12,20.25362166,205067.9193,111.0987475,10125,196.9869035,205063.3665,292.0721903,1041
"KCAE20100709_123734",398825.26,"2010","07","09",0.501480685,218486.34,19.81333688,202294.1695,107.7449789,10210,179.1759241,202289.6183,276.5651383,1129,0.891824615,180338.92,16.34406924,165663.4858,96.48675333,10136,176.2328477,165658.8769,268.8412879,940
"KCAE20100709_124148",355951.41,"2010","07","09",0.52734375,182052.02,16.6264744,168908.3534,99.01246412,10159,177.9807561,168903.7375,276.2206587,949,0.891732894,173899.39,15.95981236,160922.788,98.95283886,10083,201.399418,160918.135,293.7934385,799
"KCAE20100709_124601",310026.01,"2010","07","09",0.527414259,153579.63,13.62888674,138033.3649,88.46364205,10128,182.8194268,138028.6673,272.2802756,755,0.895059113,156446.38,13.87585019,139549.4254,92.24360576,10057,213.6978748,139544.7122,297.4360888,653
"KCAE20100709_125016",304480.86,"2010","07","09",0.52734375,169533.58,14.78386326,149405.7221,98.16616724,10106,221.9925623,149400.9944,314.3887937,673,0.896435825,134947.28,12.15311488,121555.455,87.87714518,10002,215.1340272,121550.7253,305.2705729,565
"KCAE20100709_125430",278105.18,"2010","07","09",0.504562345,133599.24,11.48012626,115558.9509,82.76038647,10066,190.3693743,115554.2102,282.219713,607,0.878198797,144505.94,12.83307655,128741.4239,90.72385235,10032,223.1138391,128736.6852,310.3888177,577
"KCAE20100709_125844",321677.51,"2010","07","09",0.52734375,154987.06,13.4024517,135270.945,91.3677177,10093,208.101865,135266.2123,298.7194837,650,0.891755112,166690.45,14.68460307,147771.1607,93.91330631,10063,230.1657929,147766.439,297.9469381,642
"KCAE20100710_100517",5101.23,"2010","07","10",0.532311945,2783.4,0.381294571,3965.844831,5.48732526,10401,14.19631475,3960.771814,30.48973585,279,1.496418356,2317.83,0.474903247,4940.893379,8.550421191,10404,18.34875036,4935.813846,50.08726203,269
"KCAE20100710_101102",3850.7,"2010","07","10",0.532670551,2238.6,0.373646079,3886.292867,3.871403216,10401,10.63359713,3881.262952,17.8557285,365,1.463726288,1612.1,0.324286803,3374.204184,3.787937699,10405,10.59480726,3369.148708,19.02018096,318
"KCAE20100710_101647",5754.87,"2010","07","10",0.533082427,3721.43,0.500193572,5204.013926,3.2007571,10404,8.495271733,5199.1063,10.31519022,612,1.472266136,2033.44,0.393644593,4097.052929,4.438050609,10408,11.18038253,4092.020006,20.99195897,366
"KCAE20100710_102232",7742.37,"2010","07","10",0.532317526,6231.75,0.731242969,7610.04558,4.571491091,10407,10.03325808,7605.209624,13.92231088,758,1.473242626,1510.62,0.280257322,2915.236666,2.676535094,10402,7.638357661,2910.214269,11.82090671,381
"KCAE20100710_102820",7602.52,"2010","07","10",0.532163603,6157.59,0.6833086,7107.776058,4.030902033,10402,8.991086894,7102.958646,11.80699844,790,1.468830684,1444.93,0.261612037,2722.334853,2.441441203,10406,6.133953779,2717.341524,10.20874375,443
"KCAE20100710_103406",10136.55,"2010","07","10",0.532789372,7428.78,0.802505239,8345.251977,4.138352012,10399,9.145282032,8340.497214,10.9131192,912,1.471218122,2707.77,0.481418526,5008.678346,8.007922242,10404,10.08813021,5003.712583,35.36375072,496
"KCAE20100710_103952",13943.66,"2010","07","10",0.532327838,7676.85,0.862000135,8966.525409,5.924081017,10402,8.917229604,8961.815753,17.07829763,1005,1.463683525,6266.81,1.072349615,11157.79774,15.51448213,10405,15.53334644,11152.94274,57.16399067,718
"KCAE20100710_104538",19929.45,"2010","07","10",0.531837245,7580.34,1.003001962,10433.22641,9.813868927,10402,11.82364525,10428.45511,31.76430554,882,1.513902811,12349.11,2.0909599,21745.98296,22.11419873,10400,22.184961,21741.26178,68.90834805,980
"KCAE20100710_105125",32257.18,"2010","07","10",0.531152478,13017.31,1.93236866,20102.43117,22.70657473,10403,22.91637043,20097.65686,75.10595186,877,1.46986159,19239.87,3.129005959,32544.79098,27.34574156,10401,27.46006079,32540.17204,76.80974977,1185
"KCAE20100710_105811",50312.81,"2010","07","10",0.540300372,19578.09,2.968847046,30881.94697,28.84419583,10402,29.71824288,30877.25435,86.8389946,1039,1.497120908,30734.72,4.830632917,50243.41297,34.61211884,10401,35.85931641,50238.90228,88.23815987,1401
"KCAE20100710_110356",56604.81,"2010","07","10",0.53268688,21978.98,3.328194017,34606.56139,27.7123327,10398,31.83246995,34601.89483,80.27538262,1087,1.496451229,34625.83,5.127159985,53327.591,33.70429777,10401,34.40203548,53323.15499,81.35863259,1550
"KCAE20100710_110942",63028.31,"2010","07","10",0.532305658,20883.86,3.022596743,31441.05132,21.14363071,10402,29.05395587,31436.38025,59.53475115,1082,1.48424543,42144.45,5.708262436,59371.6376,39.8687633,10401,36.33246248,59367.24369,94.91976474,1634
"KCAE20100710_111528",52049.34,"2010","07","10",0.532930886,18828.99,2.524126393,26263.53512,18.09046201,10405,24.86633478,26258.84952,51.68437092,1056,1.496919153,33220.35,4.339966998,45148.67668,28.55622669,10403,26.82371143,45144.30633,66.63029529,1683
"KCAE20100710_112116",44533.62,"2010","07","10",0.532349489,15090.63,1.961271017,20401.14112,18.13313956,10402,21.26841335,20396.4084,56.2036033,959,1.469805913,29442.99,3.686966339,38370.25869,29.11403229,10407,23.90395467,38365.84724,70.81983238,1605
"KCAE20100710_112703",36839.89,"2010","07","10",0.532466725,13010.6,1.670298833,17374.44846,16.02179973,10402,21.36487402,17369.64258,53.54245223,813,1.465333451,23829.29,3.044280278,31678.78058,27.55792656,10406,21.67987506,31674.29746,70.76737098,1461
"KCAE20100710_113250",31916.52,"2010","07","10",0.532475139,11832.13,1.569887794,16328.40295,20.09116573,10401,25.70631237,16323.50835,77.4599513,635,1.500838537,20084.39,2.558200554,26618.07676,21.4099167,10405,20.59869152,26613.50944,57.63828276,1292
"KCAE20100710_113835",32691.54,"2010","07","10",0.53195448,11963.12,1.653512775,17199.83989,22.12501031,10402,32.81467396,17194.88916,93.33068158,524,1.487896905,20728.42,2.598990781,27029.50412,27.32681809,10400,23.47946884,27024.86864,79.13238756,1151
"KCAE20100710_114422",24694.7,"2010","07","10",0.532919264,7876.4,1.059941554,11029.75181,14.68280689,10406,23.11273694,11024.77552,64.82099115,477,1.500200536,16818.3,2.052703236,21348.11366,21.48429712,10400,20.11633654,21343.43307,64.53307121,1061
"KCAE20100710_115008",20274.1,"2010","07","10",0.532628888,5724.76,0.721657917,7508.128973,9.795138957,10404,18.12348336,7503.122112,45.83232929,414,1.501922299,14549.34,1.628538154,16941.68242,13.91654165,10403,17.84714878,16936.94419,42.84047927,949
"KCAE20100710_115554",18049.71,"2010","07","10",0.532551191,4603.26,0.533201959,5545.833573,5.24377107,10401,14.09877275,5540.817691,23.19001598,393,1.460832508,13446.45,1.301410274,13534.66685,12.94278195,10400,17.25745845,13529.84743,44.14821989,784
"KCAE20100710_120142",20485.54,"2010","07","10",0.532892337,6740.28,0.617763608,6429.065865,9.364358256,10407,18.14697014,6424.02743,47.60286882,354,1.464173496,13745.26,1.241594137,12916.30381,13.16386383,10403,20.79130628,12911.4012,50.00204053,621
"KCAE20100710_120728",11951.04,"2010","07","10",0.532215824,2836.92,0.278959828,2901.461173,3.781918005,10401,11.82192292,2896.371115,21.73979051,245,1.501654251,9114.12,0.828179027,8614.718236,13.29828006,10402,18.88099436,8609.733427,60.83541606,456
"KCAE20100710_121315",5832.59,"2010","07","10",0.532631996,1382.12,0.148481922,1544.360471,2.357547133,10401,10.47089318,1539.221297,16.94386006,147,1.466267728,4450.47,0.471193307,4902.295166,5.61206326,10404,18.00447477,4897.217137,29.86953374,272
"KCAE20100710_121901",6386.76,"2010","07","10",0.53304232,1141.52,0.115765953,1204.313205,1.942832027,10403,10.80319808,1199.154986,15.50602745,111,1.492382094,5245.24,0.562059168,5846.539465,10.41248008,10402,27.16945986,5841.433871,67.40348679,215
"KCAE20100710_122448",7368.17,"2010","07","10",0.532826876,1341.34,0.138750091,1442.584697,2.981599895,10397,14.97314549,1437.421967,27.35675087,96,1.461799034,6026.83,0.618122269,6429.089715,13.98535735,10401,29.19994149,6423.987128,91.92343955,220
"KCAE20100710_123035",11971.93,"2010","07","10",0.532275557,2180.48,0.217021851,2257.461295,4.84606826,10402,27.13601861,2252.289544,47.32255122,83,1.498476416,9791.45,0.968222768,10068.54857,19.5615413,10399,49.8189998,10063.43796,131.7171969,202
"KCAE20100710_123622",13489.9,"2010","07","10",0.532571814,2705.73,0.257956317,2683.261609,4.82895761,10402,30.78266508,2678.091862,43.23980244,87,1.462551103,10784.17,1.023879234,10649.36791,17.63600377,10401,54.03174518,10644.2538,116.7256026,197
"KCAE20100710_124208",10197.5,"2010","07","10",0.532254018,3908.7,0.352746246,3669.971943,6.632581379,10404,36.28522981,3664.808211,57.09255147,101,1.501553704,6288.8,0.561862818,5846.744481,9.61489989,10406,28.91896221,5841.630366,62.94018832,202
"KCAE20100710_124754",6282.26,"2010","07","10",0.53280206,1921.19,0.166007808,1726.813217,2.441320612,10402,15.37192857,1721.656,17.96190431,112,1.461231276,4361.07,0.3708888,3858.356182,6.739199804,10403,20.60554039,3853.236053,46.05155518,187
"KCAE20100710_125339",4551.7,"2010","07","10",0.532678442,1614.72,0.132587624,1378.778701,3.285316672,10399,15.78862596,1373.610459,32.47972116,87,1.498461661,2936.98,0.240096595,2497.964973,4.045223357,10404,16.08276326,2492.828305,29.1370616,155
"KCAE20100710_125927",3743.8,"2010","07","10",0.532518944,1374.59,0.10713254,1114.178416,2.015962893,10400,12.3223464,1109.011176,17.96262806,90,1.544277627,2369.21,0.186729629,1942.735056,2.765337329,10404,11.00914155,1937.608913,18.29660949,176
"KCAE20100711_100203",518.29,"2010","07","11",0.532568247,514.23,0.06612377,688.1500748,0.801361167,10407,4.139496455,683.0169151,4.876947124,165,1.457973907,4.06,0.000501187,5.214853166,0,10405,NA,0,NA,0
"KCAE20100711_100747",1150.36,"2010","07","11",0.533099851,1145.56,0.165391274,1720.73081,1.256556325,10404,3.812759984,1715.741993,4.758892098,450,1.475095087,4.8,0.000672386,6.996853855,0.012348321,10406,0.891250938,1.782501876,0,2
"KCAE20100711_101333",3334.1,"2010","07","11",0.532757747,3330.04,0.493553976,5136.909781,2.346846757,10408,3.963198812,5132.342462,5.525924088,1295,1.469766029,4.06,0.000501187,5.216356728,0,10408,NA,0,NA,0
"KCAE20100711_101918",6886.15,"2010","07","11",0.532672616,6882.09,1.016511227,10569.68374,3.403847478,10398,4.430049362,10565.66773,5.949989414,2385,1.463545734,4.06,0.000501187,5.214853166,0,10405,NA,0,NA,0
"KCAE20100711_102504",9705.02,"2010","07","11",0.531991121,9700.96,1.432387042,14893.96046,4.207670995,10398,4.012559693,14890.60902,6.265855217,3711,1.535843151,4.06,0.000501187,5.213349604,0,10402,NA,0,NA,0
"KCAE20100711_103442",10506.38,"2010","07","11",0.523332013,10410.18,1.537736444,15993.99675,3.862244786,10401,3.744070352,15990.92447,5.2981267,4271,1.529349261,96.2,0.016817764,174.9383849,0.164415801,10402,1.088482183,169.8032205,0.800311756,156
"KCAE20100711_104419",10342.41,"2010","07","11",0.523687978,9826.53,1.463299923,15219.7825,3.166616194,10401,3.477322405,15216.76284,4.102767822,4376,1.52812179,515.88,0.093696623,974.8196682,0.471785018,10404,1.368068629,969.960658,1.23500803,709
"KCAE20100711_105358",7000.2,"2010","07","11",0.524967286,6277.31,0.947946131,9862.431546,2.276397574,10404,2.71898359,9859.034499,3.171019572,3626,1.526038256,722.89,0.135673834,1411.414891,0.602227399,10403,1.517438664,1406.665641,1.405610386,927
"KCAE20100711_110437",5334.44,"2010","07","11",0.534332889,4459.9,0.747989636,7778.344228,1.902941609,10399,2.614197348,7774.622912,2.790282764,2974,1.542931853,874.54,0.165439827,1721.4014,0.793120238,10405,1.633409414,1716.713294,1.957943409,1051
"KCAE20100711_111415",4805.39,"2010","07","11",0.524033381,4049.64,0.69186785,7196.117511,1.878715889,10401,2.450553883,7192.375647,2.863696306,2935,1.530210731,755.75,0.149377897,1554.277015,0.701105653,10405,1.675162984,1549.52576,1.72533367,925
"KCAE20100711_112353",3499.16,"2010","07","11",0.524814413,3069.89,0.501971102,5223.009318,1.486315757,10405,2.123281686,5219.026383,2.431325402,2458,1.528159805,429.27,0.094101075,979.0275854,0.48560851,10404,1.307633044,974.1866179,1.307256658,745
"KCAE20100711_113331",3916.06,"2010","07","11",0.523347906,3533.85,0.59469087,6189.542572,1.586263204,10408,2.313263422,6185.66639,2.412571688,2674,1.528142508,382.21,0.082515079,858.8169457,0.468627426,10408,1.328029319,853.9228524,1.379831869,643
"KCAE20100711_114308",4524.46,"2010","07","11",0.520750158,4160.75,0.661451741,6881.082458,1.754950828,10403,2.416477507,6877.294986,2.649355672,2846,1.533660463,363.71,0.081546242,848.3255593,0.463706255,10403,1.274083828,843.4434945,1.36480061,662
"KCAE20100711_115247",5297.04,"2010","07","11",0.524373259,4899.56,0.72271158,7517.645856,2.004090302,10402,2.67016448,7513.842847,3.10637559,2814,1.544688293,397.48,0.089052407,926.5902989,0.441987437,10405,1.260932714,921.7418136,1.142401807,731
"KCAE20100711_120225",6659.14,"2010","07","11",0.521391415,6054.2,0.880011215,9159.156725,2.27049498,10408,2.934456433,9155.504072,3.34235263,3120,1.544441106,604.94,0.131934146,1372.115121,0.648148193,10400,1.483042156,1367.364868,1.654706004,922
"KCAE20100711_121204",8275.8,"2010","07","11",0.523838216,7565.1,1.073450387,11172.47163,2.912844931,10408,3.250575481,11168.97735,4.316024208,3436,1.538254349,710.7,0.155130078,1614.128463,0.738936308,10405,1.63391602,1609.407279,1.831750433,985
"KCAE20100711_122142",6340.85,"2010","07","11",0.531749472,5833.42,0.861158785,8961.218317,2.51320759,10406,2.849102638,8957.578695,3.904530392,3144,1.528745076,507.43,0.113241492,1177.598272,0.519351225,10399,1.329737498,1172.828473,1.250835984,882
"KCAE20100711_123121",5857.69,"2010","07","11",0.523577099,5344.03,0.781271759,8128.351378,2.107031419,10404,2.711828632,8124.638583,3.191327318,2996,1.536906229,513.66,0.115510121,1202.113826,0.54532953,10407,1.336324815,1197.347034,1.350931958,896
"KCAE20100711_124059",5527.94,"2010","07","11",0.524667674,5137.64,0.722717493,7516.984647,2.068323741,10401,2.611475049,7513.213715,3.245993597,2877,1.544550502,390.3,0.087764753,913.1922582,0.417562152,10405,1.098418243,908.3918869,1.041727279,827
"KCAE20100711_125037",5256.99,"2010","07","11",0.522135698,4906.55,0.691824273,7197.739736,1.907622189,10404,2.557388988,7193.935224,2.948022255,2813,1.535424105,350.44,0.080034871,832.6027627,0.428734077,10403,1.18927836,827.7377382,1.19606436,696
"KCAE20100712_100206",32.36,"2010","07","12",0.52734375,27.69,0.005166181,53.73344361,0.087213617,10401,1.277358956,48.53964031,0.685310856,38,0.89755935,4.67,0.000629807,6.551250359,0.009290682,10402,0.669451564,1.338903129,0.054439048,2
"KCAE20100712_100620",321.71,"2010","07","12",0.52734375,315.71,0.04454925,463.3567488,0.484434362,10401,2.559964318,458.2336129,2.690197668,179,0.893669755,6,0.000927073,9.648048304,0.022036735,10407,1.108549378,4.434197513,0.219197206,4
"KCAE20100712_101033",2883.44,"2010","07","12",0.527393889,2875.18,0.389983838,4058.951789,2.026393557,10408,3.939991403,4054.251154,5.250826253,1029,0.895827011,8.26,0.001536007,15.9852267,0.032974998,10407,0.897948784,10.7753854,0.38860675,12
"KCAE20100712_101449",9814.25,"2010","07","12",0.52734375,9623.01,1.60417343,13067.59676,5.816824258,8146,5.396417787,13064.72746,9.66483054,2421,0.878819917,191.24,0.035374373,290.3528498,0.318291235,8208,1.514993806,286.3338294,1.473020793,189
"KCAE20100712_101908",26229.57,"2010","07","12",0.52734375,25309.38,3.16804063,32966.6308,9.967765773,10406,7.216222607,32963.70487,14.04089448,4568,0.897194963,920.19,0.131383007,1366.251892,0.740013634,10399,2.050260293,1361.372834,2.156223513,664
"KCAE20100712_102322",45385.62,"2010","07","12",0.52734375,39296.14,4.772507851,49648.39917,12.96365901,10403,8.738960142,49646.03257,16.52577968,5681,0.884390436,6089.48,0.783371803,8147.850119,2.421977922,10401,3.584408437,8143.775968,4.101225562,2272
"KCAE20100712_102736",53884.26,"2010","07","12",0.52734375,47276.51,5.551503663,57752.29261,13.16546241,10403,9.039017193,57750.28085,15.83403823,6389,0.894685835,6607.75,0.832238971,8661.110973,2.530109508,10407,3.555283576,8657.115509,4.205248857,2435
"KCAE20100712_103149",61581.07,"2010","07","12",0.52734375,49378.09,5.655709294,58808.06524,11.3752245,10398,8.752228214,58806.22137,13.1587694,6719,0.899045038,12202.98,1.461938137,15221.69989,3.576895023,10412,4.244986968,15218.27828,5.034811187,3585
"KCAE20100712_103603",77507.24,"2010","07","12",0.52684466,55918.86,6.164392067,64115.84189,12.98016852,10401,9.136973903,64114.14588,14.91933636,7017,0.89021285,21588.38,2.451008644,25517.45099,5.767304739,10411,5.097850464,25514.74157,7.463320025,5005
"KCAE20100712_104017",65119.98,"2010","07","12",0.527359588,48947.17,5.425904462,56456.53593,10.4101934,10405,7.949152423,56454.88051,11.77801845,7102,0.895033576,16172.81,1.896971188,19736.08824,4.118863399,10404,4.436399093,19733.10317,5.331007315,4448
"KCAE20100712_104438",57453.92,"2010","07","12",0.52734375,41414.89,4.521261606,47061.81206,8.622074203,10409,6.876099551,47060.02533,9.842555435,6844,0.895185712,16039.03,1.813620557,18876.16275,4.033153635,10408,4.21653032,18873.18971,5.262675504,4476
"KCAE20100712_104852",60131.94,"2010","07","12",0.501414283,39088.27,4.25103103,44214.97374,7.659495327,10401,6.532676261,44213.15293,8.675170598,6768,0.893356279,21043.67,2.295817098,23899.45599,4.753373199,10410,4.623999373,23896.82876,5.89496803,5168
"KCAE20100712_105306",42112.14,"2010","07","12",0.52734375,30150.39,3.239088565,33692.99926,6.33500914,10402,5.599268996,33690.80155,7.49453728,6017,0.878533456,11961.75,1.385391316,14412.22586,3.138715499,10403,3.704103247,14408.96163,4.214301658,3890
"KCAE20100712_105719",33247.66,"2010","07","12",0.495783649,21949.26,2.492698798,25948.99449,4.802306816,10410,4.63994631,25946.57977,5.742121371,5592,0.892435641,11298.4,1.327728652,13815.01662,3.082039187,10405,3.345898902,13811.87067,4.146479191,4128
"KCAE20100712_110140",24899.17,"2010","07","12",0.490808006,16020.61,1.97054797,20503.55163,4.212300477,10405,4.21306526,20500.77555,5.338206882,4866,0.893438871,8878.56,1.120193151,11653.36935,2.817343366,10403,3.212899284,11649.9728,4.006508989,3626
"KCAE20100712_110554",15307.47,"2010","07","12",0.52734375,10759.45,1.434797412,14941.98025,2.987355282,10414,3.588481223,14938.84733,3.82081819,4163,0.893645976,4548.02,0.659296086,6863.272251,1.730810044,10410,2.585519993,6859.384541,2.603232668,2653
"KCAE20100712_111107",14095.55,"2010","07","12",0.534268972,8238.3,1.202501923,12504.8175,2.53254739,10399,3.323097054,12501.49112,3.268700961,3762,0.889989709,5857.25,0.870149923,9054.780101,2.134320975,10406,2.756154277,9051.210646,3.039522822,3284
"KCAE20100712_111521",11153.91,"2010","07","12",0.52734375,7202.37,1.127158574,11728.08496,2.333408005,10405,3.245137253,11724.6809,2.968029937,3613,0.894179115,3951.54,0.624377103,6497.892516,1.734305239,10407,2.652738385,6493.903567,2.721948012,2448
"KCAE20100712_111935",11124.75,"2010","07","12",0.495342968,6610.64,1.03977659,10818.87541,2.332267331,10405,3.197917084,10815.35558,3.136208691,3382,0.890906213,4514.11,0.716873857,7459.072477,2.001975117,10405,2.654063887,7455.265459,3.115688313,2809
"KCAE20100712_112349",9147.47,"2010","07","12",0.527351145,6009.71,0.935411904,9728.283806,2.068663421,10400,3.046576206,9724.671249,2.740994777,3192,0.895231659,3137.76,0.503469936,5241.122033,1.342337244,10410,2.336915589,5237.027834,2.021746794,2241
"KCAE20100712_112803",9502.18,"2010","07","12",0.52734375,5985.25,0.933171512,9703.117383,2.081967853,10398,3.055922119,9699.496806,2.777634425,3174,0.890748855,3516.93,0.56771304,5903.647905,1.541599821,10399,2.481963559,5899.627381,2.37658991,2377
"KCAE20100712_113217",7643.26,"2010","07","12",0.52734375,5135.5,0.807292243,8398.261204,1.869820205,10403,2.878775314,8394.508815,2.551809903,2916,0.893588795,2507.76,0.414818318,4320.332778,1.251291653,10415,2.209980405,4316.091732,2.093999214,1953
"KCAE20100712_113631",8330.74,"2010","07","12",0.527351674,5558.74,0.841174282,8746.530182,2.059320363,10398,3.114615486,8742.72567,2.937864906,2807,0.890296076,2772,0.449668315,4677.000148,1.315602154,10401,2.298478216,4672.806214,2.146592162,2033
"KCAE20100712_114045",7210.9,"2010","07","12",0.52734375,5095.32,0.77983837,8113.438405,2.01955848,10404,2.820753032,8109.664966,3.000907636,2875,0.893852324,2115.58,0.361165698,3757.206761,1.115076577,10403,2.020960482,3752.923615,1.900865354,1857
"KCAE20100712_114511",7412.01,"2010","07","12",0.527351665,4903.92,0.752516437,7833.696105,1.881669017,10410,2.863880392,7829.848992,2.727142137,2734,0.897707355,2508.09,0.415432889,4320.086616,1.213000661,10399,2.104291909,4315.902705,1.97695212,2051
"KCAE20100712_114925",9630.09,"2010","07","12",0.52734375,6029.55,0.877217623,9131.835455,2.691484764,10410,3.22203952,9128.03796,4.36680796,2833,0.891064897,3600.54,0.55795175,5806.603862,1.718836457,10407,2.500022086,5802.551262,2.897440159,2321
"KCAE20100712_115339",7963.11,"2010","07","12",0.52734375,5324.73,0.794342023,8261.157036,2.787949058,10400,3.098416642,8257.280352,4.816668156,2665,0.890780122,2638.38,0.435530685,4531.261243,1.240221995,10404,2.127402922,4527.113417,1.980616885,2128
"KCAE20100712_115752",8992.79,"2010","07","12",0.485112875,5130.32,0.767543004,7990.12267,2.123885112,10410,3.042369877,7986.220927,3.312345009,2625,0.891170586,3862.47,0.609162458,6338.94454,1.782467073,10406,2.515882119,6334.991175,2.887233293,2518
"KCAE20100712_120206",9147.16,"2010","07","12",0.527426124,5822.5,0.866860979,9017.954761,2.402627097,10403,3.377324308,9014.078579,3.745092046,2669,0.87854025,3324.66,0.54576851,5676.538277,2.191015517,10401,2.655616088,5672.395964,4.216621361,2136
"KCAE20100712_120620",8019.66,"2010","07","12",0.498578403,4829.54,0.757236209,7880.557228,2.070102953,10407,3.066029164,7876.628922,3.206944139,2569,0.893343554,3190.12,0.523749271,5450.658668,1.478373193,10407,2.408923484,5446.575997,2.34969524,2261
"KCAE20100712_121034",6603.74,"2010","07","12",0.527357478,4161.61,0.644095893,6701.17367,1.752994232,10404,2.754906501,6697.177704,2.709106749,2431,0.920922544,2442.13,0.413954413,4309.679393,1.280068884,10411,2.165723286,4305.457893,2.188541102,1988
"KCAE20100712_121500",6229.58,"2010","07","12",0.527425533,3770.49,0.59037228,6146.365803,1.737430404,10411,2.655558663,6142.307189,2.847150079,2313,0.895477665,2459.09,0.404568843,4206.706826,1.195126553,10398,2.117123596,4202.490337,1.964276436,1985
"KCAE20100712_121914",5523.83,"2010","07","12",0.52734375,3510.7,0.540040166,5619.117931,1.494844221,10405,2.464901134,5615.044783,2.337599287,2278,0.890346821,2013.13,0.330775765,3440.067953,1.1028802,10400,2.031758198,3435.703113,2.006813814,1691
"KCAE20100712_122329",5922.76,"2010","07","12",0.527398661,3483.59,0.532329617,5538.357339,1.710987277,10404,2.511001635,5534.247604,2.975636647,2204,0.894650399,2439.17,0.392238246,4081.631186,1.244387342,10406,2.051012169,4077.412192,2.169269836,1988
"KCAE20100712_122742",5774.31,"2010","07","12",0.497491802,3355.81,0.518461319,5392.516179,1.432633553,10401,2.428308006,5388.415465,2.232682188,2219,0.878013353,2418.5,0.408275924,4244.844786,1.160951406,10397,2.122440097,4240.635314,1.837731873,1998
"KCAE20100712_123156",5599.29,"2010","07","12",0.52734375,3471.14,0.536077425,5577.885602,1.473342151,10405,2.528936191,5573.775366,2.282659073,2204,0.898134437,2128.15,0.360761851,3751.201725,1.067746425,10398,2.099095237,3746.884999,1.730376339,1785
"KCAE20100712_123611",5338.02,"2010","07","12",0.499498308,2834.41,0.444626712,4625.896307,1.256502419,10404,2.331824071,4621.675308,1.972053644,1982,0.892156674,2503.61,0.409190613,4258.037518,1.185620359,10406,2.101697908,4253.836567,1.916230149,2024
"KCAE20100712_124024",4982.75,"2010","07","12",0.52734375,3095.4,0.476809695,4964.065733,1.47187593,10411,2.431308968,4959.870295,2.511411393,2040,0.894585459,1887.35,0.3107799,3231.800184,1.032311011,10399,2.06485713,3227.371694,1.862960311,1563
"KCAE20100712_124439",4094.8,"2010","07","12",0.52734375,2241.4,0.45760033,3669.039442,1.187647621,8018,2.119010391,3665.887977,1.737373843,1730,0.893653934,1853.4,0.350562392,3136.832281,1.152210893,8948,2.111247587,3133.091419,2.071361586,1484
"KCAE20100712_124855",4696,"2010","07","12",0.52734375,3034.23,0.530668348,4755.319064,1.750570465,8961,2.483944954,4751.786697,3.083412537,1913,0.883990367,1661.77,0.288795854,2819.513922,1.032805168,9763,2.099398153,2815.292923,1.991930512,1341
"KCAE20100712_125313",4888.66,"2010","07","12",0.52734375,3261.15,0.49812153,5181.958277,1.471935233,10403,2.457427825,5177.800428,2.425927914,2107,0.894872061,1627.51,0.278944877,2902.421441,1.088191529,10405,2.059638776,2897.911758,2.256801149,1407
"KCAE20100712_125727",5212.71,"2010","07","12",0.483398438,3257.57,0.488304102,5080.804181,1.382596096,10405,2.457223998,5076.624781,2.188962617,2066,0.893341111,1955.14,0.313713032,3265.125234,1.125544507,10408,2.155100577,3260.667173,2.179351892,1513
"KCAE20100713_100457",45.82,"2010","07","13",0.532563339,37.3,0.004364377,45.39388593,0.134292766,10401,3.091350227,40.18755295,2.300742516,13,1.472620714,8.52,0.000931697,9.687784758,0.031040018,10398,2.238721139,4.477442277,0,2
"KCAE20100713_101043",302.43,"2010","07","13",0.532361773,294.5,0.029734747,309.3900453,0.541088347,10405,5.633375116,304.2022562,5.031147054,54,1.463018327,7.93,0.001034832,10.76743164,0.034057602,10405,1.388645806,5.554583224,1.205956289,4
"KCAE20100713_101629",1087.77,"2010","07","13",0.532726016,1075.03,0.112780652,1173.144345,1.139777126,10402,6.083475122,1168.027224,5.850894092,192,1.462312586,12.74,0.001154633,12.01280424,0.04781183,10404,3.399727318,6.799454637,0.822145117,2
"KCAE20100713_102213",4895.42,"2010","07","13",0.524193336,4891.36,0.488044756,5078.593729,4.059694015,10406,10.91099232,5073.611427,15.98803769,465,1.460195268,4.06,0.000501187,5.213850791,0,10403,NA,0,NA,0
"KCAE20100713_102800",6527.29,"2010","07","13",0.532101288,6521.88,0.64437919,6702.83233,4.402496574,10402,9.996947427,6697.954776,14.41183675,670,1.500865289,5.41,0.000707799,7.36252358,0.015116198,10402,1.075088175,2.15017635,0.259985114,2
"KCAE20100713_103348",7520.99,"2010","07","13",0.532688507,7470.56,0.733767326,7631.913957,4.298255211,10401,9.439487708,7627.106068,12.48265465,808,1.494913448,50.43,0.005830344,60.67056452,0.12657091,10406,2.133393886,55.46824103,1.395788641,26
"KCAE20100713_103934",7581.52,"2010","07","13",0.533098242,7512.02,0.72556711,7549.525782,4.594571777,10405,8.632435889,7544.748967,13.53699686,874,1.462285343,69.5,0.008972681,93.33382506,0.160851663,10402,2.149781076,88.14102413,1.418262116,41
"KCAE20100713_104519",5243.22,"2010","07","13",0.532467395,4991.07,0.499953504,5202.516165,2.907350466,10406,6.776643052,5197.685221,8.498837409,767,1.460869073,252.15,0.031684813,329.6487972,0.376599678,10404,2.773445164,324.4930842,2.247427807,117
"KCAE20100713_105105",3853.21,"2010","07","13",0.532602006,3580.43,0.350535267,3647.669988,2.291301996,10406,6.163706998,3642.750836,7.529907636,591,1.459440202,272.78,0.037091638,385.7530339,0.397740153,10400,2.589213342,380.6143612,2.148441357,147
"KCAE20100713_105651",2067.15,"2010","07","13",0.532508444,1823.35,0.172968425,1799.217556,1.641217942,10402,4.565397387,1794.201173,7.167112286,393,1.502034638,243.8,0.032313468,336.0277533,0.4737363,10399,3.212306112,330.8675295,3.544659396,103
"KCAE20100713_110237",828.81,"2010","07","13",0.532335231,671.78,0.073993978,769.6853642,0.667022616,10402,2.885301242,764.6048292,3.06398839,265,1.501704549,157.03,0.021384421,222.4835176,0.27520064,10404,2.263721663,217.3172796,1.779072928,96
"KCAE20100713_110822",547.9,"2010","07","13",0.533049672,395.91,0.056501275,587.8957636,0.671860524,10405,2.438496628,582.8006942,3.728375534,239,1.464167928,151.99,0.019672363,204.6712656,0.354815116,10404,2.624934262,199.4950039,3.24558234,76
"KCAE20100713_111408",300.54,"2010","07","13",0.532382406,196.13,0.037532185,390.5599165,0.44083207,10406,1.826778733,385.4503127,2.519029994,211,1.501677622,104.41,0.013931596,144.94432,0.226293744,10404,2.150193003,139.7625452,1.913055546,65
"KCAE20100713_112053",144,"2010","07","13",0.542518604,106.15,0.034997998,213.5227887,0.251623523,6101,1.307737494,210.5457366,0.860053226,161,1.467896071,37.85,0.00875544,56.94538241,0.154005784,6504,1.851730864,53.70019507,1.405288225,29
"KCAE20100713_112652",285.51,"2010","07","13",0.532200041,253.35,0.057098252,593.9360225,0.377486201,10402,1.475996608,588.9226466,1.274766231,399,1.491950436,32.16,0.005032876,52.34694686,0.104002394,10401,1.625814927,47.14863287,1.13542753,29
"KCAE20100713_113238",263.81,"2010","07","13",0.532439792,259.27,0.057319889,596.2414874,0.405874262,10402,1.435035502,591.234627,1.479074457,412,1.478734309,4.54,0.000631527,6.568515602,0.009535606,10401,0.67833478,1.35666956,0.164039517,2
"KCAE20100713_113823",317.76,"2010","07","13",0.532902391,306.66,0.067113538,698.1821361,0.387430348,10403,1.438194725,693.2098576,1.127291457,482,1.50296634,11.1,0.001903957,19.80305548,0.037951066,10401,0.858748661,14.59872724,0.393494431,17
"KCAE20100713_114409",339.38,"2010","07","13",0.532413347,324.13,0.070460474,732.8593869,0.374057053,10401,1.43570146,727.9006404,0.955265608,507,1.472457305,15.25,0.002558659,26.62028732,0.076684349,10404,1.946495309,21.4114484,1.398676115,11
"KCAE20100713_114955",344.55,"2010","07","13",0.532326401,331.88,0.070337736,731.8641424,0.4167508,10405,1.468479549,726.8973769,1.265407676,495,1.475864387,12.67,0.001973487,20.53808037,0.048048974,10407,1.277353256,15.32823907,0.638372767,12
"KCAE20100713_115541",330.07,"2010","07","13",0.532265798,324.87,0.068332599,711.1373581,0.388602034,10407,1.496097591,706.158063,1.093831466,472,1.501936556,5.2,0.000770346,8.013910881,0.022624688,10403,1.400531232,2.801062464,1.185379534,2
"KCAE20100713_120127",305.88,"2010","07","13",0.523831926,299.91,0.065149605,677.8816384,0.395265488,10405,1.546861613,672.8848017,1.20365081,435,1.467769952,5.97,0.000979553,10.19029128,0.022261052,10403,0.829907935,4.97944761,0.453793886,6
"KCAE20100713_120712",325.81,"2010","07","13",0.532029236,321.11,0.067981998,706.9447939,0.383502862,10399,1.509604301,701.966,1.056227644,465,1.467230139,4.7,0.000676112,7.035618716,0.013509487,10406,0.910633368,1.821266737,0.492559331,2
"KCAE20100713_121258",336.44,"2010","07","13",0.532288654,327.11,0.069358404,721.3274047,0.428023053,10400,1.550533779,716.3466059,1.353427115,462,1.472657317,9.33,0.001510952,15.72296161,0.050788221,10406,1.501587939,10.51111557,1.358730361,7
"KCAE20100713_121843",334.03,"2010","07","13",0.532398158,328.03,0.071696238,745.9276584,0.391656678,10404,1.478970861,740.9644013,1.052027246,501,1.463724137,6,0.001033824,10.75487172,0.027876352,10403,1.108705373,5.543526865,0.697436235,5
"KCAE20100713_122429",543.16,"2010","07","13",0.531998678,537.3,0.114828969,1194.221279,0.562470437,10400,1.684649815,1189.36277,1.420933536,706,1.498052848,5.86,0.000849132,8.833516605,0.018968673,10403,0.905417641,3.621670563,0.395185094,4
"KCAE20100713_123014",487.45,"2010","07","13",0.532387598,482.16,0.102526045,1066.680969,0.494235072,10404,1.618590542,1061.795395,1.1927717,656,1.468409238,5.29,0.000768387,7.994302369,0.013770615,10404,0.695488785,2.781955139,0.117517412,4
"KCAE20100713_123600",489.61,"2010","07","13",0.531133431,479.42,0.097008868,1009.474286,0.459194104,10406,1.57704582,1004.578187,1.054825622,637,1.465250142,10.19,0.001194536,12.4219819,0.042314692,10399,1.803035153,7.21214061,1.369482618,4
"KCAE20100713_124146",536.01,"2010","07","13",0.532180037,522.85,0.105142873,1093.801303,0.513019377,10403,1.675251113,1088.913224,1.258861112,650,1.477105638,13.16,0.002645391,27.52000761,0.045169857,10403,0.826655144,22.31968888,0.330668074,27
"KCAE20100713_124730",628.11,"2010","07","13",0.532113115,606.31,0.122808458,1277.82201,0.5374249,10405,1.692797938,1272.984049,1.157940742,752,1.501180557,21.8,0.003588005,37.32243103,0.070925354,10402,1.284864444,32.1216111,0.682539424,25
"KCAE20100713_125315",911.11,"2010","07","13",0.5327382,896.65,0.180774707,1881.141598,0.664845335,10406,1.787097609,1876.45249,1.229548705,1050,1.462580016,14.46,0.00291208,30.29145951,0.054614636,10402,0.865263598,25.09264434,0.579332267,29
"KCAE20100713_125901",1025.07,"2010","07","13",0.532444432,1012.97,0.20531135,2135.032726,0.782499494,10399,1.900430607,2130.382711,1.568794966,1121,1.496522827,12.1,0.002522779,26.24194641,0.050703534,10402,0.914788005,21.04012412,0.586039732,23
"KCAE20100714_100106",89656.53,"2010","07","14",0.52734375,39585.27,3.547258579,36887.94196,39.60512009,10399,125.026705,36882.87797,200.5896989,295,0.878887252,50071.26,4.436073021,46175.08408,45.29417945,10409,111.2531933,46170.07521,199.1584483,415
"KCAE20100714_100521",85780.45,"2010","07","14",0.498950856,35627.39,3.113773474,32342.76508,36.05241422,10387,83.99416157,32337.7522,168.3560612,385,0.88740438,50153.06,4.330120264,45015.93027,44.66069294,10396,98.27718225,45010.94947,190.0420785,458
"KCAE20100714_100935",90863.44,"2010","07","14",0.52734375,50046.05,4.226775437,43971.14488,45.19046676,10403,88.10857939,43966.18112,187.7514214,499,0.922079268,40817.39,3.430304258,35695.74611,33.25662721,10406,68.63613725,35690.79137,133.0010291,520
"KCAE20100714_101348",77272.54,"2010","07","14",0.52734375,34260.8,2.877215952,29914.41425,29.98962642,10397,36.92544367,29909.60937,101.4820652,810,0.893496098,43011.74,3.533215076,36770.1693,35.84050715,10407,70.43144648,36765.21506,144.6913002,522
"KCAE20100714_101802",70054.74,"2010","07","14",0.52734375,35825.94,3.101835435,32259.08852,29.15844153,10400,23.49203518,32254.5643,77.23218476,1373,0.874867827,34228.8,2.780357787,28924.06206,28.0726035,10403,42.15625659,28919.19202,101.5127161,686
"KCAE20100714_102217",47829.19,"2010","07","14",0.52734375,26775.16,2.430804116,25294.94763,16.15640631,10406,13.82002702,25290.64945,36.43475098,1830,0.891899736,21054.03,1.696041515,17652.40009,15.3099869,10408,24.89074623,17647.53908,53.54699641,709
"KCAE20100714_102630",39890.28,"2010","07","14",0.498784364,25890.99,2.441283145,25408.87497,18.7174043,10408,11.621571,25404.75421,39.52109314,2186,0.892962878,13999.29,1.116427867,11613.08267,12.43295639,10402,21.10571814,11608.14498,50.05892552,550
"KCAE20100714_103045",24924.29,"2010","07","14",0.52734375,16121.32,1.713458344,17830.24753,9.37595439,10406,7.65730195,17826.19894,18.64257889,2328,0.893024141,8802.97,0.721859682,7513.837425,8.09927255,10409,10.75783724,7508.970396,29.52007033,698
"KCAE20100714_103459",16548.42,"2010","07","14",0.52734375,11714.14,1.394391994,14507.2543,5.433518345,10404,5.539859458,14503.35206,9.715307448,2618,0.89235177,4834.28,0.403821345,4198.934348,4.629971889,10398,8.019092016,4193.985124,19.12553844,523
"KCAE20100714_103914",12934.22,"2010","07","14",0.527391282,10192.26,1.25919684,13096.90633,4.540408331,10401,4.511767033,13093.14793,7.695908502,2902,0.896457875,2741.96,0.267664306,2785.314764,2.281899554,10406,4.076893283,2780.441219,8.000503109,682
"KCAE20100714_104329",10056.49,"2010","07","14",0.52734375,8013.99,1.069802656,11129.15703,3.201640485,10403,3.861640785,11125.3871,5.12244079,2881,0.895505124,2042.5,0.187363462,1948.392645,1.645742274,10399,4.152596912,1943.415355,6.618622896,468
"KCAE20100714_104743",8418.22,"2010","07","14",0.52734375,6640.44,0.924135199,9612.854339,2.666505385,10402,3.273973415,9609.111973,4.184616485,2935,0.895477603,1777.78,0.180031841,1873.231307,1.391532117,10405,3.166630769,1868.312154,4.973083831,590
"KCAE20100714_105156",7340.1,"2010","07","14",0.49202128,5800.89,0.890701041,9272.197835,2.155734585,10410,3.107098732,9268.475517,3.055121989,2983,0.890771759,1539.21,0.200784059,2088.756563,0.907100487,10403,2.161852549,2084.025857,2.155222869,964
"KCAE20100714_105610",6091.28,"2010","07","14",0.52734375,4631.07,0.738374869,7683.528887,1.890266766,10406,2.845374671,7679.666237,2.789899464,2699,0.876616992,1460.21,0.158902221,1652.900902,1.263250501,10402,2.742077814,1647.988766,4.535355287,601
"KCAE20100714_110024",6102.7,"2010","07","14",0.497017281,4780.92,0.776290509,8074.973875,2.157070621,10402,2.972788674,8071.121249,3.361654508,2715,0.885812048,1321.78,0.14365886,1494.339457,1.219969753,10402,2.664411933,1489.406271,4.584210392,559
"KCAE20100714_110438",5596.95,"2010","07","14",0.52734375,3625.14,0.576392093,5998.512512,1.66339323,10407,2.57826319,5994.461917,2.688209348,2325,0.892667143,1971.81,0.16629286,1730.110919,1.614593535,10404,4.765408831,1725.077997,7.290320896,362
"KCAE20100714_110852",5915.33,"2010","07","14",0.52734375,3742,0.584024055,6077.354314,1.731315182,10406,2.705240145,6073.264125,2.856347647,2245,0.89201658,2173.33,0.180679655,1880.333165,1.747828599,10407,4.585140086,1875.322295,7.594254066,409
"KCAE20100714_111306",5581.16,"2010","07","14",0.52734375,3252.71,0.504943413,5253.431271,1.472757852,10404,2.479583341,5249.277933,2.40125711,2117,0.892559465,2328.45,0.182285047,1897.222774,2.066748254,10408,5.614763553,1892.175317,10.0851551,337
"KCAE20100714_111720",6164.49,"2010","07","14",0.527350616,2836.27,0.442573562,4603.207621,1.299475576,10401,2.319207578,4598.988627,2.122992794,1983,0.89454807,3328.22,0.267786281,2786.851825,2.592674128,10407,5.619967791,2781.884057,10.55742789,495
"KCAE20100714_112134",6170.73,"2010","07","14",0.495743279,3131.56,0.471238235,4904.64755,1.569916474,10408,2.419973381,4900.446097,2.820537256,2025,0.893398168,3039.17,0.249105098,2590.693024,2.885450499,10400,4.991776626,2585.740292,11.98953156,518
"KCAE20100714_112548",10473.46,"2010","07","14",0.52734375,3346.5,0.438004859,4553.936523,1.856088995,10397,2.52196775,4549.629821,3.821846181,1804,0.896471385,7126.96,0.533714991,5552.237049,4.666431867,10403,11.46129292,5547.265773,18.53283813,484
"KCAE20100714_113101",14044.84,"2010","07","14",0.536951179,4443.16,0.559805573,4935.245933,2.695115281,8816,3.169413441,4931.607314,5.73596521,1556,0.878044487,9601.68,0.784433996,7480.36259,6.364963155,9536,11.64471189,7475.90503,21.81693143,642
"KCAE20100714_113517",18554.95,"2010","07","14",0.52734375,7194.66,0.69468487,7226.11202,3.94228539,10402,4.08241112,7221.785271,8.808736287,1769,0.893102423,11360.29,0.815088695,8480.997868,8.325553364,10405,19.71162448,8475.998526,36.1616626,430
"KCAE20100714_113930",12807.77,"2010","07","14",0.52734375,6022.68,0.614150618,6386.552276,3.486127576,10399,3.674272304,6382.210992,7.844988146,1737,0.890892199,6785.09,0.497191536,5174.769502,6.041236358,10408,10.42298737,5169.801734,25.76143578,496
"KCAE20100714_114344",5506.33,"2010","07","14",0.52734375,3262.94,0.374870346,3901.275687,2.292045758,10407,2.833999246,3896.748964,5.728369516,1375,0.921062231,2243.39,0.174449232,1814.446466,2.328749719,10401,5.550297562,1809.397005,11.98381179,326
"KCAE20100714_114758",6623.41,"2010","07","14",0.527371216,4300.96,0.488149593,5076.755764,11.79472848,10400,3.469409133,5072.276153,31.3023688,1462,0.893888087,2322.45,0.205286975,2135.395111,8.691220181,10402,5.23436301,2130.385745,43.6891927,407
"KCAE20100714_115212",5885.48,"2010","07","14",0.52734375,3962.05,0.457915475,4760.031363,7.097023015,10395,3.578244996,4755.487599,19.57157152,1329,0.878432738,1923.43,0.168200412,1750.293489,7.666041106,10406,6.038833834,1745.222978,45.69062114,289
"KCAE20100714_115626",4184.92,"2010","07","14",0.52734375,3618.72,0.431101996,4487.771774,5.326953845,10410,3.296497081,4483.23603,14.41848127,1360,0.896086121,566.2,0.062635938,651.4137522,1.198510854,10400,2.267874538,646.3442433,6.897741332,285
"KCAE20100714_120040",2429.73,"2010","07","14",0.497999731,2143.16,0.348770966,3630.356982,1.27087513,10409,2.346870199,3625.914458,2.489201639,1545,0.893439587,286.57,0.047204458,491.1151809,0.339730369,10404,1.324481647,486.0847646,1.258902864,367
"KCAE20100714_120455",2293.86,"2010","07","14",0.52734375,2123.26,0.364202457,3789.162365,1.408526852,10404,2.472054429,3784.71533,2.876886441,1531,0.896390737,170.6,0.03680252,383.0038243,0.248919232,10407,1.18108859,377.9483487,0.816112068,320
"KCAE20100714_120912",2299.28,"2010","07","14",0.52734375,2176.63,0.372836657,3877.874064,1.245335749,10401,2.401407087,3873.469631,2.265419963,1613,0.890845064,122.65,0.026205663,272.643717,0.188514476,10404,1.110166602,267.5501512,0.576685164,241
"KCAE20100714_121326",2345.52,"2010","07","14",0.52734375,2185.77,0.382195479,3975.215174,1.480771449,10401,2.543744189,3970.784679,3.019441393,1561,0.900364698,159.75,0.033948257,353.2316192,0.224597501,10405,1.11593954,348.1731365,0.690469481,312
"KCAE20100714_121741",2297.05,"2010","07","14",0.52734375,2145.82,0.379913933,3952.244643,1.463713567,10403,2.519346619,3947.816152,2.972998457,1567,0.892147483,151.23,0.032369777,336.8722743,0.204264226,10407,1.036927496,331.8167987,0.56271458,320
"KCAE20100714_122155",2298.1,"2010","07","14",0.527351144,2071.98,0.376141745,3912.250286,1.267716017,10401,2.463954805,3907.83232,2.323480036,1586,0.894524266,226.12,0.047255126,491.4533073,0.271482682,10400,1.180697692,486.4474492,0.72378718,412
"KCAE20100714_122611",1902.86,"2010","07","14",0.532662084,1893.37,0.354519751,3687.005415,1.115377009,10400,2.252362391,3682.612509,1.908169823,1635,1.467722429,9.49,0.001864022,19.391421,0.037086395,10403,0.746689093,14.18709277,0.456259466,19
"KCAE20100714_123154",1879.63,"2010","07","14",0.531677792,1864.97,0.353875746,3682.784887,1.102329886,10407,2.247030834,3678.389475,1.8637001,1637,1.463394436,14.66,0.003026726,31.47492205,0.045833328,10399,0.750874788,26.28061756,0.254502129,35
"KCAE20100714_123739",1540.52,"2010","07","14",0.532240761,1526.69,0.295781832,3077.018403,0.970672022,10403,2.0732438,3072.547312,1.712012618,1482,1.500712568,13.83,0.002900318,30.17200567,0.047216165,10403,0.756808911,24.97469405,0.36970004,33
"KCAE20100714_124323",1639.93,"2010","07","14",0.532322854,1629.35,0.330197579,3436.696406,1.082329027,10408,2.225844929,3432.25288,1.920932148,1542,1.501983475,10.58,0.001977684,20.56988637,0.042983678,10401,0.853669963,15.36605933,0.600760995,18
"KCAE20100714_124908",1327.85,"2010","07","14",0.532327408,1317.56,0.279048738,2903.223073,0.903271703,10404,2.038482004,2898.72141,1.544314298,1422,1.502016907,10.29,0.001862661,19.36794425,0.03518719,10398,0.786978932,14.16562077,0.321608794,18
"KCAE20100714_125453",1249.32,"2010","07","14",0.532325148,1235.5,0.258528701,2688.957021,0.82313483,10401,1.898481507,2684.452851,1.368257082,1414,1.471076091,13.82,0.002800526,29.15067073,0.04746905,10409,0.825805077,23.94834724,0.366197683,29
"KCAE20100715_100010",135.23,"2010","07","15",0.532142679,131.17,0.026902421,279.9196893,0.43005976,10405,1.935042287,274.7760047,3.151110453,142,1.475411913,4.06,0.000501187,5.214351979,0,10404,NA,0,NA,0
"KCAE20100715_100555",130.21,"2010","07","15",0.532382803,123.92,0.024811893,258.118119,0.30547888,10403,1.806960246,252.9744344,1.934120192,140,1.468443199,6.29,0.000789014,8.208110732,0.021874315,10403,1.497631157,2.995262315,0.703756732,2
"KCAE20100715_101140",391.45,"2010","07","15",0.532577145,384.71,0.07683608,799.4025755,0.59479549,10404,2.063327742,794.3811806,2.340062367,385,1.468997942,6.74,0.000907754,9.44427008,0.030899527,10404,2.115460238,4.230920476,0.994082806,2
"KCAE20100715_101725",1788.67,"2010","07","15",0.532052101,1783.69,0.323610795,3365.875874,1.516093904,10401,3.144245832,3361.198795,3.675205373,1069,1.466062752,4.98,0.000673589,7.006675464,0.012514198,10402,0.897164117,1.794328235,0.1454319,2
"KCAE20100715_102311",4073.87,"2010","07","15",0.532393764,4067.27,0.676237922,7032.874391,2.105942497,10400,3.591539534,7028.642867,3.619967494,1957,1.476029657,6.6,0.00104333,10.85480854,0.022588292,10404,0.806280696,5.643964872,0.357310768,7
"KCAE20100715_102856",5937.62,"2010","07","15",0.532419438,5904.67,0.931007388,9689.924891,2.598216505,10408,3.894634092,9685.954987,4.08837293,2487,1.459461794,32.95,0.00632907,65.86030544,0.092818229,10406,1.028381714,60.67452114,0.690565359,59
"KCAE20100715_103441",9204.07,"2010","07","15",0.532403882,9141.14,1.296203476,13483.10856,3.3691116,10402,4.314808231,13479.46091,4.977580453,3124,1.475487415,62.93,0.012122737,126.1249507,0.134810467,10404,1.099688448,120.9657293,0.726714779,110
"KCAE20100715_104026",9690.42,"2010","07","15",0.532444923,9505.26,1.333087667,13861.44556,3.375919759,10398,4.204455742,13857.88613,4.887397836,3296,1.503010704,185.16,0.03536538,367.8353203,0.293587746,10401,1.505158747,362.743258,1.230574133,241
"KCAE20100715_104612",9754.52,"2010","07","15",0.532407703,9360.88,1.33902044,13932.50767,3.083975845,10405,3.987702109,13929.04347,4.215776272,3493,1.466179797,393.64,0.078231527,813.4514149,0.52731128,10398,1.929475101,808.4500675,1.826644458,419
"KCAE20100715_105158",8533.76,"2010","07","15",0.525885033,7864.51,1.195840183,12437.93374,2.736414756,10401,3.889372283,12434.32319,3.726696917,3197,1.473173782,669.25,0.13265237,1380.115257,0.728377292,10404,2.034378266,1375.239708,2.074342425,676
"KCAE20100715_105743",6911.79,"2010","07","15",0.53190986,6064.84,1.016108992,10572.61406,2.425473006,10405,3.717490004,10568.82408,3.389936303,2843,1.461894949,846.95,0.169642288,1764.958362,1.219161606,10404,2.378533633,1760.114888,3.957738172,740
"KCAE20100715_110328",5332.56,"2010","07","15",0.532768269,4649.93,0.862767747,8975.372876,2.180878567,10403,3.527893647,8971.433544,3.171452317,2543,1.458546695,682.63,0.14033803,1460.497881,0.960561158,10407,2.42597123,1455.582738,3.236670015,600
"KCAE20100715_110915",4302.43,"2010","07","15",0.532419077,3638.42,0.720035889,7487.653208,1.866051696,10399,3.12208707,7483.642707,2.758669556,2397,1.471145359,664.01,0.136004511,1415.126938,1.144147908,10405,2.781392873,1410.166186,4.420989597,507
"KCAE20100715_111501",3220.46,"2010","07","15",0.532384474,2878.12,0.579509762,6029.79907,1.773020602,10405,2.945068253,6025.609646,3.004033916,2046,1.464184345,342.34,0.072417917,753.2911706,0.664219595,10402,2.309383351,748.2402057,3.00431513,324
"KCAE20100715_112046",3242.23,"2010","07","15",0.532449186,3017.99,0.612021057,6364.406975,1.784429427,10399,3.014337741,6360.252634,2.907813105,2110,1.469293362,224.24,0.046256859,481.3026136,0.425689726,10405,2.070447972,476.2030335,2.00614162,230
"KCAE20100715_112632",2675.25,"2010","07","15",0.524418215,2535.86,0.518180037,5392.18146,1.459647127,10406,2.704801441,5387.964471,2.284325501,1992,1.467861902,139.39,0.027616732,287.4073255,0.337048418,10407,1.97386811,282.2631398,2.111209333,143
"KCAE20100715_113216",3029.13,"2010","07","15",0.532806807,2962.98,0.588666384,6122.130393,1.54600828,10400,2.726400495,6118.04271,2.291578542,2244,1.471809994,66.15,0.012894914,134.1586841,0.193213473,10404,1.697137137,128.9824224,1.51078586,76
"KCAE20100715_113900",2685.09,"2010","07","15",0.540490899,2620.48,0.53407898,5554.421392,1.396686395,10400,2.603319689,5550.277576,2.03247012,2132,1.45738766,64.61,0.011465181,119.2378834,0.206204487,10400,1.541386811,114.062624,1.915039126,74
"KCAE20100715_114445",3189.4,"2010","07","15",0.532356447,3165.72,0.626300598,6516.031424,1.600490881,10404,2.889062444,6511.946748,2.299732253,2254,1.46455157,23.68,0.004956631,51.56383589,0.077437788,10403,1.078407817,46.37153615,0.548207075,43
"KCAE20100715_115031",4056.27,"2010","07","15",0.531012723,4025.31,0.773844988,8051.083256,1.968049741,10404,3.271179603,8047.101824,2.866124912,2460,1.462479247,30.96,0.006633232,68.96570859,0.100109553,10397,1.081092118,63.78443497,0.784394419,59
"KCAE20100715_115616",3699.07,"2010","07","15",0.532145781,3667.34,0.708823893,7374.603786,1.879211293,10404,3.129753601,7370.56973,2.83328509,2355,1.465208588,31.73,0.007030299,73.14323363,0.100476075,10404,1.029726667,67.96196,0.739565977,66
"KCAE20100715_120201",3113.76,"2010","07","15",0.532536989,3059.83,0.616438911,6412.813988,1.749884736,10403,3.007352495,6408.668167,2.785939759,2131,1.459057554,53.93,0.013110303,136.39959,0.449570838,10404,1.822518383,131.2213235,5.12550055,72
"KCAE20100715_120746",3315.41,"2010","07","15",0.526089904,3289.72,0.651717334,6781.118862,1.696740636,10405,2.950394095,6777.055236,2.5023301,2297,1.471204117,25.69,0.006093033,63.37364107,0.111336676,10401,1.212184368,58.18484964,1.118221117,48
"KCAE20100715_121331",2928.02,"2010","07","15",0.532495373,2897.09,0.577991145,6014.575854,1.538072255,10406,2.83376875,6010.423518,2.283965501,2121,1.466652101,30.93,0.007205298,74.96391971,0.141011795,10404,1.203079941,69.77863659,1.471631794,58
"KCAE20100715_121916",3358.48,"2010","07","15",0.532230025,3321.78,0.660979442,6874.186201,1.782430193,10400,3.035840937,6870.10804,2.719201651,2263,1.469742992,36.7,0.007532623,78.35434584,0.10019085,10402,1.076104073,73.17507697,0.625944115,68
"KCAE20100715_122516",2495.17,"2010","07","15",0.532285116,2478.83,0.497247953,5172.870455,1.356668197,10403,2.551170784,5168.672009,2.05257064,2026,1.464645755,16.34,0.003602365,37.47901027,0.070544457,10404,1.075989797,32.2796939,0.769471991,30
"KCAE20100715_123102",3018.96,"2010","07","15",0.532360488,3003.04,0.583004298,6063.2447,1.523083142,10400,2.688181912,6059.162029,2.246482837,2254,1.457662087,15.92,0.003245212,33.76318154,0.061388809,10404,0.952128839,28.56386518,0.646344683,30
"KCAE20100715_123647",2862.43,"2010","07","15",0.531419664,2851.54,0.563892996,5866.178839,1.518554719,10403,2.693959362,5862.055572,2.299710662,2176,1.474584729,10.89,0.002206834,22.95327625,0.043104087,10401,0.887522579,17.75045157,0.436307933,20
"KCAE20100715_124232",2786.15,"2010","07","15",0.532202397,2767.96,0.555758619,5783.224193,1.467020605,10406,2.665634416,5779.095413,2.169792414,2168,1.46758998,18.19,0.003869953,40.25524837,0.076778619,10402,1.168564479,35.05693438,0.840778243,30
"KCAE20100715_124817",2460.82,"2010","07","15",0.532279782,2453.22,0.497659822,5176.657465,1.368196542,10402,2.564429851,5172.45501,2.087149925,2017,1.468026189,7.6,0.001403495,14.60476765,0.027725193,10406,0.782952295,9.395427539,0.244929786,12
"KCAE20100715_125404",2262.28,"2010","07","15",0.532265688,2249.5,0.460209875,4788.483754,1.332804577,10405,2.514042386,4784.22266,2.133467224,1903,1.460278351,12.78,0.001702024,17.69934629,0.042479542,10399,1.041126208,12.4935145,0.725101926,12
"KCAE20100715_125951",2384.25,"2010","07","15",0.532504283,2376.33,0.492885832,5127.984201,1.414993853,10404,2.660298617,5123.735136,2.247747369,1926,1.462861648,7.92,0.001089611,11.33303899,0.026969449,10401,1.02053295,6.1231977,0.514832909,6
"KCAE20100716_100150",76.62,"2010","07","16",0.531875452,71.45,0.010317398,107.3422088,0.249176612,10404,3.294948183,102.1433937,3.216931232,31,1.480553939,5.17,0.000784261,8.161018902,0.023010502,10406,1.473333461,2.946666923,1.082421633,2
"KCAE20100716_100734",227.82,"2010","07","16",0.531262309,222.73,0.027709623,288.263206,0.382357079,10403,3.253942052,283.0929585,2.657935728,87,1.479429697,5.09,0.000740105,7.698572424,0.018759684,10402,1.243112597,2.486225194,0.756840165,2
"KCAE20100716_101322",1484.9,"2010","07","16",0.528874147,1479.12,0.170887299,1777.569688,1.359633558,10402,5.244158992,1772.525739,5.511164511,338,1.479853751,5.78,0.00081666,8.494901357,0.016600705,10402,0.820889126,3.283556502,0.241683554,4
"KCAE20100716_101908",3531.31,"2010","07","16",0.53173617,3527.25,0.386509494,4021.63129,1.946384421,10405,5.812970705,4016.762757,5.053297632,691,1.475432819,4.06,0.000501187,5.213850791,0,10403,NA,0,NA,0
"KCAE20100716_102453",6353.32,"2010","07","16",0.530131271,6347.5,0.676301467,7032.858957,2.878241713,10399,6.624108267,7028.178871,6.467685122,1061,1.478223018,5.82,0.000819566,8.525126854,0.017557875,10402,0.8284455,3.313781999,0.393910608,4
"KCAE20100716_103038",10648.77,"2010","07","16",0.532833217,10637.81,1.125165902,11703.97572,4.368307676,10402,7.293993935,11699.56627,8.876549645,1604,1.47673399,10.96,0.001536266,15.98331419,0.046248578,10404,1.795328223,10.77196934,0.766031476,6
"KCAE20100716_103623",8371.38,"2010","07","16",0.532816849,8307.79,0.864284406,8991.150678,3.490300078,10403,6.350986577,8986.646007,7.399301807,1415,1.462173726,63.59,0.009909584,103.0993114,0.152965782,10404,1.748446891,97.91302589,1.153951778,56
"KCAE20100716_104211",4446.27,"2010","07","16",0.532072083,4218.08,0.445641777,4637.793975,2.023308945,10407,4.305871187,4633.117397,4.795060528,1076,1.463427788,228.19,0.035374064,368.1025081,0.386382555,10406,2.027803722,362.9768663,2.159836023,179
"KCAE20100716_104755",1896.22,"2010","07","16",0.532079473,1616.02,0.187640295,1952.772554,1.132573163,10407,3.057890038,1947.875954,3.492586648,637,1.496195941,280.2,0.0446613,464.5668457,0.362218111,10402,1.997690301,459.4687691,1.428806701,230
"KCAE20100716_105346",937.11,"2010","07","16",0.532878621,753.69,0.101995864,1061.26696,0.779506568,10405,2.539087983,1056.260601,3.005252971,416,1.465202149,183.42,0.029712185,309.2147067,0.263330232,10407,1.680052851,304.0895661,1.105239099,181
"KCAE20100716_105932",545.82,"2010","07","16",0.532246984,429.8,0.066051798,687.0047535,0.459366233,10401,1.942928267,681.9678218,1.616823266,351,1.493389012,116.02,0.019227474,199.9657257,0.220128118,10400,1.546162921,194.816528,1.285370434,126
"KCAE20100716_110517",342.76,"2010","07","16",0.532665863,277.57,0.045830606,476.8674597,0.362382717,10405,1.793857106,471.7844188,1.43803946,263,1.461282496,65.19,0.010994593,114.3767477,0.155117622,10403,1.47567547,109.1999848,1.112806353,74
"KCAE20100716_111102",235.22,"2010","07","16",0.532447789,195.82,0.035676422,371.1774895,0.329777368,10404,1.777021272,366.0663821,1.552481256,206,1.461783306,39.4,0.005961836,61.99712774,0.10213578,10399,1.42013323,56.80532919,0.849809601,40
"KCAE20100716_111649",258.89,"2010","07","16",0.531959064,230.41,0.045945111,477.8291521,0.371714874,10400,1.731698275,472.7536289,1.534091525,273,1.462039254,28.48,0.004113075,42.78420688,0.084394323,10402,1.565953574,37.58288577,0.818280668,24
"KCAE20100716_112235",265.27,"2010","07","16",0.532269166,238.88,0.038308768,398.4494979,0.328845339,10401,1.787940503,393.3469107,1.411998412,220,1.48223613,26.39,0.004111306,42.77403069,0.088471757,10404,1.633530697,37.57120602,0.958844752,23
"KCAE20100716_112820",198.93,"2010","07","16",0.53280788,174.82,0.03432309,357.1660693,0.277756273,10406,1.517530131,352.0669904,1.102368276,232,1.501689105,24.11,0.003629855,37.75774998,0.083937059,10402,1.550234538,32.55492531,1.071125422,21
"KCAE20100716_113405",198.79,"2010","07","16",0.532689578,172.4,0.036784011,382.6272802,0.360303074,10402,1.553644935,377.5357191,1.792726061,243,1.474577696,26.39,0.00337723,35.13670102,0.082203732,10404,1.662853912,29.93137041,1.10193277,18
"KCAE20100716_113950",156.17,"2010","07","16",0.508806764,149.85,0.029813988,310.0356629,0.24801564,10399,1.411722562,304.9320733,1.00778507,216,1.464899919,6.32,0.001001563,10.41525819,0.021482316,10399,0.867736546,5.206419274,0.240246889,6
"KCAE20100716_114631",296.92,"2010","07","16",0.50437939,281.05,0.053536631,557.2092539,0.38900606,10408,1.595856381,552.1663079,1.448134395,346,1.459919876,15.87,0.002273358,23.65429151,0.055774803,10405,1.418919522,18.44595378,0.721277898,13
"KCAE20100716_115216",124.56,"2010","07","16",0.531752855,117.94,0.025158405,261.7228851,0.20772924,10403,1.30922075,256.6072671,0.782788107,196,1.495198384,6.62,0.00096244,10.01129881,0.024601411,10402,1.19998849,4.799953959,0.42509811,4
"KCAE20100716_115801",154.22,"2010","07","16",0.532793607,146.03,0.028291698,294.2619463,0.250838587,10401,1.357539206,289.1558508,1.128845986,213,1.495383384,8.19,0.001377413,14.33198015,0.030177388,10405,0.912213886,9.122138857,0.360624161,10
"KCAE20100716_120347",192.73,"2010","07","16",0.520895092,183.53,0.039805577,413.9779979,0.364579277,10400,1.622587103,408.8919499,1.711489271,252,1.472288396,9.2,0.001158987,12.05346163,0.038476365,10400,1.710779787,6.843119148,1.110448463,4
"KCAE20100716_120932",129.89,"2010","07","16",0.531987831,120.88,0.024794793,257.9402312,0.240045384,10403,1.495923556,252.811081,1.163913695,169,1.482814209,9.01,0.001276988,13.28322768,0.033909854,10402,1.345480867,8.072885201,0.471661325,6
"KCAE20100716_121518",177.84,"2010","07","16",0.532136603,170.53,0.034728439,361.2104985,0.262526817,10401,1.435975583,356.1219445,0.939313945,248,1.464906258,7.31,0.001143405,11.89027048,0.028060926,10399,1.113571926,6.681431559,0.389429598,6
"KCAE20100716_122103",107.13,"2010","07","16",0.5320263,90.51,0.019591168,203.7873263,0.225960173,10402,1.504849496,198.6401334,1.342552547,132,1.462019921,16.62,0.002204149,22.93637901,0.053969314,10406,1.36365693,17.72754009,0.717644753,13
"KCAE20100716_122648",147.46,"2010","07","16",0.532391779,134.53,0.026300916,273.6084251,0.214424063,10403,1.278570589,268.4998237,0.824729708,210,1.466792591,12.93,0.002004469,20.84647376,0.052572398,10400,1.56391384,15.6391384,0.693001539,10
"KCAE20100716_123234",131.21,"2010","07","16",0.532192586,120.04,0.02499946,260.0193793,0.229088313,10401,1.38531929,254.8987493,1.043294372,184,1.501358657,11.17,0.001650027,17.15698367,0.040455978,10398,1.195065068,11.95065068,0.553827161,10
"KCAE20100716_123819",103.97,"2010","07","16",0.531766043,91.32,0.017555446,182.7170791,0.175707335,10408,1.296126898,177.569385,0.832910637,137,1.482411592,12.65,0.001687565,17.54899361,0.039406515,10399,1.234215944,12.34215944,0.323332176,10
"KCAE20100716_124404",142.4,"2010","07","16",0.531917163,100.68,0.021686457,225.6258937,0.182737199,10404,1.245764135,220.5002519,0.663947052,177,1.475047352,41.72,0.005839175,60.74493649,0.153232651,10403,2.221744615,55.54361538,2.247126669,25
"KCAE20100716_124950",217.34,"2010","07","16",0.531627478,203.49,0.042345154,440.4319516,0.305452875,10401,1.511678629,435.3634451,1.073684553,288,1.501880801,13.85,0.002243605,23.33797796,0.055218054,10402,1.394703368,18.13114379,0.734573643,13
"KCAE20100716_125535",233.22,"2010","07","16",0.532185908,224.87,0.045995489,478.5370707,0.320356397,10404,1.507898381,473.4800915,1.095575673,314,1.474786527,8.35,0.001534002,15.96129128,0.036398106,10405,1.075144999,10.75144999,0.49955039,10
"KCAE20100717_100254",4201.36,"2010","07","17",0.524341482,4196.25,0.469666603,4888.759674,4.393622539,10409,15.70321121,4883.698685,20.20232515,311,1.530806598,5.11,0.000771625,8.027988323,0.014856093,10404,0.703910273,2.815641093,0.325372621,4
"KCAE20100717_101232",6328.57,"2010","07","17",0.524262296,6322.42,0.697748901,7256.588565,3.847291194,10400,9.933893267,7251.742085,10.92106583,730,1.530487817,6.15,0.000807841,8.403164184,0.022259113,10402,1.595408477,3.190816955,0.258618553,2
"KCAE20100717_102209",2953.24,"2010","07","17",0.525124514,2945.21,0.332180442,3455.008778,1.922960244,10401,4.557695282,3450.175328,5.620223726,757,1.529952296,8.03,0.001147736,11.94334154,0.036422347,10406,1.682497984,6.729991935,0.911233403,4
"KCAE20100717_103147",4553.22,"2010","07","17",0.523443519,4544.57,0.506687503,5271.57678,2.246262736,10404,4.636383606,5266.931776,5.204361269,1136,1.527759254,8.65,0.001229531,12.78834921,0.032490377,10401,1.263084653,7.578507921,0.532787229,6
"KCAE20100717_104125",1742.05,"2010","07","17",0.52375641,1727.64,0.204856354,2132.144934,1.106342075,10408,2.918098687,2127.293943,3.093599446,729,1.530350515,14.41,0.001951894,20.30359859,0.046337473,10402,1.078376115,15.0972656,0.684392851,14
"KCAE20100717_105103",950.27,"2010","07","17",0.522767521,937.72,0.125129664,1302.099285,0.883080247,10406,2.172836079,1297.183139,3.026311108,597,1.537847219,12.55,0.001757595,18.28074962,0.047572832,10401,1.188492205,13.07341426,0.896040308,11
"KCAE20100717_110041",492.51,"2010","07","17",0.523810658,480.86,0.080638651,838.8838825,0.57710223,10403,1.688092345,833.9176182,2.07577975,494,1.524822897,11.65,0.001540847,16.02326588,0.04155057,10399,1.351928666,10.81542933,0.691996747,8
"KCAE20100717_111019",343.79,"2010","07","17",0.523769286,338.8,0.070581397,734.3288512,0.431639165,10404,1.51318687,729.3560715,1.357494792,482,1.528696527,4.99,0.000684944,7.129580319,0.014684034,10409,0.956862389,1.913724778,0.644421985,2
"KCAE20100717_111958",560.76,"2010","07","17",0.523404896,556.7,0.119598811,1243.94723,0.694794192,10401,1.960523944,1239.051132,2.083847784,632,1.526752228,4.06,0.000501187,5.214853166,0,10405,NA,0,NA,0
"KCAE20100717_112937",655,"2010","07","17",0.523806621,645.9,0.139151115,1447.449894,0.703355209,10402,1.875971335,1442.621957,1.854245566,769,1.527639159,9.1,0.001267676,13.19016751,0.031002858,10405,0.99741548,7.979323842,0.541887716,8
"KCAE20100717_113916",192.21,"2010","07","17",0.524141957,176.91,0.035288409,367.070033,0.262272551,10402,1.171558415,362.0115502,0.993951772,309,1.526512433,15.3,0.001937441,20.15519859,0.053532413,10403,1.868169663,14.9453573,0.524429868,8
"KCAE20100717_114954",123.79,"2010","07","17",0.534048936,107.63,0.023471978,244.2493999,0.192513988,10406,1.04431798,239.1488174,0.788094994,229,1.535014054,16.16,0.002033297,21.15035342,0.059980145,10402,1.449319716,15.94251688,1.198057298,11
"KCAE20100717_115933",185.29,"2010","07","17",0.523302935,170.59,0.035105646,365.2742442,0.248966243,10405,1.118698054,360.2207734,0.890807834,322,1.526536194,14.7,0.001660532,17.27451098,0.043356042,10403,1.508083711,12.06466969,0.444757395,8
"KCAE20100717_120911",116.95,"2010","07","17",0.524567612,110.14,0.02206297,229.631391,0.176396707,10408,1.02992795,224.524293,0.670793115,218,1.526572253,6.81,0.000868031,9.03273491,0.029308964,10406,1.909191466,3.818382931,1.285790901,2
"KCAE20100717_121849",153.02,"2010","07","17",0.524779323,142.5,0.026002279,270.5277135,0.235999823,10404,1.217534956,265.4226204,1.10147593,218,1.538227938,10.52,0.001408344,14.65522369,0.041127384,10406,1.180484854,9.443878833,0.96134808,8
"KCAE20100717_122828",116.92,"2010","07","17",0.524350023,109.57,0.020628577,214.5784619,0.20371462,10402,1.157214515,209.4558272,1.037294503,181,1.528591841,7.35,0.000989366,10.29237515,0.028976642,10403,1.270132277,5.080529107,0.873426662,4
"KCAE20100717_123807",86.24,"2010","07","17",0.523959686,79.96,0.01492621,155.3072145,0.160319472,10405,1.155057813,150.1575157,0.863928421,130,1.528454551,6.28,0.000739113,7.688992548,0.017819903,10403,1.238072065,2.476144131,0.490479142,2
"KCAE20100717_124746",107.01,"2010","07","17",0.524427469,99.9,0.016376475,170.4299741,0.235610341,10407,1.252123298,165.2802753,1.688527682,132,1.525761436,7.11,0.000956202,9.946414398,0.023785183,10402,1.183767386,4.735069542,0.308699944,4
"KCAE20100717_125724",167.37,"2010","07","17",0.524911553,159.09,0.02561417,266.5154346,0.233930913,10405,1.268950612,261.403826,1.092012126,206,1.529518966,8.28,0.001271326,13.23195917,0.031102312,10408,1.002451492,8.019611939,0.540130833,8
"KCAE20100718_100128",6788.77,"2010","07","18",0.531762153,6783.78,0.779916907,8111.915755,10.5482136,10401,29.05678401,8106.842738,57.77411562,279,1.461395434,4.99,0.000707437,7.361586496,0.016478897,10406,1.073617259,2.147234518,0.723053359,2
"KCAE20100718_100711",8710.49,"2010","07","18",0.531088705,8706.43,0.991591144,10322.46381,7.288119184,10410,20.67634578,10317.49654,26.50297665,499,1.479896741,4.06,0.000501187,5.212848417,0,10401,NA,0,NA,0
"KCAE20100718_101254",9798.86,"2010","07","18",0.532250209,9794.8,1.082756941,11262.8377,6.197396,10402,14.14324535,11258.0233,17.81980363,796,1.471537493,4.06,0.000501187,5.213850791,0,10403,NA,0,NA,0
"KCAE20100718_101837",5218.94,"2010","07","18",0.532595166,5209.81,0.576151145,5996.004963,3.437303673,10407,7.86242915,5991.171012,10.20788669,762,1.478414041,9.13,0.001042879,10.85011547,0.039067598,10404,2.818382931,5.636765863,0,2
"KCAE20100718_102421",3588.53,"2010","07","18",0.531671649,3583.86,0.414976695,4317.417537,2.402384174,10404,5.622669617,4312.587596,7.004638657,767,1.470606715,4.67,0.000615787,6.406648274,0.008278779,10404,0.596649335,1.19329867,0.048518853,2
"KCAE20100718_103004",2004.88,"2010","07","18",0.532851172,1999.81,0.254288176,2645.105603,1.756011505,10402,3.899898903,2640.231557,5.76259345,677,1.474713066,5.07,0.000707819,7.362022392,0.015116924,10401,1.075088175,2.15017635,0.259985114,2
"KCAE20100718_103548",1674.02,"2010","07","18",0.532723364,1669.08,0.243317355,2530.743809,2.034031498,10401,3.747579764,2525.868761,7.126289335,674,1.469244758,4.94,0.000682889,7.104099355,0.013125668,10403,0.945625469,1.891250938,0.076897199,2
"KCAE20100718_104131",1093.9,"2010","07","18",0.532571891,1089.31,0.150953489,1570.67105,0.920273864,10405,2.613950597,1565.756408,2.878671126,599,1.479637722,4.59,0.0006256,6.50936626,0.009200482,10405,0.647757734,1.295515468,0.20728199,2
"KCAE20100718_104715",519.91,"2010","07","18",0.532529567,511.34,0.076921274,800.1350969,0.517891988,10402,2.208617152,795.1021747,1.746578632,360,1.478207175,8.57,0.001235192,12.84846568,0.039323658,10402,1.909280206,7.637120823,0.7107372,4
"KCAE20100718_105300",503.35,"2010","07","18",0.530266612,487.52,0.078664735,818.7425591,1.064100389,10408,2.465732103,813.6915941,5.46945221,330,1.481266566,15.83,0.001825973,18.99559599,0.065601925,10403,2.756850227,13.78425114,1.30356589,5
"KCAE20100718_105844",431.24,"2010","07","18",0.532607812,418.65,0.071361445,742.5871936,0.560078137,10406,2.07760496,737.5497607,2.245253105,355,1.472270916,12.59,0.001692893,17.61455326,0.047704639,10405,1.378245642,12.40421078,0.908837236,9
"KCAE20100718_110428",489.77,"2010","07","18",0.532754028,485.71,0.08342209,868.0068445,0.516344496,10405,1.892588887,863.0205327,1.632696724,456,1.465183245,4.06,0.000501187,5.214351979,0,10404,NA,0,NA,0
"KCAE20100718_111012",519.28,"2010","07","18",0.532644709,513.48,0.0919209,956.253125,0.530695362,10403,1.872625743,951.2938773,1.561414506,508,1.478657729,5.8,0.000869499,9.043657359,0.020210783,10401,0.958203423,3.832813691,0.439994159,4
"KCAE20100718_111556",389.73,"2010","07","18",0.532237237,375.83,0.064661629,672.8689135,0.45906373,10406,1.969980713,667.8234616,1.650400268,339,1.459883103,13.9,0.001701233,17.68942314,0.049286597,10398,1.560260973,12.48208779,0.910905049,8
"KCAE20100718_112141",554.26,"2010","07","18",0.531147238,542.34,0.096737988,1006.07508,0.584629098,10400,2.076979885,1001.104305,1.808007249,482,1.479840021,11.92,0.001234518,12.84146081,0.053651747,10402,3.814556791,7.629113582,0.922461993,2
"KCAE20100718_112725",425.79,"2010","07","18",0.532879149,417.43,0.072877545,758.2908567,0.543086087,10405,1.982280144,753.2664547,2.074252558,380,1.478919972,8.36,0.001156172,12.02765971,0.035944071,10403,1.703953417,6.815813668,0.782432554,4
"KCAE20100718_113310",375.84,"2010","07","18",0.529430403,371.78,0.065563469,682.4501514,0.66371375,10409,2.178100202,677.3891627,3.189807214,311,1.477995844,4.06,0.000501187,5.214853166,0,10405,NA,0,NA,0
"KCAE20100718_113855",288.55,"2010","07","18",0.532480983,281.12,0.049561721,515.5410263,0.402533157,10402,1.784863693,510.4710163,1.675134987,286,1.472714329,7.43,0.000934221,9.721500725,0.031438638,10406,2.253574373,4.507148746,0.365308416,2
"KCAE20100718_114439",196.16,"2010","07","18",0.532663735,190.55,0.03383,351.9673168,0.303876041,10404,1.717100023,346.8542046,1.369426098,202,1.464498866,5.61,0.000816656,8.4981255,0.016157781,10406,0.821193974,3.284775895,0.088247525,4
"KCAE20100718_115024",139,"2010","07","18",0.532567036,134.51,0.025910477,269.4948704,0.260299801,10401,1.694616713,264.3602072,1.304219455,156,1.476316892,4.49,0.000623234,6.481631965,0.008858209,10400,0.635143555,1.27028711,0.1029579,2
"KCAE20100718_115709",161.87,"2010","07","18",0.541142105,155.82,0.029187868,303.7873296,0.262761267,10408,1.687342842,298.659683,1.126787951,177,1.502263091,6.05,0.00091645,9.529250818,0.019227742,10398,0.86408238,4.320411899,0.170854143,5
"KCAE20100718_120255",95.02,"2010","07","18",0.532675335,84.93,0.016269065,169.2470808,0.178642026,10403,1.452122691,164.0898641,0.927896247,113,1.470223893,10.09,0.001020368,10.61284484,0.037982353,10401,2.700499399,5.400998799,0.653053079,2
"KCAE20100718_120840",133.74,"2010","07","18",0.5324499,129.68,0.023360978,243.047615,0.241650138,10404,1.687261918,237.9039304,1.229837398,141,1.469551473,4.06,0.000501187,5.216857915,0,10409,NA,0,NA,0
"KCAE20100718_121425",77.62,"2010","07","18",0.532662746,71.5,0.015798397,164.4297132,0.199418313,10408,1.694260298,159.260468,1.255647551,94,1.465111061,6.12,0.000847579,8.819054468,0.020033679,10405,0.901551513,3.606206051,0.556569638,4
"KCAE20100718_122009",47.19,"2010","07","18",0.531716949,42.53,0.009042211,94.0661248,0.146041687,10403,1.506471933,88.88184406,1.237389039,59,1.461840567,4.66,0.000634928,6.605787776,0.010017458,10404,0.696219086,1.392438172,0.275816691,2
"KCAE20100718_122553",63.08,"2010","07","18",0.531439461,55.02,0.011453802,119.1309921,0.178061106,10401,1.753088014,113.9507209,1.43252477,65,1.46715993,8.06,0.001089996,11.34249846,0.035450462,10406,1.532287214,6.129148856,1.10972429,4
"KCAE20100718_123139",45.4,"2010","07","18",0.532199329,41.34,0.00835867,86.92181105,0.11727761,10399,1.409293687,81.73903387,0.707654078,58,1.459475027,4.06,0.000501187,5.213850791,0,10403,NA,0,NA,0
"KCAE20100718_123723",70.15,"2010","07","18",0.532594087,66.09,0.013404335,139.4855081,0.162230859,10406,1.492391784,134.3152606,0.919597985,90,1.469750322,4.06,0.000501187,5.214351979,0,10404,NA,0,NA,0
"KCAE20100718_124308",70.88,"2010","07","18",0.532633229,63.84,0.011523765,119.9623911,0.159515263,10410,1.616628398,114.7806163,1.073581869,71,1.470132388,7.04,0.001005716,10.46246839,0.028155308,10403,1.312655587,5.250622349,0.673681267,4
"KCAE20100718_124853",20.02,"2010","07","18",0.532416678,14.74,0.002754003,28.6553966,0.056573391,10405,1.172528359,23.45056718,0.556226049,20,1.481350871,5.28,0.000740036,7.700075986,0.018756979,10405,1.243112597,2.486225194,0.756840165,2
"KCAE20100718_125438",24.11,"2010","07","18",0.532662612,18.79,0.00228242,23.73716723,0.0781148,10400,2.316103688,18.5288295,1.71509117,8,1.467838485,5.32,0.00072994,7.59429347,0.01652524,10404,1.190471933,2.380943866,0.096807838,2
"KCAE20100719_100828",5877.33,"2010","07","19",0.524768978,5843.5,0.663407348,6904.080276,5.029178138,10407,10.01336682,6899.209738,16.99397267,689,1.527724624,33.83,0.004334846,45.10841243,0.110495844,10406,1.995154091,39.90308182,1.583105329,20
"KCAE20100719_101805",6532.42,"2010","07","19",0.524571558,6506.79,0.751190101,7814.630622,4.084803746,10403,6.077868324,7810.060796,10.13789604,1285,1.529724526,25.63,0.003351524,34.87931227,0.066383869,10407,1.236478551,29.67548523,0.63514939,24
"KCAE20100719_102743",8857.85,"2010","07","19",0.524432748,8842.71,1.019556687,10610.52644,4.099525686,10407,5.096758075,10606.35355,7.955537576,2081,1.528188635,15.14,0.002100103,21.85367148,0.068094829,10406,1.513075471,16.64383018,1.520095954,11
"KCAE20100719_103721",7764.34,"2010","07","19",0.525066947,7751.71,1.080747687,11240.8567,3.498123627,10401,3.404210321,11237.29827,5.536595552,3301,1.53099456,12.63,0.002058801,21.41976807,0.04964826,10404,1.013339693,16.21343509,0.785478399,16
"KCAE20100719_104659",8522.73,"2010","07","19",0.524389709,8512.83,1.421777009,14795.01155,3.645791288,10406,3.531128115,14791.89567,5.057082109,4189,1.531916887,9.9,0.001531163,15.92869278,0.033026536,10403,0.893404686,10.72085623,0.403363056,12
"KCAE20100719_105637",16046.08,"2010","07","19",0.523496106,16003.67,2.631966713,27377.71775,5.436787997,10402,5.403680105,27375.04341,6.761643819,5066,1.531850568,42.41,0.006015849,62.60092754,0.107984078,10406,1.594544887,57.40361593,0.928431681,36
"KCAE20100719_110616",4367.98,"2010","07","19",0.523312283,4326.03,1.193811839,7640.395767,2.677604239,6400,3.39329913,7638.316341,3.59506728,2251,1.546495535,41.95,0.009548941,60.68352284,0.302189694,6355,2.614068368,57.50950409,4.527600809,22
"KCAE20100719_111626",3748.49,"2010","07","19",0.524664209,3722.65,0.626211359,6516.355398,1.694375717,10406,2.496147045,6512.447641,2.604885375,2609,1.530529271,25.84,0.003192491,33.19552042,0.07199555,10398,1.217204472,27.99570287,0.951512239,23
"KCAE20100719_112604",3178.95,"2010","07","19",0.524399211,3142.52,0.514289297,5351.69442,1.487930741,10406,2.209790057,5347.691939,2.403238172,2420,1.526121006,36.43,0.004556118,47.41552469,0.09428672,10407,1.623565385,42.21270002,0.983616485,26
"KCAE20100719_113542",999.21,"2010","07","19",0.524268655,991.44,0.168443696,1753.33043,0.775030403,10409,1.617627526,1748.655356,1.855536651,1081,1.525552395,7.77,0.000912604,9.49016861,0.024241196,10399,1.070081829,4.280327317,0.715538006,4
"KCAE20100719_114521",974.43,"2010","07","19",0.525159047,956.41,0.158322303,1647.660203,0.830756777,10407,1.969858918,1642.862338,2.247160092,834,1.527613587,18.02,0.002166593,22.53040546,0.05667112,10399,1.732357129,17.32357129,0.617339595,10
"KCAE20100719_115459",881.34,"2010","07","19",0.524334809,847.1,0.13250522,1378.849319,0.717217868,10406,1.793757016,1374.017874,2.003394309,766,1.53070978,34.24,0.003458945,35.9730272,0.095603176,10400,2.197692614,30.76769659,1.45576839,14
"KCAE20100719_120533",318.04,"2010","07","19",0.532988989,310.17,0.060653385,630.9771679,0.331460071,10403,1.192431315,626.0264404,0.910706793,525,1.536253827,7.87,0.001257914,13.08356526,0.027195253,10401,0.787572872,7.875728719,0.408627512,10
"KCAE20100719_121512",450.94,"2010","07","19",0.52431546,439.68,0.081812341,851.0937855,0.391279039,10403,1.313979347,846.2026993,0.925089573,644,1.529849622,11.26,0.00151726,15.79012613,0.037947651,10407,1.057928246,10.57928246,0.650992107,10
"KCAE20100719_122451",154.09,"2010","07","19",0.524147179,149.9,0.03719103,284.6601453,0.253388457,7654,1.19549718,280.9418372,0.842478199,235,1.545335286,4.19,0.0007354,5.359595969,0.014342915,7288,0.853972892,1.707945784,0.206513516,2
"KCAE20100719_123450",307.13,"2010","07","19",0.524756589,297.14,0.053360414,555.2684636,0.376000754,10406,1.487131212,550.2385486,1.359871162,370,1.527081663,9.99,0.001682818,17.51308729,0.039693926,10407,1.118431346,12.30274481,0.516028962,11
"KCAE20100719_124429",111.37,"2010","07","19",0.524254902,92.71,0.016715544,173.8416525,0.153175415,10400,1.117251553,168.7049845,0.623998269,151,1.531582403,18.66,0.002401023,24.98504252,0.064775646,10406,1.412621771,19.77670479,1.101696304,14
"KCAE20100719_125408",506.74,"2010","07","19",0.488286235,492.43,0.081594998,849.2407374,0.520201278,10408,1.831356677,844.255428,1.706375637,461,0.877991602,14.31,0.001861864,19.37827583,0.053367451,10408,1.770741075,14.1659286,0.809699626,8
"KCAE20100719_125825",43.49,"2010","07","19",0.52735167,39.43,0.00790874,82.28253088,0.106670382,10404,1.168200868,77.10125726,0.667367579,66,0.89512919,4.06,0.000501187,5.215354353,0,10406,NA,0,NA,0
"KCAE20100720_100856",329.73,"2010","07","20",0.524281727,317.59,0.036902247,383.9678752,0.492964504,10405,3.750531109,378.803642,3.34928279,101,1.534082893,12.14,0.001741514,18.11696547,0.039637836,10403,0.922152236,12.9101313,0.586188549,14
"KCAE20100720_101835",845.37,"2010","07","20",0.524042572,835.54,0.099798873,1038.407275,1.374809774,10405,4.305469612,1033.312707,8.006104676,240,1.532061143,9.83,0.001499271,15.5999184,0.0365393,10405,1.298634342,10.38907473,0.24487913,8
"KCAE20100720_102813",2574.96,"2010","07","20",0.523015515,2569.75,0.321962422,3350.662923,2.205132013,10407,4.659898218,3345.80692,7.094496254,718,1.534646308,5.21,0.000755705,7.861603055,0.016750576,10403,0.662439253,2.649757012,0.623601814,4
"KCAE20100720_103752",2980.89,"2010","07","20",0.524065163,2968.85,0.375328613,3906.420203,1.981491049,10408,4.489803657,3901.639378,5.346266706,869,1.532556857,12.04,0.001928985,20.0614481,0.065692476,10400,1.650401284,14.85361155,1.596815879,9
"KCAE20100720_104730",1735.05,"2010","07","20",0.524120087,1723.58,0.249042424,2590.788336,1.474569479,10403,2.696616396,2586.055124,4.123517946,959,1.536381636,11.47,0.001621437,16.86456998,0.040248223,10401,1.165673343,11.65673343,0.604056035,10
"KCAE20100720_105708",5867.65,"2010","07","20",0.524873305,5840.83,0.704053555,7324.973186,8.426950748,10404,6.059904195,7320.364268,24.07441333,1208,1.532139936,26.82,0.00399253,41.55425653,0.071464334,10408,1.172691503,36.35343661,0.59671476,31
"KCAE20100720_110647",609.22,"2010","07","20",0.524146844,590.79,0.109667208,1140.4293,0.552774459,10399,1.549228955,1135.584824,1.451865734,733,1.534348685,18.43,0.003032002,31.54797944,0.066938483,10405,1.145419721,26.34465358,0.866948465,23
"KCAE20100720_111625",622.31,"2010","07","20",0.525113867,607.62,0.105537417,1098.43344,0.639765809,10408,1.735766399,1093.532832,1.984596468,630,1.538217896,14.69,0.002540162,26.43546354,0.079855265,10407,1.326726687,21.227627,1.597058165,16
"KCAE20100720_112604",506.47,"2010","07","20",0.524315989,482.18,0.088754772,923.3158953,0.47579125,10403,1.444057861,918.4207996,1.322411467,636,1.534271402,24.29,0.004079756,42.44170533,0.102660931,10403,1.692676394,37.23888066,1.492307636,22
"KCAE20100720_113543",715.87,"2010","07","20",0.524443554,700.83,0.122734923,1277.179606,0.574432421,10406,1.536689897,1272.379234,1.406009209,828,1.531344327,15.04,0.002638166,27.45275397,0.072380148,10406,1.482994495,22.24491742,1.241868736,15
"KCAE20100720_114521",697.66,"2010","07","20",0.523742541,692.94,0.121618865,1265.201048,0.575530373,10403,1.524064908,1260.401679,1.425487722,827,1.534048259,4.72,0.000638019,6.64114112,0.009935618,10409,0.71264279,1.425285579,0.115520664,2
"KCAE20100720_115459",923.51,"2010","07","20",0.522916589,916.14,0.139045576,1446.630176,0.922843531,10404,1.749792235,1441.828802,2.81849841,824,1.533787422,7.37,0.001180699,12.28045414,0.028260297,10401,1.010159148,7.071114037,0.442500372,7
"KCAE20100720_120438",156.65,"2010","07","20",0.512125858,145.07,0.027617183,287.2739403,0.269848507,10402,1.774467167,282.1402795,1.294253935,159,1.478188164,11.58,0.002251643,23.42158637,0.066968024,10402,1.517854251,18.21425102,1.315953957,12
"KCAE20100720_121023",182.86,"2010","07","20",0.524395722,177.69,0.033752758,351.1299446,0.294051368,10403,1.783573836,346.0133241,1.234500202,194,1.479687542,5.17,0.000747611,7.778149808,0.012769665,10404,0.641450644,2.565802578,0.133822357,4
"KCAE20100720_121710",131.1,"2010","07","20",0.535735336,111.09,0.017922638,186.4133572,0.275169394,10401,1.604045512,181.2571429,2.113018661,113,1.472905423,20.01,0.002229897,23.20430828,0.073369627,10406,1.635860635,17.99446698,1.631682246,11
"KCAE20100720_122255",118.53,"2010","07","20",0.53151904,112.99,0.022251994,231.5987545,0.330763868,10408,1.783039753,226.4460486,2.423371221,127,1.47894889,5.54,0.000876648,9.120645628,0.016465696,10404,0.651550129,3.909300773,0.236106251,6
"KCAE20100720_122840",98.83,"2010","07","20",0.529700226,92.5,0.017497191,182.0757715,0.199880747,10406,1.525159956,176.9185549,1.13848851,116,1.477311078,6.33,0.001062013,11.04918677,0.026924929,10404,0.972973652,5.83784191,0.611674697,6
"KCAE20100720_123426",126.77,"2010","07","20",0.532405022,121.57,0.018009268,187.3684283,0.215153622,10404,1.71893587,182.2072022,1.278896111,106,1.478477399,5.2,0.000705053,7.335368058,0.014727381,10404,1.061009227,2.122018454,0.086280076,2
"KCAE20100720_124011",91.26,"2010","07","20",0.531751584,86.13,0.013955028,145.2160255,0.175086573,10406,1.772661581,140.0402649,0.965749218,79,1.477936927,5.13,0.00070519,7.331859748,0.014732337,10397,1.061009227,2.122018454,0.086280076,2
"KCAE20100720_124557",80.38,"2010","07","20",0.531849581,76.32,0.01136828,118.2755867,0.16022064,10404,1.76708298,113.0933107,1.043106903,64,1.477811652,4.06,0.000501187,5.212848417,0,10401,NA,0,NA,0
"KCAE20100720_125145",86.39,"2010","07","20",0.531866911,82.33,0.013428098,139.6925052,0.153929814,10403,1.190577775,134.5352885,0.887248529,113,1.533265298,4.06,0.000501187,5.215354353,0,10406,NA,0,NA,0
"KCAE20100721_100316",49392.68,"2010","07","21",0.4902641,35174.65,3.917853216,40706.49492,39.58544425,10390,52.11482588,40701.67901,135.4856459,781,0.89166748,14218.03,1.57300342,16362.38158,17.55236672,10402,32.97866293,16357.41681,73.72745928,496
"KCAE20100721_100732",49891.63,"2010","07","21",0.52734375,44894.92,6.048473026,51133.79096,44.52750934,8454,57.51406016,51129.99948,126.1360219,889,0.902945211,4996.71,0.601800605,5775.480407,4.766316403,9597,11.80146338,5770.915594,17.72803287,489
"KCAE20100721_101150",84255.56,"2010","07","21",0.492936414,76211.3,8.367919332,86959.41769,57.09434718,10392,69.39731632,86954.83734,151.0491788,1253,0.892991327,8044.26,0.870036892,9051.863821,6.702605484,10404,15.20495408,9046.947675,23.84260167,595
"KCAE20100721_101606",51244.91,"2010","07","21",0.52734375,45611.95,4.91907168,51173.10269,30.24762329,10403,35.36186182,51168.61406,74.19131175,1447,0.893890533,5632.96,0.595240998,6195.268312,4.15288011,10408,9.393599753,6190.382238,13.78411074,659
"KCAE20100721_102022",70253.43,"2010","07","21",0.483415338,49747.38,5.202902462,54115.3885,28.33927348,10401,28.96740464,54111.11187,61.52189046,1868,0.890569593,20506.05,2.122540287,22095.64439,15.71260936,10410,19.04397277,22091.00841,43.52892853,1160
"KCAE20100721_102437",51075.22,"2010","07","21",0.52734375,45450.45,4.723306771,49136.56034,24.52191455,10403,26.57234894,49132.27319,52.95132963,1849,0.89390917,5624.77,0.581220717,6043.53302,3.602087162,10398,7.73202702,6038.713102,10.84403051,781
"KCAE20100721_102854",38523.05,"2010","07","21",0.490535221,32758.04,3.467670507,36077.64396,17.64620649,10404,18.72969621,36073.39489,37.37376882,1926,0.894564961,5765.01,0.622818675,6481.67395,3.745536344,10407,6.912409506,6476.927707,10.60418121,937
"KCAE20100721_103311",19934.55,"2010","07","21",0.52734375,18500.68,2.039282499,21222.81297,13.69110165,10407,14.17391275,21218.34739,33.64149354,1497,0.895659767,1433.87,0.163158272,1697.498665,1.328385366,10404,4.611630105,1692.468249,5.439466835,367
"KCAE20100721_103729",6942.87,"2010","07","21",0.52734375,6479.89,0.717897404,7469.722491,4.646414322,10405,7.555670861,7465.002811,13.26119307,988,0.889931649,462.98,0.054093363,562.7873444,0.689205282,10404,3.261161962,557.6586955,4.306828336,171
"KCAE20100721_104145",6184.76,"2010","07","21",0.52734375,5434.09,0.624749009,6501.762941,5.295743981,10407,7.808851049,6496.964073,17.1762092,832,0.896417788,750.67,0.085012067,885.0606285,0.701267716,10411,3.013661352,879.9891149,2.955943121,292
"KCAE20100721_104601",3689.93,"2010","07","21",0.52734375,3303.2,0.382224787,3973.99111,3.378758502,10397,5.512696002,3969.141122,11.69376977,720,0.889661454,386.73,0.045545728,474.1310312,0.493680357,10410,2.84240223,468.996368,2.733487334,165
"KCAE20100721_105017",1932.97,"2010","07","21",0.52734375,1471.82,0.179855952,1871.221328,1.227683329,10404,3.673743267,1866.26158,4.250501683,508,0.896979119,461.15,0.054318645,565.3484562,0.659585712,10408,2.773432373,560.2333393,3.866257222,202
"KCAE20100721_105433",1512.16,"2010","07","21",0.52734375,1110.23,0.143842805,1495.965176,1.191828294,10400,3.365631727,1490.974855,4.748997823,443,0.893624003,401.93,0.047737105,496.8477932,0.49747312,10408,2.76247555,491.7206478,2.647745498,178
"KCAE20100721_105849",1107.13,"2010","07","21",0.484543331,705.42,0.102010516,1061.113385,0.679731474,10402,2.496718765,1056.112038,2.322898701,423,0.896919664,401.71,0.048098863,500.0357809,0.507268157,10396,2.512305443,494.9241723,2.725072105,197
"KCAE20100721_110305",971.2,"2010","07","21",0.52734375,783.78,0.121996786,1268.88857,0.821436538,10401,2.655282115,1263.914287,2.834461569,476,0.89108617,187.42,0.030459704,316.8113834,0.322768696,10401,1.741275126,311.6882475,1.758415699,179
"KCAE20100721_110723",817.38,"2010","07","21",0.52734375,564.3,0.123563559,937.7238457,0.994850236,7589,2.218839277,934.1313357,3.636202826,421,0.89624785,253.08,0.052037335,451.2677689,0.393909539,8672,1.87046551,447.041257,1.496127677,239
"KCAE20100721_111141",972.94,"2010","07","21",0.52734375,671.13,0.122263064,1272.024922,0.798256662,10404,2.431999402,1267.071689,2.668525845,521,0.893939756,301.81,0.054833729,570.7642901,0.588293711,10409,2.271776015,565.6722278,3.077174942,249
"KCAE20100721_111557",1113.43,"2010","07","21",0.486228217,679.59,0.118995899,1237.438354,0.731772675,10399,2.541174399,1232.469583,2.310309914,485,0.892166667,433.84,0.079348072,826.0927725,0.595079218,10411,2.177888222,821.0638598,2.285327097,377
"KCAE20100721_112021",877.11,"2010","07","21",0.52734375,662.77,0.117030157,1216.879576,0.831851453,10398,2.473293496,1211.913813,2.978956107,490,0.891743352,214.34,0.038142367,396.680618,0.357093769,10400,1.977613666,391.5675058,1.696214049,198
"KCAE20100721_112437",693.29,"2010","07","21",0.52734375,493.56,0.094008054,978.5298366,0.615727319,10409,2.197595947,973.5350047,2.072461613,443,0.894697116,199.73,0.040556246,421.8660748,0.347470983,10402,1.812034775,416.7679983,1.503539712,230
"KCAE20100721_112852",571.38,"2010","07","21",0.52734375,458.04,0.083634324,869.9642338,0.558430554,10402,1.993014745,864.9683995,1.917681283,434,0.891712545,113.34,0.023584538,245.3735323,0.228672737,10404,1.380726362,240.2463869,1.122691594,174
"KCAE20100721_113308",723.34,"2010","07","21",0.52734375,535.49,0.097830906,1018.126239,0.6012741,10407,2.160224819,1013.14544,1.890748182,469,0.897636234,187.85,0.037208875,387.0839285,0.304788477,10403,1.552818576,381.9933698,1.257692024,246
"KCAE20100721_113724",1078.97,"2010","07","21",0.52734375,865.79,0.157347657,1636.730324,0.835498765,10402,2.43924106,1631.852269,2.30124783,669,0.891773083,213.18,0.044686519,464.9632324,0.368432796,10405,1.703272962,459.8836998,1.554146489,270
"KCAE20100721_114140",1497,"2010","07","21",0.487740507,1233.85,0.220940687,2299.550675,1.086125757,10408,2.696546214,2294.760829,2.785878301,851,0.894799959,263.15,0.053343659,555.2541465,0.38808066,10409,1.581068108,550.2117017,1.447653435,348
"KCAE20100721_114434",1245.34,"2010","07","21",0.535522789,1207.8,0.215080353,2238.12615,1.286812702,10406,2.870566477,2233.300719,3.813550297,778,1.461495822,37.54,0.005967197,62.07675177,0.136488862,10403,2.106534557,56.87643303,1.690888278,27
"KCAE20100721_115018",1196.83,"2010","07","21",0.532635693,1100.22,0.190390282,1980.249318,1.009583107,10401,2.637399011,1975.411859,2.776754211,749,1.470852607,96.61,0.011511099,119.796009,0.278743333,10407,3.097262091,114.5986974,3.554957252,37
"KCAE20100721_115603",1051.63,"2010","07","21",0.532527894,1000.92,0.179439606,1865.992459,0.862171143,10399,2.332306467,1861.18056,2.161377307,798,1.476081248,50.71,0.007455355,77.55805595,0.170360397,10403,2.261257599,72.36024315,2.116328441,32
"KCAE20100721_120148",974.54,"2010","07","21",0.532226445,935,0.167330897,1740.575993,0.906472295,10402,2.407384188,1735.724,2.543814369,721,1.47539216,39.54,0.00709064,73.76392343,0.11277388,10403,1.399482261,68.57463081,0.876112955,49
"KCAE20100721_120732",1033.2,"2010","07","21",0.532290396,1005.22,0.177872731,1850.410022,0.781001659,10403,2.189345993,1845.618672,1.768448234,843,1.462018337,27.98,0.00428074,44.54538351,0.088732838,10406,1.229564598,39.34606715,1.043157257,32
"KCAE20100721_121315",1100.52,"2010","07","21",0.532999021,1051.53,0.191155087,1988.586366,0.942005944,10403,2.398775087,1983.786997,2.423638628,827,1.474957871,48.99,0.008628094,89.71492279,0.134604645,10398,1.483020098,84.5321456,1.067253778,57
"KCAE20100721_121957",1102.47,"2010","07","21",0.53625351,1072.88,0.196929623,2048.855801,1.071654075,10404,2.480648577,2044.054427,2.974199336,824,1.462241187,29.59,0.005364772,55.79363385,0.11737774,10400,1.533267448,50.59782579,1.436024138,33
"KCAE20100721_122541",1288.98,"2010","07","21",0.532046744,1236.95,0.208382951,2167.182686,1.218862951,10400,2.822916773,2162.354248,3.578528833,766,1.467439856,52.03,0.007685642,79.96141718,0.156108182,10404,2.136131622,74.76460675,1.666482452,35
"KCAE20100721_123125",925.68,"2010","07","21",0.53243146,903.36,0.147547518,1535.231925,0.79655069,10405,2.398647068,1530.336829,2.226233084,638,1.481260048,22.32,0.003672358,38.19986778,0.067515036,10402,1.269213425,32.99954904,0.476020084,26
"KCAE20100721_123710",1191.92,"2010","07","21",0.532509594,1158.88,0.178162948,1853.785479,1.019750209,10405,2.792903945,1848.902412,3.009185947,662,1.47143854,33.04,0.004566618,47.49282241,0.101431818,10400,2.013857148,42.29100012,1.04965365,21
"KCAE20100721_124254",1239.28,"2010","07","21",0.532301008,1204.91,0.195540522,2034.403586,1.305940668,10404,2.814910666,2029.55059,4.154469052,721,1.473193317,34.37,0.004585122,47.70360797,0.123432194,10404,2.124963987,42.49927974,1.897389534,20
"KCAE20100721_124839",1286.46,"2010","07","21",0.531215686,1276.58,0.223444603,2324.270758,1.015683962,10402,2.491432882,2319.524013,2.4252749,931,1.480036541,9.88,0.001693683,17.62107827,0.036900958,10404,0.954864748,12.41324172,0.441572153,13
"KCAE20100721_125423",1052.83,"2010","07","21",0.532552248,1035.96,0.195685496,2035.324848,0.933271918,10401,2.43761043,2030.529488,2.327460599,833,1.471674735,16.87,0.00218066,22.68322868,0.065614039,10402,1.747489095,17.47489095,1.259985891,10
"KCAE20100722_100543",4793.32,"2010","07","22",0.525029977,4787.52,0.551943854,5740.76802,4.511271887,10401,6.373340267,5736.006241,14.08173462,900,1.530473476,5.8,0.000685373,7.127190357,0.013473523,10399,0.958173345,1.916346689,0.231711976,2
"KCAE20100722_101520",20100.38,"2010","07","22",0.523382567,20082.71,2.185280579,22731.28858,18.89549502,10402,9.253789149,22727.30615,38.04237531,2456,1.530010395,17.67,0.002263393,23.54833648,0.06325245,10404,1.528333229,18.33999875,1.113640031,12
"KCAE20100722_102457",7386.03,"2010","07","22",0.524438275,7380.84,1.01308459,10542.15825,4.593348623,10406,3.851723004,10538.31414,8.326583051,2736,1.539487088,5.19,0.000672469,6.994347919,0.012351289,10401,0.891250938,1.782501876,0,2
"KCAE20100722_103434",7722.31,"2010","07","22",0.524039087,7716.2,1.049905891,10923.22089,2.699080433,10404,3.124394332,10919.75819,3.899750577,3495,1.528902334,6.11,0.001079249,11.23066017,0.027991766,10406,0.859830589,6.018814126,0.705581442,7
"KCAE20100722_104411",7576.64,"2010","07","22",0.523136321,7560.16,0.980842141,10199.77743,1.905341132,10399,2.534571677,10196.58186,2.333917424,4023,1.529818214,16.48,0.00331157,34.46019633,0.056905302,10406,0.790902322,29.26338591,0.544177342,37
"KCAE20100722_105348",6921.66,"2010","07","22",0.524102757,6834.99,0.943353834,9815.596641,1.782526781,10405,2.376471589,9812.45119,2.14529497,4129,1.533423215,86.67,0.013155762,136.8857069,0.156437742,10405,1.208490671,131.7254831,0.948799935,109
"KCAE20100722_110325",5333.56,"2010","07","22",0.522949113,5028.94,0.763160848,7937.63598,1.47155519,10401,2.152542189,7934.270508,1.766550039,3686,1.528336614,304.62,0.044871937,467.071991,0.320310644,10409,1.50003084,462.0094987,1.13541858,308
"KCAE20100722_111303",4501.74,"2010","07","22",0.520739811,4061.46,0.66520067,6921.412968,1.338676947,10405,1.987343507,6917.942748,1.652266686,3481,1.534323344,440.28,0.066031751,687.0603706,0.397288719,10405,1.560788412,682.0645362,1.195324238,437
"KCAE20100722_112240",3192.36,"2010","07","22",0.522664368,2664.65,0.481199105,5005.433087,1.029537439,10402,1.790769622,5001.619554,1.266208937,2793,1.528221471,527.71,0.082575748,859.2006629,0.457558339,10405,1.567447627,854.2589568,1.293449354,545
"KCAE20100723_100448",2890.49,"2010","07","23",0.524449275,2883.14,0.377634582,3927.399653,2.903058961,10400,4.566493395,3922.617826,9.110222313,859,1.532764303,7.35,0.001049328,10.92140741,0.027541125,10408,1.141511323,5.707556615,0.588951881,5
"KCAE20100723_101426",7308.91,"2010","07","23",0.524296567,7303.38,0.961568312,10007.04142,4.582973092,10407,6.051212357,10002.65403,10.07412511,1653,1.529711304,5.53,0.000838629,8.725936861,0.018311062,10405,0.878272111,3.513088444,0.368631168,4
"KCAE20100723_102405",29625.69,"2010","07","23",0.49109711,29224.81,3.633125333,37769.97096,10.83563075,10396,8.932563775,37766.87964,15.53672068,4228,0.87786192,400.88,0.068838284,715.8493158,0.519845714,10399,1.974494159,710.8178972,2.013686143,360
"KCAE20100723_102821",15738.02,"2010","07","23",0.528080078,14734.16,1.863450522,19392.92958,5.779437572,10407,5.649601924,19389.4338,8.939306634,3432,0.897583536,1003.86,0.160902495,1673.385944,0.8663271,10400,2.245687724,1668.545979,2.414829886,743
"KCAE20100723_103239",18531.36,"2010","07","23",0.527432962,16010.02,2.061676029,21453.80076,5.053649425,10406,5.245936601,21450.63476,6.949624548,4089,0.876028174,2521.34,0.378363288,3935.734923,1.376925951,10402,2.564442201,3931.289893,2.695015993,1533
"KCAE20100723_103655",25764.33,"2010","07","23",0.527482069,21024.1,2.622254012,27284.553,7.265663393,10405,5.961895013,27281.63158,10.00680156,4576,0.896332676,4740.23,0.670281296,6975.617445,2.270512092,10407,3.276065844,6971.468116,4.084319797,2128
"KCAE20100723_104111",27060.75,"2010","07","23",0.52734375,20854,3.077750447,24763.5801,8.584702258,8046,6.289438842,24761.52072,11.42060479,3937,0.918660759,6206.75,0.877984715,8380.364103,2.737193408,9545,3.722981308,8376.707942,4.604274521,2250
"KCAE20100723_104531",40527.24,"2010","07","23",0.527676413,29097.76,3.405329422,35425.64198,8.075880248,10403,6.460546441,35423.17614,10.19868026,5483,0.89508042,11429.48,1.427627614,14845.89956,3.600974586,10399,4.133246303,14842.48748,5.135430776,3591
"KCAE20100723_104948",39818.54,"2010","07","23",0.52734375,27456.85,3.208717434,33396.33105,5.710106495,10408,5.653305436,33394.07521,6.605521697,5907,0.87484767,12361.69,1.527661017,15881.56393,3.240181484,10396,3.930291679,15878.37838,4.192382861,4040
"KCAE20100723_105404",36465.11,"2010","07","23",0.527503653,24438.22,2.923462529,30430.32147,4.884545047,10409,5.193384719,30428.04107,5.531800204,5859,0.898034355,12026.89,1.43956596,14972.92555,3.246386528,10401,3.804240121,14969.68488,4.343303596,3935
"KCAE20100723_105820",30799.18,"2010","07","23",0.527359588,19613.75,2.396221534,24932.68506,4.712601439,10405,4.641623922,24930.16209,5.710035621,5371,0.91929769,11185.43,1.320681197,13740.36718,3.008227895,10404,3.615966527,13737.05683,4.060339334,3799
"KCAE20100723_110237",22696.47,"2010","07","23",0.527426092,14357.68,1.859433367,19351.12305,3.612735479,10407,4.025866812,19348.3159,4.420791154,4806,0.895116418,8338.79,1.029742583,10711.38235,2.4160121,10402,3.187809612,10707.85249,3.346533201,3359
"KCAE20100723_110653",16683.91,"2010","07","23",0.52734375,10761.45,1.51948892,15825.4771,3.051658682,10415,3.663445674,15822.42186,3.821627489,4319,0.921426646,5922.46,0.785706018,8172.128298,1.972896706,10401,2.754941474,8168.40147,2.869023638,2965
"KCAE20100723_111121",13008.76,"2010","07","23",0.527597687,8558.37,1.239265369,12894.55616,2.599142826,10405,3.30461329,12891.29644,3.346015602,3901,0.87868931,4450.39,0.619298035,6445.034651,1.631265425,10407,2.461264961,6441.130403,2.459823387,2617
"KCAE20100723_111536",11246.52,"2010","07","23",0.527391278,7525.75,1.099452138,11436.50113,2.284278846,10402,3.109363789,11433.13065,2.91779883,3677,0.893329105,3720.77,0.535209296,5569.387939,1.542029184,10406,2.405070152,5565.332332,2.489697094,2314
"KCAE20100723_111952",8900.62,"2010","07","23",0.527522261,6228.07,0.951224357,9893.684538,2.268258491,10401,3.032844545,9890.106061,3.177949436,3261,0.921115906,2672.55,0.415293883,4320.302261,1.286164857,10403,2.200954226,4316.071238,2.201798267,1961
"KCAE20100723_112408",9347.28,"2010","07","23",0.52734375,6941.59,1.016904723,10580.89364,2.266507519,10405,3.190751199,10577.34023,3.031519793,3315,0.89297608,2405.69,0.391097128,4068.192327,1.12960558,10402,2.136662584,4063.932235,1.802968419,1902
"KCAE20100723_112824",8031.07,"2010","07","23",0.527351665,6140.74,0.901437988,9383.969453,2.334940316,10410,3.094777695,9380.271192,3.455445765,3031,0.922600169,1890.33,0.320887869,3337.554723,0.99265426,10401,1.975807574,3333.187378,1.675482889,1687
"KCAE20100723_113239",8298.33,"2010","07","23",0.527566011,6247.25,0.934537827,9723.866093,2.384352015,10405,3.063423103,9720.241507,3.48199504,3173,0.897959425,2051.08,0.340221179,3540.001371,1.024301471,10405,2.011187489,3535.667605,1.688506131,1758
"KCAE20100723_113655",8388.62,"2010","07","23",0.52734375,6297.6,0.934585216,9720.620837,2.086646911,10401,2.980687687,9717.041859,2.791950861,3260,0.87799565,2091.02,0.347339546,3614.415313,1.021339091,10406,1.950366103,3610.127656,1.655157557,1851
"KCAE20100723_114111",8291.45,"2010","07","23",0.527470921,6230.88,0.914793146,9522.996652,2.300912878,10410,3.032606728,9519.35252,3.337335692,3139,0.899506143,2060.57,0.342603587,3563.0773,1.008861426,10400,1.947882114,3558.780622,1.633566361,1827
"KCAE20100723_114527",9172.11,"2010","07","23",0.527359583,6861.54,1.033959765,10761.45323,2.517909949,10408,3.417348988,10757.81462,3.580422589,3148,0.890725532,2310.57,0.38782162,4033.344844,1.179011905,10400,2.096303735,4029.095778,1.985545889,1922
"KCAE20100723_114942",8121.41,"2010","07","23",0.527739968,6142.82,0.936026879,9732.807493,2.496285002,10398,3.147572086,9729.145318,3.742316861,3091,0.893608558,1978.59,0.338703666,3522.856825,1.030362622,10401,2.001436328,3518.525064,1.719059954,1758
"KCAE20100723_115358",9495.49,"2010","07","23",0.527351145,6892.25,0.991702214,10313.70302,2.366219236,10400,3.290795051,10310.06089,3.320076898,3133,0.894431258,2603.24,0.416385025,4334.984497,1.120556194,10411,2.092175891,4330.804095,1.676536595,2070
"KCAE20100723_115816",9889.45,"2010","07","23",0.533284646,9533.88,1.285149267,13370.69297,2.543037903,10404,2.716509848,13367.94496,3.12821595,4921,1.530607928,355.57,0.085375909,888.4217043,0.429479082,10406,1.171862394,883.5842451,1.12889975,754
"KCAE20100723_120752",7382.79,"2010","07","23",0.524556505,7071.72,0.967937902,10068.49006,1.828212643,10402,2.292297295,10065.47742,2.209758157,4391,1.532170872,311.07,0.075498533,785.4112368,0.402762023,10403,1.091686342,780.5557348,1.119321483,715
"KCAE20100723_121728",6373.5,"2010","07","23",0.52485367,6074.46,0.810901728,8439.865187,1.83178318,10408,2.182252049,8436.58642,2.458088407,3866,1.530796749,299.04,0.07023331,730.5668921,0.342044781,10402,1.01074289,725.7133949,0.863533025,718
"KCAE20100723_122705",6697.56,"2010","07","23",0.524041413,6383.29,0.810344735,8434.067999,1.738167008,10408,2.213379014,8430.760665,2.269633993,3809,1.528704532,314.27,0.075726237,787.9314951,0.385584292,10405,1.099822313,783.0734872,1.023795798,712
"KCAE20100723_123741",5402.7,"2010","07","23",0.534013794,5189.37,0.701584282,7299.282873,1.584834852,10404,2.077399969,7295.82869,2.140995391,3512,1.53695086,213.33,0.052538453,546.3999134,0.291613249,10400,0.979140547,541.4647227,0.832805209,553
"KCAE20100723_124718",5734.61,"2010","07","23",0.525879927,5408.85,0.69570641,7239.520905,1.624911277,10406,2.197375026,7235.95596,2.246177618,3293,1.531493085,325.76,0.078798876,819.9022996,0.410881948,10405,1.13201153,815.0483013,1.117819695,720
"KCAE20100723_125655",5153.92,"2010","07","23",0.52601177,5007.53,0.633835983,6595.063403,1.425832718,10405,2.089201203,6591.429795,1.914524515,3155,1.529598806,146.39,0.036122691,375.7843567,0.215179839,10403,0.891295673,370.7789998,0.630041687,416
"KCAE20100724_100103",11671.95,"2010","07","24",0.533915155,11652.04,1.266444893,13168.494,10.02904197,10398,8.23269797,13164.08405,24.43413407,1599,1.532742707,19.91,0.002459491,25.59100614,0.068410016,10405,1.455940685,20.3831696,1.211281568,14
"KCAE20100724_101041",115093.26,"2010","07","24",0.516621166,115073.2,12.85174349,133568.17,72.91618341,10393,54.16228594,133564.1971,142.0429233,2466,1.534181858,20.06,0.002443021,25.41963198,0.063170744,10405,1.443699674,20.21179543,0.976545593,14
"KCAE20100724_102019",123399.09,"2010","07","24",0.524624095,123388.77,13.49858836,140439.3133,53.64714692,10404,30.84480142,140436.3809,77.73146246,4553,1.53435996,10.32,0.00177509,18.47335718,0.041035827,10407,1.105292991,13.26351589,0.512851176,12
"KCAE20100724_102957",119543.64,"2010","07","24",0.524577105,119525.43,12.31437533,128118.761,34.11544206,10404,19.68000144,128116.8093,41.4145976,6510,1.531220011,18.21,0.002436391,25.33846937,0.056656274,10400,1.342242663,20.13363995,0.676914876,15
"KCAE20100724_103936",88590.23,"2010","07","24",0.523918644,88503.75,9.129187344,94934.41919,30.4914434,10399,14.25627643,94932.54475,37.13331283,6659,1.529459706,86.48,0.012209214,127.0246589,0.164423481,10404,1.485992736,121.8514043,1.120647543,82
"KCAE20100724_104914",61553.43,"2010","07","24",0.515924474,60266.86,6.269609839,65229.02076,25.27126132,10404,10.42130426,65226.94334,31.91188066,6259,1.533702498,1286.57,0.214408731,2229.850798,1.511030396,10400,3.1968208,2224.987277,4.961483582,696
"KCAE20100724_105852",37487.92,"2010","07","24",0.532878637,34894.11,3.928321516,40858.47209,15.41038103,10401,7.38940682,40856.03031,20.52315834,5529,1.52914305,2593.81,0.431199433,4487.061298,3.31160123,10406,3.298401072,4482.527057,8.635056541,1359
"KCAE20100724_110832",24478.11,"2010","07","24",0.517957747,22302.32,2.929849719,30482.15648,11.47310772,10404,6.041520439,30479.47061,15.89602152,5045,1.536133821,2175.79,0.341640006,3555.105905,1.631451248,10406,2.55990317,3550.585697,3.781524708,1387
"KCAE20100724_111812",10375.75,"2010","07","24",0.520669255,8855.46,1.288754193,13405.62112,3.944848313,10402,3.455104891,13402.35187,5.852506207,3879,1.534680556,1520.29,0.209679581,2181.925722,1.833525469,10406,2.978217148,2177.076735,6.297791236,731
"KCAE20100724_112750",9494.38,"2010","07","24",0.513675033,8746.24,1.27267164,13231.96704,5.96576876,10397,3.74321658,13228.52739,9.771236614,3534,1.538020467,748.14,0.104038598,1082.417571,0.818859092,10404,2.373195503,1077.430758,3.162690432,454
"KCAE20100724_113728",7319.19,"2010","07","24",0.514785457,7150.04,1.058261331,11009.09263,3.347677266,10403,3.308943394,11005.54573,5.254668939,3326,1.533968309,169.15,0.025588074,266.1927377,0.342626667,10403,1.80035558,261.0515591,2.294234135,145
"KCAE20100724_114708",7966,"2010","07","24",0.533301103,7788.14,1.110840984,11554.96792,4.303152202,10402,3.641659626,11551.34433,7.177662079,3172,1.536823688,177.86,0.024343266,253.1943085,0.324963454,10401,2.084379003,248.0411013,2.231139969,119
"KCAE20100724_115647",6685.81,"2010","07","24",0.518324547,6562.63,0.965865074,10046.92849,3.188998834,10402,3.176249177,10043.2999,5.142054905,3162,1.537922727,123.18,0.016380555,170.3577744,0.295067758,10400,1.757367433,165.1925387,2.577555571,94
"KCAE20100724_120627",5027.72,"2010","07","24",0.518133038,4966.8,0.733314494,7629.403999,2.784497753,10404,2.724398882,7625.59247,4.837550574,2799,1.537205426,60.92,0.009246726,96.22143256,0.163217527,10406,1.597099051,91.03464588,1.539275001,57
"KCAE20100724_121606",4710.49,"2010","07","24",0.518263127,4645.72,0.706764009,7350.345697,2.123252621,10400,2.629396445,7346.533667,3.424747125,2794,1.536020191,64.77,0.009435658,98.13084059,0.197262859,10400,1.659759997,92.94655984,2.13757231,56
"KCAE20100724_122545",3912.66,"2010","07","24",0.514402595,3838.59,0.604082374,6282.456687,1.74550379,10400,2.387286107,6278.562462,2.791737515,2630,1.534594846,74.07,0.010798838,112.3835117,0.246794193,10407,1.949004026,107.1952214,2.809010713,55
"KCAE20100724_123524",4085.35,"2010","07","24",0.523842868,4053.06,0.622575356,6476.651427,1.71785894,10403,2.422446388,6472.776748,2.670537434,2672,1.531504908,32.29,0.005149327,53.58904098,0.094110129,10407,1.209830823,48.39323293,0.932170182,40
"KCAE20100724_124555",5283.69,"2010","07","24",0.535543361,5231.93,0.797987918,8300.670325,2.437968813,10402,2.655897146,8297.022685,3.854881745,3124,1.538684846,51.76,0.006634809,69.00864409,0.147093834,10401,1.679337915,63.81484079,1.788168113,38
"KCAE20100724_125535",5755.41,"2010","07","24",0.514150012,5729.58,0.883452191,9185.252427,2.296982409,10397,2.778123451,9181.698007,3.367047067,3305,1.530595355,25.83,0.004144087,43.10265307,0.079097396,10401,1.148677086,37.90634383,0.82349119,33
"KCAE20100725_100101",88.87,"2010","07","25",0.51816032,81.7,0.011327189,117.8593969,0.167453709,10405,1.565008739,112.6806292,1.282175521,72,1.537454934,7.17,0.000863827,8.986390142,0.026196056,10403,1.886770863,3.773541725,0.153430083,2
"KCAE20100725_101041",534.76,"2010","07","25",0.523103542,530.4,0.058982173,613.8864575,0.666385501,10408,3.458854033,608.7583097,3.818774932,176,1.536020985,4.36,0.000569298,5.922976383,0.004912245,10404,0.354813389,0.709626778,0,2
"KCAE20100725_102019",5043.01,"2010","07","25",0.515464426,5037.79,0.536189676,5577.445013,3.549925007,10402,9.017057277,5572.541397,11.65521048,618,1.531427093,5.22,0.000663088,6.899429964,0.011696386,10405,0.842789586,1.685579173,0.068534701,2
"KCAE20100725_102957",8562.96,"2010","07","25",0.514529886,8558.9,0.909590506,9465.198805,4.787020971,10406,6.820965102,9460.678597,11.47539553,1387,1.535060105,4.06,0.000501187,5.215354353,0,10406,NA,0,NA,0
"KCAE20100725_103936",13970.19,"2010","07","25",0.514688252,13943.36,1.341166198,13956.17546,5.77513832,10406,6.927492301,13951.96949,11.5619514,2014,1.532063102,26.83,0.003636668,37.82861933,0.083317463,10402,1.418556393,32.62679703,1.088236057,23
"KCAE20100725_104914",7849.61,"2010","07","25",0.516589185,7565.37,0.758407792,7891.233076,3.269558611,10405,4.254016949,7886.947424,6.718953829,1854,1.534263848,284.24,0.041825122,435.1485743,0.337243761,10404,1.679931743,430.0625263,1.37040139,256
"KCAE20100725_105853",4219.13,"2010","07","25",0.518785984,3494.29,0.39776546,4139.545147,1.658777612,10407,2.751219279,4135.082576,3.547528267,1503,1.532575875,724.84,0.10851678,1128.791542,0.527312561,10402,1.685026213,1123.912484,1.297233846,667
"KCAE20100725_110831",1964.57,"2010","07","25",0.520717218,1378.17,0.187042162,1946.360734,0.795637923,10406,1.831770413,1941.676638,1.790258363,1060,1.535331434,586.4,0.08555354,889.9279194,0.470566775,10402,1.614943833,884.9892204,1.317892403,548
"KCAE20100725_111809",1552.26,"2010","07","25",0.513394366,981.39,0.155424653,1617.038094,0.682987105,10404,1.615555037,1612.323927,1.583271694,998,1.543963475,570.87,0.079620345,828.3700736,0.554518137,10404,1.888473026,823.3742393,1.982599494,436
"KCAE20100725_112748",1640.52,"2010","07","25",0.525196547,1154.55,0.198122641,2060.871715,0.716489103,10402,1.586657333,2056.307904,1.385269833,1296,1.53417153,485.97,0.073466304,764.0495612,0.507419896,10400,1.639458453,759.0692637,1.79534565,463
"KCAE20100725_113727",1646.74,"2010","07","25",0.524223282,1286.57,0.213118318,2216.856749,0.789255489,10402,1.669666017,2212.307472,1.568590584,1325,1.534670668,360.17,0.058110445,604.3486306,0.433674497,10400,1.783644888,599.3046823,1.658939382,336
"KCAE20100725_114705",1616.29,"2010","07","25",0.523961879,1379.21,0.232245888,2415.821724,0.851972376,10402,1.743529658,2411.301517,1.6812847,1383,1.534596722,237.08,0.038520498,400.6131759,0.34934062,10400,1.569552095,395.5271279,1.626120253,252
"KCAE20100725_115644",1522.97,"2010","07","25",0.523310046,1362.52,0.234425515,2439.666335,0.864484994,10407,1.832292368,2435.116558,1.710798677,1329,1.533323506,160.45,0.028645019,298.0227821,0.336125162,10404,1.525545094,292.9046581,1.964378157,192
"KCAE20100725_120622",1721.12,"2010","07","25",0.515825962,1629.87,0.269777143,2805.14273,1.226817122,10398,2.032381728,2800.622022,2.789276523,1378,1.534272091,91.25,0.015916997,165.568605,0.258364113,10402,1.557348327,160.4068776,2.09366714,103
"KCAE20100725_121601",1678.74,"2010","07","25",0.511697499,1605.92,0.259434883,2698.901092,0.896917106,10403,1.908211698,2694.394918,1.668210064,1412,1.528747823,72.82,0.014171133,147.4506384,0.166802543,10405,1.129356625,142.2989348,1.02314076,126
"KCAE20100725_122540",1535.79,"2010","07","25",0.518555004,1492.99,0.234957505,2444.967799,0.90357988,10406,1.885935843,2440.400981,1.858750022,1294,1.536659437,42.8,0.008079842,84.03843593,0.13079905,10401,1.159701004,78.85966825,1.140503019,68
"KCAE20100725_123519",1603.42,"2010","07","25",0.515385307,1574.21,0.23139794,2407.232765,0.838523057,10403,1.920580256,2402.6459,1.614042355,1251,1.534918389,29.21,0.005062198,52.64685722,0.090364195,10400,1.186363937,47.45455748,0.860538247,40
"KCAE20100725_124458",1012.59,"2010","07","25",0.51673078,979.79,0.145760535,1516.201087,0.611942015,10402,1.574446747,1511.468877,1.345508358,960,1.534144902,32.8,0.005262304,54.75427437,0.0961631,10405,1.208779753,49.55996988,0.956396699,41
"KCAE20100725_125532",734.54,"2010","07","25",0.53302861,718.22,0.11489095,1195.095665,0.493666235,10402,1.408645939,1190.305818,1.085980009,845,1.53497633,16.32,0.002436983,25.35193697,0.053552332,10403,1.119283753,20.14710755,0.65709894,18
"KCAE20100726_100417",377.13,"2010","07","26",0.531316989,353.69,0.033102399,344.430459,0.719819525,10405,4.405898666,339.2541973,7.170305515,77,1.474122912,23.44,0.002282699,23.75147805,0.077812953,10405,2.317579298,18.54063439,1.693556428,8
"KCAE20100726_101001",618.22,"2010","07","26",0.532642615,563.74,0.047021486,489.2115402,1.364120318,10404,7.562957254,484.0292642,15.79655518,64,1.477563484,54.48,0.004458935,46.4041355,0.137702917,10407,3.168830415,41.19479539,2.362634934,13
"KCAE20100726_101545",4753.25,"2010","07","26",0.532178263,4588.5,0.346067201,3599.098889,12.98897253,10400,39.06448534,3593.932651,133.2312342,92,1.475987946,164.75,0.012558168,130.6551813,0.552329253,10404,11.40421294,125.4463423,13.20848085,11
"KCAE20100726_102129",1980.76,"2010","07","26",0.532065304,1969.33,0.174865917,1818.780401,3.91005466,10401,8.435699106,1813.675308,25.94198293,215,1.461872113,11.43,0.001383312,14.39474194,0.037291442,10406,1.311842271,9.182895896,0.637772081,7
"KCAE20100726_102715",2368.49,"2010","07","26",0.532238534,2364.43,0.239350247,2489.481917,1.673477793,10401,5.818461536,2484.483076,5.986188483,427,1.471498547,4.06,0.000501187,5.214853166,0,10405,NA,0,NA,0
"KCAE20100726_103300",4277.66,"2010","07","26",0.532658369,4272.51,0.414280842,4308.106471,2.019607747,10399,5.807376524,4303.266005,5.094459182,741,1.477146066,5.15,0.000748243,7.788463185,0.019082584,10409,1.286303822,2.572607645,0.695758548,2
"KCAE20100726_103844",5081.04,"2010","07","26",0.532147497,5066.66,0.474798616,4940.754393,2.012317582,10406,5.273512981,4936.00815,4.442140733,936,1.477439907,14.38,0.001861974,19.37197255,0.064755868,10404,1.770203758,14.16163007,1.629531965,8
"KCAE20100726_104431",5750.69,"2010","07","26",0.532681776,5739.17,0.534857302,5567.864512,1.970210592,10410,3.890464231,5563.363851,3.900338928,1430,1.528939814,11.52,0.001514247,15.75725603,0.032794383,10406,0.958855885,10.54741474,0.331372936,11
"KCAE20100726_105408",3281.78,"2010","07","26",0.518707487,3064.58,0.297587334,3096.098624,1.214630928,10404,2.8864809,3091.421044,2.620171536,1071,1.536038471,217.2,0.027341879,284.546937,0.255256151,10407,1.57864289,279.4197916,1.179087798,177
"KCAE20100726_110345",1804.73,"2010","07","26",0.522030525,1204.86,0.142710799,1485.619418,0.67907111,10410,1.874427844,1480.797997,1.683568362,790,1.533324315,599.87,0.07630938,793.6175494,0.467087265,10400,1.882136515,788.6151997,1.421832212,419
"KCAE20100726_111323",1619.39,"2010","07","26",0.515766021,596.25,0.094206896,980.0343378,0.470813538,10403,1.427763979,975.1627979,1.21439593,683,1.5371925,1023.14,0.127842683,1329.947432,0.650242236,10403,2.057540909,1325.056345,1.692442828,644
"KCAE20100726_112302",1298.87,"2010","07","26",0.523533643,414.58,0.073789275,767.7774058,0.363925357,10405,1.228460209,762.8737899,0.89570145,621,1.535240094,884.29,0.11242957,1169.717248,0.652518006,10404,2.068889989,1164.785064,1.956412438,563
"KCAE20100726_113240",1066.58,"2010","07","26",0.514243245,469.5,0.079892724,831.3636894,0.458742572,10406,1.398383311,826.4445367,1.365686515,591,1.530814874,597.08,0.08129176,845.6781753,0.52267189,10403,1.876537626,840.6888564,1.726772782,448
"KCAE20100726_114216",701.61,"2010","07","26",0.520484027,415.36,0.071757908,746.4975213,0.369236635,10403,1.294189966,741.5708508,0.946095167,573,1.533213157,286.25,0.043355055,451.0659871,0.361602048,10404,1.689333138,445.9839486,1.543283096,264
"KCAE20100726_115153",812.66,"2010","07","26",0.525978248,570.6,0.096103315,999.7627882,0.508564264,10403,1.496063499,994.8822269,1.398159029,665,1.534972106,242.06,0.040815595,424.6046336,0.356203058,10403,1.531124482,419.5281081,1.595311791,274
"KCAE20100726_120132",749.31,"2010","07","26",0.524695609,594.34,0.100538585,1046.305055,0.531863169,10407,1.566048855,1041.422489,1.461301015,665,1.530108362,154.97,0.029417637,306.0316731,0.253208875,10403,1.286047437,300.9351001,1.113523636,234
"KCAE20100726_121109",856.66,"2010","07","26",0.521893336,738.95,0.115704863,1204.256215,0.632528036,10408,1.735725295,1199.386179,1.794228032,691,1.531138592,117.71,0.021947881,228.4115983,0.218747469,10407,1.313417321,223.2809446,1.11387526,170
"KCAE20100726_122047",746.7,"2010","07","26",0.526392868,607.83,0.09982491,1039.17731,0.584826408,10410,1.636513768,1034.276701,1.767478486,632,1.533592251,138.87,0.026150656,272.0714281,0.27107991,10404,1.450811384,266.9492946,1.449093479,184
"KCAE20100726_123025",631.72,"2010","07","26",0.515882189,511.61,0.08444914,878.5243988,0.456610835,10403,1.532624956,873.5962248,1.260486209,570,1.537231129,120.11,0.022855954,237.7933484,0.238911171,10404,1.463262171,232.6586852,1.279784148,159
"KCAE20100726_124004",633.84,"2010","07","26",0.515173978,556.24,0.089708102,933.143675,0.457785993,10402,1.529216715,928.2345461,1.180111055,607,1.535516759,77.6,0.014124692,146.9532955,0.201508037,10404,1.558071996,141.7845516,1.504000013,91
"KCAE20100727_100019",6769.33,"2010","07","27",0.531945674,6679.96,1.364138229,14192.49414,11.30439122,10404,6.449264726,14188.3824,23.91100265,2200,1.465799068,89.37,0.007688074,79.95597177,0.140358018,10400,2.136033317,74.76116609,1.160425156,35
"KCAE20100727_100604",2652.54,"2010","07","27",0.53205557,2627.08,0.530692842,5521.859021,3.723441739,10405,4.503884181,5517.258122,9.996836281,1225,1.455666295,25.46,0.00394833,41.06657688,0.067169258,10401,1.157073073,35.86926527,0.431198119,31
"KCAE20100727_101149",3183.58,"2010","07","27",0.531962042,3162.02,0.448277545,4663.879581,4.008013406,10404,5.927556186,4659.059162,13.43014248,786,1.459871054,21.56,0.003347778,34.82693331,0.070727714,10403,1.288026514,29.62460982,0.797489417,23
"KCAE20100727_101734",6505.45,"2010","07","27",0.531757296,6480.47,0.800685415,8327.128318,6.969801015,10400,9.467982383,8322.356515,22.2082558,879,1.476232657,24.98,0.004059621,42.22817754,0.08419133,10402,1.322459328,37.02886118,0.960783279,28
"KCAE20100727_102321",18287.3,"2010","07","27",0.532094566,18095.99,2.265911331,23574.54149,8.909930505,10404,11.1391246,23570.38765,17.0761866,2116,1.503027154,191.31,0.027195033,282.9371279,0.823647197,10404,10.28652992,277.736308,12.72201174,27
"KCAE20100727_102908",48802.88,"2010","07","27",0.532061005,48595.24,5.774733243,60057.22573,19.0912889,10400,14.85015831,60054.04019,28.33146278,4044,1.457248375,207.64,0.029081261,302.6196005,0.834871148,10406,14.16260815,297.4147711,12.34709766,21
"KCAE20100727_103453",45647.98,"2010","07","27",0.52734375,36423.52,5.371487852,46812.51663,11.7022361,8715,10.21839003,46810.44472,14.52629707,4581,0.892666427,9224.46,1.434452864,12859.86992,6.692829454,8965,4.826093072,12856.71194,11.59350789,2664
"KCAE20100727_103912",63207.76,"2010","07","27",0.52736593,50379.83,6.501026444,67623.67707,20.48245156,10402,10.97752452,67621.55104,25.67752533,6160,0.893473906,12827.93,1.711813073,17809.70321,12.7081791,10404,5.566143219,17806.09216,22.44747466,3199
"KCAE20100727_104328",68738.3,"2010","07","27",0.527647342,54312.18,7.040263922,73246.90585,13.73626733,10404,11.12131678,73244.99231,15.89633873,6586,0.895195667,14426.12,1.962832348,20421.30775,5.797702436,10404,5.292386463,20418.02698,8.546161452,3858
"KCAE20100727_104745",75808.45,"2010","07","27",0.52734375,59917.69,7.801814361,81162.2748,16.35178863,10403,11.47146387,81160.60685,18.73689951,7075,0.890101052,15890.76,2.035267875,21183.06804,5.314122995,10408,5.228309552,21179.88199,7.474580952,4051
"KCAE20100727_105203",76140.23,"2010","07","27",0.527453571,56980.22,7.438831175,77393.59954,13.59852322,10404,10.74888802,77391.99374,15.2196543,7200,0.893633671,19160.01,2.417819352,25167.08163,5.06233423,10409,5.226225959,25164.27799,6.381830517,4815
"KCAE20100727_105620",76660.99,"2010","07","27",0.527596558,55763.85,7.486590776,77920.4368,14.54335093,10408,11.06486081,77918.7498,16.52348546,7042,0.875803576,20897.14,2.672954831,27812.09501,6.339723998,10405,5.697464957,27809.32645,8.273704416,4881
"KCAE20100727_110037",69632.16,"2010","07","27",0.527484221,52921.32,7.025710499,73081.44061,13.030251,10402,10.78347703,73079.62381,14.83555956,6777,0.895447528,16710.84,2.135359767,22212.0123,4.669674671,10402,4.885410767,22209.07735,6.038616765,4546
"KCAE20100727_110455",66050.59,"2010","07","27",0.527719076,51786.28,6.751375883,70254.81744,14.36139869,10406,10.70275623,70252.89188,16.87287432,6564,0.878271956,14264.31,1.854645789,19290.17085,4.536276526,10401,4.562828608,19287.07652,6.187287878,4227
"KCAE20100727_110911",65757.03,"2010","07","27",0.527351669,55060.04,6.803960698,70795.21106,15.39397421,10405,10.46774889,70793.38574,18.06247392,6763,0.921794413,10696.99,1.435157484,14937.1191,3.789987868,10408,4.169094917,14933.69799,5.508576335,3582
"KCAE20100727_111328",55388.28,"2010","07","27",0.52807202,44207.53,5.615812586,58454.99321,12.38535194,10409,9.298906589,58452.92682,14.82477531,6286,0.875573153,11180.75,1.515193799,15751.95473,4.041543154,10396,4.369742138,15748.55067,5.886398555,3604
"KCAE20100727_111744",48397.92,"2010","07","27",0.52734375,40579.06,5.121752177,53276.46615,10.13179012,10402,8.442855038,53274.41529,11.88239728,6310,0.891089935,7818.86,1.098340894,11428.23701,2.999956598,10405,3.613095164,11424.60691,4.531418562,3162
"KCAE20100727_112159",39554.57,"2010","07","27",0.527612391,33841.42,4.336604535,45135.38,7.975317983,10408,7.423225471,45133.21086,9.272294926,6080,0.875051639,5713.15,0.834052083,8679.145976,2.052546132,10406,2.912193239,8675.423658,2.943960991,2979
"KCAE20100727_112615",41901.42,"2010","07","27",0.527432971,37293.54,4.541796979,47257.39757,9.381320135,10405,7.592432857,47255.3021,11.13441876,6224,0.894916061,4607.88,0.693001237,7213.449876,2.068427661,10409,2.828368201,7209.510544,3.381620582,2549
"KCAE20100727_113031",35537.09,"2010","07","27",0.527367516,32802.63,4.04883282,42111.91016,7.496702635,10401,6.604437404,42109.89289,8.648950116,6376,0.890038844,2734.46,0.44833366,4664.015063,1.381706221,10403,2.377440581,4659.783539,2.355714675,1960
"KCAE20100727_113447",34895.98,"2010","07","27",0.527983889,31816.78,3.920618897,40809.7221,8.065071139,10409,6.572333245,40807.61712,9.571946305,6209,0.895295993,3079.2,0.515866048,5367.58623,1.510014815,10405,2.436835297,5363.47449,2.469971971,2201
"KCAE20100727_113903",37576.43,"2010","07","27",0.52734375,31568.89,3.923372694,40814.84613,8.124090326,10403,6.434307317,40812.81131,9.596646574,6343,0.892605108,6007.54,0.875413583,9108.678336,2.141712785,10405,2.763312563,9105.114894,3.04470029,3295
"KCAE20100727_114319",37684.11,"2010","07","27",0.527638979,34729.05,4.207571516,43762.95134,8.308754061,10401,6.883895633,43760.92454,9.722860497,6357,0.891311685,2955.06,0.476571127,4956.816297,1.402661818,10401,2.397211472,4952.638901,2.302891799,2066
"KCAE20100727_114736",52064.18,"2010","07","27",0.527359583,48809.5,5.462032278,56848.83195,11.90636484,10408,9.008998112,56846.77809,14.20860936,6310,0.891536144,3254.68,0.487096438,5066.290048,1.488662843,10401,2.492415121,5062.095111,2.520706832,2031
"KCAE20100727_115151",48123.33,"2010","07","27",0.527402867,44511.75,5.100449641,53080.37942,10.35020747,10407,8.379908128,53078.33808,12.18769749,6334,0.896230479,3611.58,0.528206458,5492.290749,1.398777889,10398,2.323566134,5488.263208,2.107978513,2362
"KCAE20100727_115608",45019.79,"2010","07","27",0.52734375,39995.6,4.752229796,49427.94211,7.973124818,10401,7.522986615,49426.02206,8.933007184,6570,0.875345514,5024.19,0.774379428,8056.643572,1.83706697,10404,2.571200172,8052.998938,2.567593161,3132
"KCAE20100727_120024",36302.11,"2010","07","27",0.52769212,33176.34,4.115358519,42828.53611,8.9623527,10407,6.728438383,42826.51031,10.66568386,6365,0.895722931,3125.77,0.517505434,5387.23157,1.547871655,10410,2.230001689,5383.224077,2.552581173,2414
"KCAE20100727_120440",36763.99,"2010","07","27",0.52734375,34245.14,4.195632554,43634.57856,7.215055996,10400,6.635137168,43632.66202,8.132991968,6576,0.894454545,2518.85,0.446136686,4639.821539,1.408006378,10400,2.334141264,4635.604549,2.444926536,1986
"KCAE20100727_120856",32644.83,"2010","07","27",0.527419252,29646.96,3.827690387,39823.29078,7.330441268,10404,6.505659892,39821.1442,8.597551057,6121,0.892836099,2997.87,0.503562021,5239.059267,1.418521981,10404,2.243898065,5235.014185,2.25176847,2333
"KCAE20100727_121312",34740.14,"2010","07","27",0.52734375,31968,4.131794363,43007.84752,8.306099813,10409,6.849144389,43005.77762,9.785922865,6279,0.893950011,2772.14,0.520003119,5409.592446,1.573006762,10403,2.471639091,5405.474691,2.636121444,2187
"KCAE20100727_121729",30459.87,"2010","07","27",0.527744722,27752.83,3.750697269,38999.7502,6.901615911,10398,6.351403281,38997.61615,8.009398638,6140,0.897108229,2707.04,0.471099956,4902.266146,1.333510238,10406,2.236597439,4898.148392,2.122015361,2190
"KCAE20100727_122144",35979.38,"2010","07","27",0.527351669,31967.05,4.397061633,45751.4263,7.520832349,10405,7.072105986,45749.45362,8.489029143,6469,0.878633229,4012.33,0.71958577,7485.131178,9.706773547,10402,2.982924564,7481.174806,19.59978246,2508
"KCAE20100727_122601",38850.28,"2010","07","27",0.527430985,34234.64,4.738906193,49237.23535,10.61679834,10390,7.252236054,49235.43057,12.42107924,6789,0.893833866,4615.64,0.801426703,8326.022014,13.43211098,10389,3.33817274,8322.06464,27.26947625,2493
"KCAE20100727_123017",43911.28,"2010","07","27",0.527367507,37069.17,5.108848851,53157.57229,20.32105749,10405,8.011406604,53155.68282,24.9872018,6635,0.894401064,6842.11,1.237288161,12859.13586,25.02327872,10393,7.91061012,12854.74145,62.88097122,1625
"KCAE20100727_123433",52272.15,"2010","07","27",0.52734375,42888.86,6.012762796,62526.72032,24.81768894,10399,8.727679925,62525.09898,29.5022966,7164,0.895275942,9383.29,1.619612308,16853.68567,24.45753007,10406,6.855045663,16849.70224,49.97255206,2458
"KCAE20100727_123849",54769.68,"2010","07","27",0.52734375,45217.7,6.321416666,65736.41191,23.07329171,10399,8.967922751,65734.87376,27.04759944,7330,0.893386691,9551.98,1.378529768,14333.95253,20.06127116,10398,8.726896548,14329.56413,49.85675786,1642
"KCAE20100727_124304",72808.21,"2010","07","27",0.52734375,57394.08,7.457048896,77590.59376,26.57525154,10405,10.58513678,77589.05261,31.13592539,7330,0.894323674,15414.13,2.002342218,20816.34969,22.70469335,10396,8.272019212,20812.40034,45.59383134,2516
"KCAE20100727_124720",79148.12,"2010","07","27",0.527375447,58952.72,7.709194096,80160.20021,28.2283998,10398,11.08847862,80158.61194,33.2976081,7229,0.893947384,20195.4,2.278299838,23657.86552,33.48903992,10384,12.9537658,23653.57636,79.00821985,1826
"KCAE20100727_125135",72957.48,"2010","07","27",0.527369137,55823.45,7.160546975,74369.44088,26.84888741,10386,10.16788368,74367.90123,31.51344821,7314,0.894844103,17134.03,1.935129358,20076.96709,27.40021209,10375,8.618692373,20072.93454,57.34067232,2329
"KCAE20100727_125550",93697.75,"2010","07","27",0.52582949,62270.09,7.98587956,82853.50044,33.50703394,10375,11.07499666,82852.05,39.02416451,7481,0.878085085,31427.66,3.43914608,35636.43168,40.84834536,10362,10.5861335,35632.92537,71.14762335,3366
"KCAE20100728_100343",121893.1,"2010","07","28",0.530277297,63274.52,7.12953479,73733.6488,54.38835208,10342,67.76563494,73729.01081,155.0114441,1088,1.458890128,58618.58,7.038709562,72942.14719,53.49806809,10363,57.47642978,72937.58939,143.1333645,1269
"KCAE20100728_100929",88440.17,"2010","07","28",0.532669135,46875.08,5.940431128,61459.70045,51.98030937,10346,65.58696348,61454.98478,161.0799243,937,1.457606387,41565.09,5.478448836,56707.4239,48.84382913,10351,48.25772341,56702.82501,137.7184428,1175
"KCAE20100728_101514",63307.86,"2010","07","28",0.531770084,31909.92,4.223104173,43620.443,39.05720188,10329,44.46050755,43615.7579,119.5230217,981,1.479901528,31397.94,3.942641882,40774.80235,42.94332859,10342,34.43430107,40770.21247,122.7571723,1184
"KCAE20100728_102059",70183.37,"2010","07","28",0.531823111,35972.93,4.390760159,45321.42636,46.86390396,10322,44.51548459,45316.76331,143.1797255,1018,1.456865279,34210.44,4.03193146,41593.40494,41.03990628,10316,40.4953743,41588.74941,124.3181604,1027
"KCAE20100728_102644",99480.31,"2010","07","28",0.532025545,50544.14,5.651825482,58123.37326,54.33859173,10284,48.55373348,58118.81897,152.6495434,1197,1.459388107,48936.17,5.484236863,56471.18698,53.06797669,10297,59.6897467,56466.50037,165.6634248,946
"KCAE20100728_103240",123761.12,"2010","07","28",0.532447563,65061.99,7.037229794,72279.38721,61.48892446,10271,38.38299695,72275.18325,139.3857531,1883,1.46076061,58699.13,6.327336449,65051.34603,57.04225225,10281,75.54776405,65046.62484,183.463859,861
"KCAE20100728_103825",124052.73,"2010","07","28",0.531236239,59883.31,6.483004291,66366.51492,51.83769855,10237,25.36800282,66362.69538,100.1956059,2616,1.478779248,64169.42,7.312615877,75049.37675,59.8334396,10263,83.56868945,75044.68313,185.9496012,898
"KCAE20100728_104411",173364.92,"2010","07","28",0.532120695,91264.84,10.193981,104141.7099,67.30697462,10216,30.5839343,104138.2963,113.8898639,3405,1.461775206,82100.08,9.383149851,95867.64203,70.25471649,10217,104.8829097,95862.97948,212.605288,914
"KCAE20100728_104956",207471.28,"2010","07","28",0.53217078,104122.28,11.79927006,119290.6203,73.09896237,10110,30.33762054,119287.524,114.7987328,3932,1.467583136,103349,12.54780322,127711.5412,81.10884369,10178,130.3131952,127706.9313,230.2715596,980
"KCAE20100728_105541",262529.92,"2010","07","28",0.532257423,133090.98,15.6273557,157320.5898,89.8119526,10067,39.13372118,157317.5592,138.8613991,4020,1.453614571,129438.94,15.92081931,161214.2163,92.0576267,10126,146.2882882,161209.6936,242.5810434,1102
"KCAE20100728_110126",313242.14,"2010","07","28",0.532234032,152400.22,17.61925822,177073.5451,94.07232487,10050,49.39199579,177070.3049,152.4572744,3585,1.458402039,160841.92,18.52512206,187992.9387,99.16058585,10148,127.1052021,187988.5939,231.7228329,1479
"KCAE20100728_110711",378261.13,"2010","07","28",0.531728357,182853.09,20.44114683,205924.1131,105.1319657,10074,61.08595481,205920.7537,174.7950141,3371,1.479538414,195408.04,21.00603674,213841.454,107.3713915,10180,117.7517963,213837.2621,230.7754554,1816
"KCAE20100728_111257",379457.82,"2010","07","28",0.53230337,167324.08,18.22360629,184058.4235,98.38956389,10100,59.12461346,184054.9217,170.2820368,3113,1.501881361,212133.74,23.07905102,234875.5022,113.6653507,10177,103.83357,234871.5353,223.0673151,2262
"KCAE20100728_111844",412624.65,"2010","07","28",0.53225235,180124.94,19.44081547,196935.4607,102.1573445,10130,76.1235718,196931.6802,191.2074764,2587,1.480001997,232499.71,24.29498916,248513.4441,109.4752841,10229,94.77865429,248509.6315,200.2146351,2622
"KCAE20100728_112430",417984.29,"2010","07","28",0.532460154,169447.1,18.13382326,185073.8002,95.03356794,10206,71.01688071,185069.9911,177.8289039,2606,1.467121316,248537.19,26.75127517,273157.2708,117.3489229,10211,103.2716366,273153.4788,212.7710136,2645
"KCAE20100728_113015",492032.32,"2010","07","28",0.532634042,205396.79,22.90044879,233767.7813,114.5898952,10208,93.95655632,233763.9121,217.2832405,2488,1.458576081,286635.53,30.9638168,316605.0268,128.2102861,10225,121.3961692,316601.2092,231.2637561,2608
"KCAE20100728_113600",518984.1,"2010","07","28",0.532515269,256941.72,26.95556177,276213.6415,121.5706721,10247,103.6434677,276209.8415,221.1152549,2665,1.458121784,262042.38,28.03626701,287343.7006,117.2983794,10249,113.5730561,287339.832,214.5583984,2530
"KCAE20100728_114145",421915.25,"2010","07","28",0.53225356,225831.71,24.38849853,250323.5489,113.7051691,10264,89.68821338,250319.8035,204.2059768,2791,1.460956537,196083.54,21.68324312,223294.0376,98.184517,10298,90.62098675,223290.1113,184.5340685,2464
"KCAE20100728_114731",340453.14,"2010","07","28",0.531676867,193236.01,21.20864048,218533.8315,103.898456,10304,79.87209011,218530.0385,189.6789336,2736,1.479003364,147217.13,17.44083175,180442.8452,87.9465193,10346,80.48117022,180438.7836,175.0112957,2242
"KCAE20100728_115317",263583.95,"2010","07","28",0.532460328,144888.01,16.69975648,172708.8815,87.66381147,10342,56.07313047,172705.2418,153.6289158,3080,1.458312701,118695.94,14.25715968,148174.6605,78.40958117,10393,68.34434422,148170.5383,160.5778044,2168
"KCAE20100728_115902",183221.06,"2010","07","28",0.532098568,108605.61,13.16446072,136726.089,75.16768541,10386,44.24674185,136722.4323,132.7395579,3090,1.472987899,74615.45,9.377023453,97436.6507,56.33211946,10391,53.12560635,97432.36204,125.1473311,1834
"KCAE20100728_120447",121233.65,"2010","07","28",0.532385269,66400.89,8.223428261,85515.43049,43.19649871,10399,24.5019965,85511.96779,71.84669319,3490,1.46124132,54832.76,6.948361113,72269.90394,45.06806622,10401,38.56223603,72265.63032,100.291064,1874
"KCAE20100728_121033",79104.68,"2010","07","28",0.531923939,44893.39,5.792072046,60254.92549,30.37260335,10403,16.50275034,60251.54148,49.5195494,3651,1.462778491,34211.29,4.164964466,43340.62023,28.11634555,10406,24.31891021,43336.29799,64.24997536,1782
"KCAE20100728_121618",52551.3,"2010","07","28",0.53190986,28104.98,3.594732242,37403.18897,16.78661759,10405,10.21573586,37399.80897,27.08081689,3661,1.502895966,24446.32,2.73399938,28414.45556,24.36586093,10393,20.61679054,28409.93736,64.12159196,1378
"KCAE20100728_122205",56746.94,"2010","07","28",0.522908999,31791.79,3.614482674,37518.33016,29.4822006,10380,9.869779755,37515.03285,48.08646986,3801,1.467762109,24955.15,2.51509494,26099.1402,29.18963896,10377,17.45464124,26094.68865,75.21003066,1495
"KCAE20100728_122750",35082.9,"2010","07","28",0.532338932,17949.66,2.220368033,23022.99614,17.94409958,10369,6.489872297,23019.57704,30.22814681,3547,1.462818263,17133.24,1.64188857,17039.51958,22.94063613,10378,12.97408707,17034.97632,63.36653215,1313
"KCAE20100728_123344",29280.78,"2010","07","28",0.532395452,17146.95,2.013608139,20921.38857,16.4221147,10390,6.064920217,20917.90983,28.07136007,3449,1.473322532,12133.83,1.097789125,11407.1268,18.30474515,10391,10.75702851,11402.45022,56.42126997,1060
"KCAE20100728_123930",21501.14,"2010","07","28",0.531799252,13842.2,1.739108686,18081.51301,10.69516695,10397,4.864952794,18078.16458,17.46104568,3716,1.495015329,7658.94,0.689386572,7173.756667,13.47751362,10406,6.893329373,7169.062548,42.14560761,1040
"KCAE20100728_124516",12922.68,"2010","07","28",0.532039051,9071.9,1.318848299,13719.97885,3.317376633,10403,3.500951672,13716.72865,4.645922095,3918,1.500597798,3850.78,0.375245507,3904.429504,2.922295524,10405,3.991509019,3899.704311,8.751323513,977
"KCAE20100728_125100",14812.8,"2010","07","28",0.53142164,9585.9,1.438420697,14962.45209,2.794738936,10402,3.51488999,14959.3718,3.434101709,4256,1.464294346,5226.9,0.516209026,5371.154912,5.176000014,10405,5.140290515,5366.463298,15.60295875,1044
"KCAE20100728_125646",18193.99,"2010","07","28",0.532459823,11011.89,1.640613142,17064.01729,3.573498547,10401,3.941088955,17060.97409,4.64953609,4329,1.45856703,7182.1,0.751275892,7817.776933,8.404550937,10406,8.063000236,7813.047229,26.46237858,969
"KCAE20100729_100030",2011.16,"2010","07","29",0.532200691,1997.44,0.322601679,3356.347872,1.527933282,10404,3.063694533,3351.681819,3.716985663,1094,1.476526927,13.72,0.002207017,22.97063805,0.054445054,10408,1.480024631,17.76029557,0.647477992,12
"KCAE20100729_100616",2322.48,"2010","07","29",0.531868309,2299.23,0.320569576,3334.244156,1.730356535,10401,3.844648193,3329.465335,4.736675601,866,1.475582053,23.25,0.00346367,36.02909444,0.182085906,10402,3.852469291,30.81975433,5.685043838,8
"KCAE20100729_101203",3418.04,"2010","07","29",0.531718542,3391.99,0.443241508,4613.25761,4.027511926,10408,6.382829793,4608.403111,14.00616776,722,1.457382822,26.05,0.004405346,45.84643982,0.095710151,10407,1.76704833,40.64211159,1.038054376,23
"KCAE20100729_101748",6416.23,"2010","07","29",0.532318282,6373.51,0.755525213,7858.217745,3.627032414,10401,5.170352996,7853.7662,8.203044311,1519,1.458691132,42.72,0.005597675,58.23821263,0.12413548,10404,1.894210496,53.0378939,1.492756654,28
"KCAE20100729_102333",14340.19,"2010","07","29",0.531995143,14312.71,1.802266713,18747.17835,4.701975346,10402,5.63718239,18743.63145,6.896113321,3325,1.46326449,27.48,0.003788674,39.39842052,0.104804136,10399,2.011476157,34.19509466,1.687726029,17
"KCAE20100729_102918",34298.67,"2010","07","29",0.532223336,34238.57,4.451753742,46311.59417,7.950998191,10403,7.615429706,46309.42804,9.168552567,6081,1.466048961,60.1,0.008322591,86.56326456,0.268515953,10401,2.805687951,81.36495058,4.318902218,29
"KCAE20100729_103503",71010.58,"2010","07","29",0.53216578,70958.35,8.79489037,91493.24452,12.48940852,10403,11.20814919,91492.12186,13.10511598,8163,1.470841158,52.23,0.008348763,86.82713216,0.127194211,10400,1.407652652,81.64385379,0.973643509,58
"KCAE20100729_104047",77429.69,"2010","07","29",0.53139682,77368.12,9.357176528,97333.35024,11.22634729,10402,10.78000466,97332.66211,11.39556374,9029,1.472816552,61.57,0.011182656,116.4002635,0.15015584,10409,1.308541254,111.2260065,1.037522808,85
"KCAE20100729_104632",81927.89,"2010","07","29",0.532287492,81537.67,9.904113543,102982.9726,10.89244173,10398,10.87919982,102982.5055,10.94162992,9466,1.465805129,390.22,0.069179176,719.6709731,0.408087099,10403,1.51739529,714.6931815,1.218308547,471
"KCAE20100729_105217",70614.79,"2010","07","29",0.531849349,69838.92,8.614847607,89559.95572,8.458731908,10396,9.390743966,89559.5252,8.408849016,9537,1.455100357,775.87,0.134139789,1395.724508,0.661831521,10405,1.889780609,1390.878528,1.696709335,736
"KCAE20100729_105801",63798.65,"2010","07","29",0.532445714,62748.05,7.835776555,81531.25505,7.995436595,10405,8.633990566,81530.77291,7.971707454,9443,1.476077623,1050.6,0.170513297,1773.338285,0.716387452,10400,1.945634232,1768.581517,1.555947674,909
"KCAE20100729_110346",56411.65,"2010","07","29",0.532118922,55246.58,7.078500323,73651.79586,6.757401556,10405,7.834410453,73651.29267,6.67961492,9401,1.474156509,1165.07,0.199687243,2077.945448,0.732816264,10406,1.745223488,2073.325504,1.417251467,1188
"KCAE20100729_110933",48685.97,"2010","07","29",0.532474751,47395.54,6.180992143,64313.22325,5.923172183,10405,7.082101055,64312.55968,5.81530234,9081,1.469327405,1290.43,0.216864825,2256.261637,0.844616803,10404,1.870141789,2251.650714,1.753671358,1204
"KCAE20100729_111517",47461.21,"2010","07","29",0.532128953,46199.44,5.948884093,61898.13899,5.642244722,10405,6.833458146,61897.46389,5.524911116,9058,1.459282111,1261.77,0.221259831,2301.544763,0.774471026,10402,1.787529525,2296.975439,1.4344182,1285
"KCAE20100729_112102",42174.02,"2010","07","29",0.532019435,41112.96,5.354402682,55696.4967,4.890834558,10402,6.326899387,55695.6953,4.702403126,8803,1.46273354,1061.06,0.195345138,2032.175471,0.706516587,10403,1.657869642,2027.574572,1.350225914,1223
"KCAE20100729_112647",43785.18,"2010","07","29",0.532023132,42896.28,5.484158963,57046.22154,5.429075616,10402,6.486856451,57045.41563,5.325450125,8794,1.470848258,888.9,0.168261314,1750.927228,0.720034577,10406,1.683926331,1746.231605,1.628817365,1037
"KCAE20100729_113232",39193.43,"2010","07","29",0.532269493,38240.65,4.963634252,51656.54166,5.055016198,10407,5.936070689,51655.68713,4.978737125,8702,1.476201252,952.78,0.191591994,1993.323108,0.712653606,10404,1.666979608,1988.706672,1.404150808,1193
"KCAE20100729_113817",37829.15,"2010","07","29",0.531847997,36943.72,4.814711417,50092.25758,5.059884012,10404,5.91745845,50091.28578,4.994192061,8465,1.459619786,885.43,0.174142224,1811.079132,0.655308797,10400,1.532194813,1806.457685,1.307279007,1179
"KCAE20100729_114402",33552.08,"2010","07","29",0.531790874,32543.14,4.233818757,44044.41653,3.85618718,10403,5.176103805,44043.46728,3.647331038,8509,1.468027236,1008.94,0.206793739,2151.068477,0.710992963,10402,1.594747196,2146.529726,1.301835364,1346
"KCAE20100729_114947",35276.49,"2010","07","29",0.532238063,34049.16,4.548403155,47312.48962,4.516941711,10402,5.510316732,47311.57946,4.406587178,8586,1.458581061,1227.33,0.238923288,2485.518963,0.788152668,10403,1.652936306,2481.057395,1.403419345,1501
"KCAE20100729_115533",34090.79,"2010","07","29",0.532408231,32740.12,4.336010508,45116.18933,4.159966644,10405,5.255128384,45115.27717,4.017991227,8585,1.462617786,1350.67,0.251096487,2611.403469,0.924360528,10400,1.791697834,2606.920349,1.83017742,1455
"KCAE20100729_120117",30144.21,"2010","07","29",0.532377127,28570.14,3.816428369,39713.75361,3.667252977,10406,4.768577347,39712.71214,3.502057955,8328,1.470803916,1574.07,0.287568751,2992.440421,0.941136127,10406,1.843329729,2988.037491,1.679338398,1621
"KCAE20100729_120702",27692.93,"2010","07","29",0.531948143,26271.18,3.544611088,36871.04454,3.331456998,10402,4.47396693,36869.96147,3.138686004,8241,1.456298476,1421.75,0.254822599,2650.409849,0.874863284,10401,1.698316977,2645.97785,1.630963433,1558
"KCAE20100729_121247",28093.25,"2010","07","29",0.531959655,26876.32,3.604643155,37513.52131,3.378821514,10407,4.510879429,37512.47333,3.193650379,8316,1.457921114,1216.93,0.212457815,2210.623566,0.736634469,10405,1.616185226,2206.092834,1.367225661,1365
"KCAE20100729_121832",26607.19,"2010","07","29",0.53168032,25501.02,3.453562416,35937.7705,3.40513148,10406,4.490386873,35936.56614,3.228168068,8003,1.458617953,1106.17,0.193032066,2008.884709,0.768905912,10407,1.637485545,2004.282307,1.63215602,1224
"KCAE20100729_122417",25212.66,"2010","07","29",0.531909072,24535,3.367282494,35046.6762,3.43439216,10408,4.443440181,35045.4127,3.283867681,7887,1.507072086,677.66,0.122634774,1275.524279,0.531268067,10401,1.453946761,1270.749469,1.193805632,874
"KCAE20100729_123002",23415.13,"2010","07","29",0.531760144,22788.58,3.160314309,32873.58944,3.462053444,10402,4.331556148,32872.1796,3.369833356,7589,1.460372844,626.55,0.114227607,1188.538251,0.510254856,10405,1.426192028,1183.739384,1.181025821,830
"KCAE20100729_123546",23250.75,"2010","07","29",0.532230728,22827.1,3.223639423,33535.52091,3.634766555,10403,4.538983464,33534.00983,3.554339887,7388,1.476159636,423.65,0.082671692,859.8682654,0.404759427,10401,1.350667723,854.9726685,0.990568129,633
"KCAE20100729_124132",23155.08,"2010","07","29",0.532174228,22698.42,3.233516808,33638.27535,3.552033939,10403,4.49810235,33636.80938,3.444463367,7478,1.478595488,456.66,0.088604186,922.0151621,0.404413043,10406,1.315852418,917.1491352,0.910188078,697
"KCAE20100729_124717",19973.07,"2010","07","29",0.531790572,19573.71,2.884969036,30003.67798,3.4127379,10400,4.326163138,30001.94136,3.35138674,6935,1.475567418,399.36,0.079286241,825.2111969,0.390492317,10408,1.320943764,820.3060775,0.957778698,621
"KCAE20100729_125303",23087,"2010","07","29",0.529637541,22489.51,3.207848282,33371.24568,3.659685603,10403,4.450492095,33369.78973,3.612831905,7498,1.476426293,597.49,0.117323354,1220.749499,0.4787024,10405,1.351095238,1215.985714,0.991872659,900
"KCAE20100729_125848",22627.9,"2010","07","29",0.532076923,22196.56,3.209204325,33378.93419,3.951674526,10401,4.605043315,33377.35394,3.997709893,7248,1.473612927,431.34,0.086103616,895.9081279,0.403758476,10405,1.308420827,891.0345832,0.94507998,681
"KCAE20100730_100158",1471.24,"2010","07","30",0.532040252,1467.18,0.261772559,2721.91107,1.504582918,10398,2.937473863,2717.163323,4.19587217,925,1.469913158,4.06,0.000501187,5.214853166,0,10405,NA,0,NA,0
"KCAE20100730_100743",1178.38,"2010","07","30",0.532295044,1174.32,0.211992764,2204.936741,1.542377958,10401,3.514437119,2200.037636,5.287934012,626,1.47606435,4.06,0.000501187,5.213850791,0,10403,NA,0,NA,0
"KCAE20100730_101327",985.48,"2010","07","30",0.526065705,981.42,0.165024481,1717.904843,1.348987489,10410,3.652286868,1712.922541,5.264249406,469,1.477503733,4.06,0.000501187,5.21234723,0,10400,NA,0,NA,0
"KCAE20100730_101911",1531.53,"2010","07","30",0.531629474,1524.09,0.283643387,2949.891226,4.161106644,10400,3.953090286,2945.052263,15.08271775,745,1.468642608,7.44,0.001127411,11.72958753,0.027365772,10404,0.931249123,6.518743858,0.537074404,7
"KCAE20100730_102456",3718.59,"2010","07","30",0.530855383,3714.24,0.585698071,6093.602736,2.332578515,10404,3.613788062,6089.232884,4.760644351,1685,1.478163727,4.35,0.000569178,5.922297763,0.006935398,10405,0.707945784,0.707945784,NA,1
"KCAE20100730_103042",7689.45,"2010","07","30",0.531774726,7684.77,1.167001664,12136.8173,4.325737238,10400,4.155160419,12133.06842,7.364976283,2920,1.469036712,4.68,0.000652092,6.783713472,0.008933574,10403,0.523788748,1.571366243,0.066775023,3
"KCAE20100730_103627",17121.94,"2010","07","30",0.528579408,17102.29,2.410977282,25091.04057,8.612341167,10407,4.65291675,25088.52712,11.52125218,5392,1.534837576,19.65,0.002885146,30.00552346,0.053866797,10400,0.992228237,24.80570592,0.484987617,25
"KCAE20100730_104605",22368.41,"2010","07","30",0.516289331,22258.32,2.947471242,30674.33322,4.403854334,10407,4.528644899,30672.5119,4.758181723,6773,1.533166056,110.09,0.01696509,176.5387314,0.159323321,10406,1.084826358,171.4025646,0.719031966,158
"KCAE20100730_105541",26014.88,"2010","07","30",0.514568962,25282.32,3.487853507,36284.14003,4.871401743,10403,4.797397416,36282.71666,5.134225664,7563,1.533197259,732.56,0.114229917,1188.562284,0.513407751,10405,1.597461283,1183.718811,1.155004692,741
"KCAE20100730_110519",25824.21,"2010","07","30",0.51682843,24419.3,3.507221164,36485.62177,5.250614902,10403,4.82850647,36484.19489,5.619424361,7556,1.532570068,1404.91,0.21807189,2268.601867,0.854865168,10403,1.837666785,2264.005479,1.788116802,1232
"KCAE20100730_111456",25905.52,"2010","07","30",0.515133551,24395.52,3.465719261,36057.34319,4.343414731,10404,4.520577521,36056.12631,4.454230151,7976,1.533209461,1510,0.237661278,2472.627936,0.928540506,10404,1.813442836,2468.0957,1.932925139,1361
"KCAE20100730_112434",22752.37,"2010","07","30",0.522120361,21737.05,3.097833919,32232.96192,3.992344932,10405,4.124860935,32231.66335,4.121672701,7814,1.534285821,1015.32,0.169439463,1762.509291,0.664138284,10402,1.440907697,1757.90739,1.389437352,1220
"KCAE20100730_113412",21893.96,"2010","07","30",0.512492507,21285.32,2.957868781,30764.79319,3.321006032,10401,3.813042132,30763.62392,3.310277329,8068,1.526877877,608.64,0.112006441,1165.427022,0.495913615,10405,1.326457952,1160.650708,1.146897896,875
"KCAE20100730_114349",25016.77,"2010","07","30",0.514330013,24684.47,3.506741994,36494.66393,4.42205046,10407,4.45913365,36493.54979,4.54090801,8184,1.529151031,332.3,0.062520463,650.4003739,0.349147278,10403,1.231773178,645.4491453,0.991028071,524
"KCAE20100730_115327",30008.06,"2010","07","30",0.512794417,29793.26,4.202951214,43719.09853,4.570145896,10402,5.021622849,43718.24852,4.565565455,8706,1.528796517,214.8,0.042632869,443.424471,0.278723645,10401,1.129912586,438.4060833,0.925499852,388
"KCAE20100730_120306",34155.12,"2010","07","30",0.522842722,33986.25,4.910947033,51118.04767,5.950867207,10409,5.690452296,51117.33298,6.049726355,8983,1.533049174,168.87,0.034197499,356.0301598,0.272047463,10411,1.19781279,350.9591473,1.113786105,293
"KCAE20100730_121243",45398.37,"2010","07","30",0.514236215,45225.7,6.456738865,67150.08419,7.122358312,10400,6.978041647,67149.69477,7.154481642,9623,1.526966557,172.67,0.036181725,376.4346627,0.275479621,10404,1.12541122,371.3857025,1.081945481,330
"KCAE20100730_122222",39788.72,"2010","07","30",0.523714027,39628.76,6.008999876,62511.62571,7.013512794,10403,6.779938482,62511.03281,7.090439997,9220,1.534720965,159.96,0.031389574,326.514345,0.246600396,10402,1.05050444,321.4543587,1.000099084,306
"KCAE20100730_123200",33474.04,"2010","07","30",0.513289187,33375.55,5.262105101,54773.25199,6.645099174,10409,6.443041492,54772.29573,6.816175057,8501,1.528885614,98.49,0.020790389,216.3239998,0.196025705,10405,1.005782838,211.2143959,0.95807819,210
"KCAE20100730_124138",28348.84,"2010","07","30",0.523025129,28248.95,4.526085832,47098.44917,5.445828174,10406,5.995057427,47097.17115,5.520668015,7856,1.53370915,99.89,0.020840313,216.7809322,0.186466365,10402,0.998461483,211.6738343,0.856551989,212
"KCAE20100730_125116",27708.06,"2010","07","30",0.514462827,27628.18,4.570657422,47548.54916,7.15239168,10403,6.673250002,47546.90627,7.78868692,7125,1.533002979,79.88,0.016754272,174.3281985,0.153323185,10405,0.881299861,169.2095733,0.717656988,192
"KCAE20100731_100126",215.31,"2010","07","31",0.532767227,211.25,0.039976448,415.954945,0.338076283,10405,1.89331267,410.8488495,1.407472873,217,1.478768425,4.06,0.000501187,5.213850791,0,10403,NA,0,NA,0
"KCAE20100731_100712",277.3,"2010","07","31",0.531911972,270.81,0.043289173,450.4238409,0.413805959,10405,2.343706386,445.3042133,2.00180658,190,1.473654249,6.49,0.000813873,8.467537331,0.023121923,10404,1.627093863,3.254187727,0.520668817,2
"KCAE20100731_101257",434.26,"2010","07","31",0.532067713,430.2,0.060354939,627.9931416,0.627580649,10405,2.780761403,622.8905544,3.282978967,224,1.464018015,4.06,0.000501187,5.21234723,0,10400,NA,0,NA,0
"KCAE20100731_101842",5138.87,"2010","07","31",0.532291243,5134.81,0.65284869,6788.973524,6.373062976,10399,7.271414026,6784.229286,20.12369708,933,1.475918638,4.06,0.000501187,5.21234723,0,10400,NA,0,NA,0
"KCAE20100731_102428",18066.28,"2010","07","31",0.532510493,18062.22,2.17985134,22670.45394,10.67017948,10400,11.30486108,22666.24647,22.08148119,2005,1.471664702,4.06,0.000501187,5.213349604,0,10402,NA,0,NA,0
"KCAE20100731_103015",26661.07,"2010","07","31",0.532131918,26657.01,3.224145401,33537.56046,10.28311174,10402,9.346194363,33534.14537,15.79189215,3588,1.476460972,4.06,0.000501187,5.211846042,0,10399,NA,0,NA,0
"KCAE20100731_103600",45439.83,"2010","07","31",0.532049914,45429.02,5.327586914,55444.19701,11.83937631,10407,9.786729105,55441.82038,14.62458274,5665,1.474362595,10.81,0.001224705,12.74305639,0.052269884,10405,3.764602799,7.529205598,0.306133264,2
"KCAE20100731_104146",54784.03,"2010","07","31",0.532358651,54771.2,6.112790584,63609.69882,12.56225962,10406,9.405274729,63607.87299,14.55542555,6763,1.464497601,12.83,0.002502688,26.04046727,0.050360518,10405,1.041781892,20.83563785,0.499621291,20
"KCAE20100731_104734",49035.19,"2010","07","31",0.531442504,48978.67,5.42477961,56439.40706,9.110002888,10404,7.870281233,56437.78672,10.05811186,7171,1.477327382,56.52,0.012609802,131.1671589,0.136525008,10402,1.086309888,126.011947,0.714011525,116
"KCAE20100731_105320",48832.17,"2010","07","31",0.531695608,48497.3,5.290546222,55026.97126,8.170950988,10401,7.305567359,55025.53335,8.802108685,7532,1.477229199,334.87,0.063466611,660.2431531,0.344042969,10403,1.2950255,655.2829031,0.91687312,506
"KCAE20100731_105906",43044.87,"2010","07","31",0.531894113,42194.88,4.600315193,47870.8799,7.753827506,10406,6.642053088,47869.2766,8.558614204,7207,1.455194234,849.99,0.150997864,1570.830775,0.727813731,10403,1.79593344,1566.05396,1.835588311,872
"KCAE20100731_110452",38763.33,"2010","07","31",0.531792986,37173.42,4.023032332,41851.60535,6.444537435,10403,5.976849588,41849.90082,7.073151303,7002,1.47504446,1589.91,0.260431244,2709.005796,0.901001767,10402,1.935928851,2704.492605,1.674299566,1397
"KCAE20100731_111036",51384.64,"2010","07","31",0.496123951,36006.79,3.788839148,39419.08249,7.07476007,10404,6.011461709,39417.15443,8.127747544,6557,0.88974848,15377.85,1.779017881,18514.23909,5.060008953,10407,4.484276196,18511.09214,7.240550194,4128
"KCAE20100731_111453",37517.95,"2010","07","31",0.52734375,26676.89,2.851027166,29667.78869,4.810692128,10406,4.963287424,29665.56893,5.459865277,5977,0.892447747,10841.06,1.30261635,13551.11789,4.354983844,10403,4.122809172,13547.55094,6.958915462,3286
"KCAE20100731_111910",33038.19,"2010","07","31",0.527357471,22551.72,2.485994487,25876.71661,4.208171163,10409,4.517962293,25874.37005,4.796635183,5727,0.895001025,10486.47,1.274224811,13263.40606,3.609045568,10409,3.793974493,13259.94085,5.407256957,3495
"KCAE20100731_112328",27131.52,"2010","07","31",0.52734375,18214.03,2.101367968,21866.83507,3.578732959,10406,3.978957915,21864.37374,4.096868272,5495,0.889320352,8917.49,1.092325462,11366.73875,4.308463215,10406,3.791466619,11363.02546,7.364262425,2997
"KCAE20100731_112744",24492.4,"2010","07","31",0.527551796,17425.88,1.978465317,20581.97469,3.472758433,10403,3.925865713,20579.38807,4.036124317,5242,0.889613327,7066.52,0.915984658,9531.736352,2.578940955,10406,3.276471269,9527.97845,4.0087524,2908
"KCAE20100731_113201",21239.18,"2010","07","31",0.5274023,16181.2,1.784594571,18584.76786,3.20303766,10414,3.723857599,18582.04942,3.767150905,4990,0.893894567,5057.98,0.689588969,7173.794044,1.953567416,10403,2.884081313,7169.826145,3.105590807,2486
"KCAE20100731_113617",21679.68,"2010","07","31",0.527358539,15984.96,1.788586749,18601.30219,3.07265678,10400,3.709334424,18598.6028,3.52984051,5014,0.895494962,5694.72,0.768932912,8005.36055,2.439508848,10411,2.992327174,8001.482865,4.064783847,2674
"KCAE20100731_114039",19274.9,"2010","07","31",0.527560752,14861.39,1.639376314,17056.07117,2.789523687,10404,3.479557874,17053.31314,3.180735155,4901,0.87882967,4413.51,0.598712842,6227.21227,1.574517089,10401,2.547369555,6223.223822,2.364955488,2443
"KCAE20100731_114455",21665.58,"2010","07","31",0.52734375,16649.73,1.828676109,19034.68962,3.093303898,10409,3.672726729,19032.06991,3.528305014,5182,0.888108,5015.85,0.668995036,6958.217365,1.751850311,10401,2.574734625,6954.358223,2.629376136,2701
"KCAE20100731_114911",19512.1,"2010","07","31",0.527388084,15890.57,1.755754656,18273.89446,3.055425401,10408,3.607347802,18271.21662,3.536362783,5065,0.896549535,3621.53,0.513052523,5337.285399,1.363115318,10403,2.351502752,5333.20824,2.049781322,2268
"KCAE20100731_115329",17830.85,"2010","07","31",0.52734375,14822.56,1.678815132,17468.07145,2.792089796,10405,3.448251749,17465.39511,3.148751778,5065,0.892549403,3008.29,0.450563369,4687.661287,1.207050864,10404,2.22283006,4683.502936,1.804596429,2107
"KCAE20100731_115745",19766.8,"2010","07","31",0.527645671,15852.94,1.827639199,19020.24115,2.798446535,10407,3.549404751,19017.71065,3.016757491,5358,0.878991297,3913.86,0.579784327,6029.177214,1.424701496,10399,2.412016547,6025.217334,2.008022585,2498
"KCAE20100731_120201",21899.16,"2010","07","31",0.527351671,17779.07,2.096079111,21805.51099,3.252033112,10403,3.807083541,21803.16744,3.563412571,5727,0.892909913,4120.09,0.616132236,6412.704308,1.53843652,10408,2.583124303,6408.731397,2.20224167,2481
"KCAE20100731_120617",20846.31,"2010","07","31",0.527351671,16348.53,1.945462379,20238.64512,3.025934775,10403,3.709654491,20236.16525,3.304273156,5455,0.89532608,4497.78,0.655770622,6822.637556,1.567056389,10404,2.497725804,6818.791445,2.1816469,2730
"KCAE20100731_121034",20531.54,"2010","07","31",0.52734375,16593.2,1.998981656,20799.40413,3.222722097,10405,3.820153883,20796.91774,3.590909993,5444,0.891787683,3938.34,0.588681194,6125.816505,1.513230819,10406,2.425462024,6121.866147,2.233307179,2524
"KCAE20100731_121449",19681.8,"2010","07","31",0.527411319,15254.81,1.896660006,19736.64403,3.121972055,10406,3.659890778,19734.13107,3.515433558,5392,0.893316168,4426.99,0.64291999,6687.653738,1.521715404,10402,2.432248053,6683.817651,2.101160452,2748
"KCAE20100731_121905",23331.82,"2010","07","31",0.52734375,18129.37,2.272404771,23639.82683,3.536202136,10403,4.060733618,23637.53039,3.884228728,5821,0.892230567,5202.45,0.755340211,7854.782858,1.529652484,10399,2.361274424,7851.23746,1.87802925,3325
"KCAE20100731_122322",19101,"2010","07","31",0.52734375,15185.54,1.948359804,20278.52884,3.24018223,10408,3.750651479,20276.0219,3.668058247,5406,0.895173005,3915.46,0.568918335,5920.164194,1.331832597,10406,2.278986873,5916.249922,1.792855965,2596
"KCAE20100731_122738",19210.29,"2010","07","31",0.52734375,15350.42,1.984808376,20655.90077,2.954026282,10407,3.637465772,20653.53065,3.159688394,5678,0.892414481,3859.87,0.56190953,5845.544842,1.305550297,10403,2.247646624,5841.633577,1.742082799,2599
"KCAE20100731_123154",19993.23,"2010","07","31",0.527381244,16033.06,2.026130947,21075.81411,3.078330166,10402,3.787453157,21073.38936,3.323554312,5564,0.892713307,3960.17,0.559377548,5822.560893,1.485284815,10409,2.420361435,5818.548889,2.247188401,2404
"KCAE20100731_123612",15708.13,"2010","07","31",0.527421769,12654.13,2.012159965,17000.73955,3.182439684,8449,3.680194847,16998.82,3.519724927,4619,0.87894108,3054,0.543092866,4453.90459,1.325607752,8201,2.136744276,4450.838327,1.874792776,2083
"KCAE20100731_124030",19970.46,"2010","07","31",0.52734375,15817.57,2.040989165,21248.7382,3.07522192,10411,3.751122716,21246.35906,3.311963011,5664,0.890359711,4152.89,0.575057333,5984.621663,1.4232133,10407,2.289707086,5980.714909,2.036166855,2612
"KCAE20100731_124445",17610.61,"2010","07","31",0.52742343,13935.97,1.804599078,18785.8764,2.75172506,10410,3.491330006,18783.35543,2.960323043,5380,0.877758606,3674.64,0.501603895,5217.182115,1.217808535,10401,2.09534414,5213.21622,1.691682883,2488
"KCAE20100731_124900",20414.29,"2010","07","31",0.527380713,16707.52,2.135088602,22211.32672,3.330057274,10403,3.768080568,22209.06687,3.663430057,5894,0.890303312,3706.77,0.51233337,5330.828712,1.26835477,10405,2.202988308,5326.82573,1.788737265,2418
"KCAE20100731_125317",13582.94,"2010","07","31",0.527531301,11074.64,1.991845814,15343.1883,3.097808331,7703,3.57027723,15341.48126,3.401292437,4297,0.876334425,2508.3,0.476646861,3700.686231,1.134847096,7764,1.934983141,3697.752782,1.553011953,1911
"KCAE20100731_125734",22022.43,"2010","07","31",0.527358531,17073.44,2.205051834,22945.76938,3.369136423,10406,3.891368559,22943.50903,3.670549643,5896,0.89265949,4948.99,0.677319231,7046.151957,1.731653983,10403,2.463228752,7042.371001,2.552268453,2859
"KCAE20100801_100116",75042.26,"2010","08","01",0.527616112,38900.28,3.877942701,39888.51863,39.77933174,10286,85.40384897,39883.59747,167.1742405,467,0.919910568,36141.98,3.746881369,38589.13122,46.22025994,10299,95.98052481,38584.17097,214.4470667,402
"KCAE20100801_100554",106054.68,"2010","08","01",0.527524309,58222.47,5.823643127,59884.52227,53.89034422,10283,116.7244165,59879.62568,212.9590604,513,0.878626629,47832.21,4.865861932,50089.18272,50.46030287,10294,110.0752781,50084.25154,214.759161,455
"KCAE20100801_101030",120563.47,"2010","08","01",0.527476238,61701.51,6.513454218,66704.28465,60.37842295,10241,112.4779919,66699.44919,226.0961577,593,0.922317104,58861.96,6.430194862,66089.54279,59.32762278,10278,119.7186019,66084.66824,228.170536,552
"KCAE20100801_101507",167568.73,"2010","08","01",0.527815071,83935.86,9.784205724,99436.88277,75.8031343,10163,146.6550575,99432.12901,257.1940071,678,0.922477139,83632.87,10.19140777,104064.4647,76.67098113,10211,157.1898472,104059.6789,260.1125792,662
"KCAE20100801_101943",199712.5,"2010","08","01",0.527630796,107541.78,13.03629369,131223.3323,87.00824836,10066,161.4006086,131218.6948,264.3150825,813,0.892679431,92170.72,11.41258458,115198.6287,79.3900031,10094,147.3068564,115193.9617,247.8066072,782
"KCAE20100801_102419",185449.35,"2010","08","01",0.527515911,95833.31,12.59098956,125343.3011,80.11687859,9955,120.2867889,125338.834,220.0198049,1042,0.92037394,89616.04,12.4076943,123791.5661,79.71996906,9977,129.7558112,123787.0438,226.4607189,954
"KCAE20100801_102855",216765.18,"2010","08","01",0.528296697,111129.62,17.17446463,170181.77,96.83922606,9909,130.6043414,170177.4568,237.7771845,1303,0.87793417,105635.56,16.48844244,163895.1178,95.76768798,9940,138.4212242,163890.7294,245.2791154,1184
"KCAE20100801_103333",248100.62,"2010","08","01",0.52736646,129923,19.21105498,190516.0323,99.47944751,9917,129.5998631,190511.7987,229.0954157,1470,0.877959344,118177.62,18.1451737,180000.1231,100.2029144,9920,136.6710793,179995.8114,243.8590169,1317
"KCAE20100801_103811",222718.29,"2010","08","01",0.527872263,121747.1,20.4791657,180073.304,103.5334274,8793,124.8749097,180069.6198,228.8136155,1442,0.878280462,100971.19,17.58276009,154341.4681,96.5646477,8778,123.7671962,154337.6936,229.1987772,1247
"KCAE20100801_104256",262053.58,"2010","08","01",0.52734375,137490.8,21.36052162,209867.1249,109.6655565,9825,118.7680172,209863.0863,235.2157649,1767,0.921937899,124562.78,19.86425631,195146.454,106.7963818,9824,123.4296791,195142.3227,241.0761591,1581
"KCAE20100801_104732",354019.09,"2010","08","01",0.527962436,183202.68,28.62864513,278843.0035,128.6498812,9740,139.002556,278839.1274,255.0357742,2006,0.874755672,170816.41,27.2939568,267344.3068,119.587128,9795,144.82141,267340.3229,242.6648247,1846
"KCAE20100801_105209",345968.96,"2010","08","01",0.52734375,191312.56,29.81190755,287833.9674,124.7102421,9655,122.6898142,287830.3042,229.4075645,2346,0.922511721,154656.4,25.09740339,242591.5012,112.0108533,9666,126.8763677,242587.615,224.798345,1912
"KCAE20100801_105646",342425.44,"2010","08","01",0.528113771,175482.93,27.64761502,263896.4853,118.0780307,9545,105.4728039,263892.9555,212.1169999,2502,0.873729822,166942.51,27.03658194,258361.577,121.3610354,9556,128.0266596,258357.7991,238.4042077,2018
"KCAE20100801_110122",369346.03,"2010","08","01",0.527387254,180591.85,28.74558783,272220.7168,124.2736203,9470,107.5107581,272217.2395,222.0530809,2532,0.895868651,188754.18,29.82850925,283997.2365,129.4291466,9521,126.8961512,283993.5864,242.8334889,2238
"KCAE20100801_110559",380737.68,"2010","08","01",0.527742682,185424.03,28.60888945,270239.5697,127.9886836,9446,108.4414464,270236.0845,231.1943239,2492,0.877711833,195313.65,30.37158309,289137.471,133.081169,9520,142.7820813,289133.7146,259.2990201,2025
"KCAE20100801_111036",431524.83,"2010","08","01",0.527357663,205252.35,31.43168649,297846.6612,134.6554948,9476,126.1512475,297843.0952,246.664369,2361,0.893751583,226272.48,34.94244452,334049.7697,143.0858388,9560,151.01541,334046.0869,266.4176324,2212
"KCAE20100801_111513",437528.38,"2010","08","01",0.528049093,231304.12,35.33540474,337382.4444,140.4902559,9548,144.178988,337378.8319,254.6805405,2340,0.878112202,206224.26,32.36548429,310999.9386,130.058227,9609,137.9752672,310996.2524,239.9109917,2254
"KCAE20100801_111938",390840.3,"2010","08","01",0.505869267,204401.88,32.15295055,306321.1599,128.9773464,9527,133.9385795,306317.5313,235.9692591,2287,0.922063543,186438.42,29.36423234,280839.5181,121.8817859,9564,125.4851861,280835.8464,226.7985649,2238
"KCAE20100801_112414",388484.77,"2010","08","01",0.528041461,185059.96,28.46785874,268508.8436,119.5607797,9432,127.1331321,268505.1749,226.5240384,2112,0.878240307,203424.81,30.49554437,289280.7339,127.4988449,9486,131.669131,289277.0807,238.5069002,2197
"KCAE20100801_112850",458164.24,"2010","08","01",0.52735663,215125.5,31.99986889,300254.7698,131.7823904,9383,148.1258426,300251.083,251.4190673,2027,0.892934074,243038.74,34.92257024,328167.3925,140.3794921,9397,160.0018093,328163.7108,265.1414833,2051
"KCAE20100801_113327",507977.23,"2010","08","01",0.52811563,232209.06,33.2333348,306278.4135,134.676508,9216,156.7424636,306274.7739,257.3167557,1954,0.877901316,275768.17,38.7818441,360593.5865,148.0678163,9298,177.6305142,360589.9439,275.2845764,2030
"KCAE20100801_113803",569709.62,"2010","08","01",0.527389536,279468.27,38.94130095,359739.7382,144.0342882,9238,170.4910738,359736.1657,261.5801514,2110,0.891307457,290241.35,40.68352662,377502.4435,150.7959756,9279,176.9802447,377498.862,273.5396895,2133
"KCAE20100801_114239",615354.07,"2010","08","01",0.528099104,318414.81,44.18342992,410640.7977,153.1478852,9294,180.1040712,410637.2823,266.7361169,2280,0.921283176,296939.26,40.82723724,382510.3857,148.0314208,9369,167.9871899,382506.8313,262.3441068,2277
"KCAE20100801_114716",630128.96,"2010","08","01",0.527414937,335545.78,45.76598254,427316.979,154.3542579,9337,178.0472926,427313.5022,262.976661,2400,0.87798975,294583.18,40.2910631,379138.9038,141.1281057,9410,160.8550568,379135.3689,245.2351175,2357
"KCAE20100801_115152",574716.85,"2010","08","01",0.527899616,304332.73,40.90146971,380751.7816,144.4651868,9309,159.8439588,380748.3098,250.1345464,2382,0.920656887,270384.12,36.04791466,336363.0917,137.2488824,9331,146.4980688,336359.5659,245.7488286,2296
"KCAE20100801_115629",544568.36,"2010","08","01",0.527569285,267987.65,35.74959642,330004.5245,135.4234986,9231,144.7372986,330001.0408,241.8553736,2280,0.921328624,276580.71,36.07849352,337045.2865,139.641188,9342,151.5475355,337041.719,253.8312647,2224
"KCAE20100801_120106",592155.91,"2010","08","01",0.527840767,306692.07,39.29474335,365676.8816,148.2527379,9306,159.2654043,365673.3683,264.5697685,2296,0.879273087,285463.84,35.9924068,336852.9352,141.2593529,9359,159.4175597,336849.3036,262.1623931,2113
"KCAE20100801_120542",618707.68,"2010","08","01",0.527399779,314560.68,38.98266625,363084.5534,146.9075747,9314,171.6694777,363080.9454,268.8633014,2115,0.903642414,304147,36.73897465,345787.2294,141.955264,9412,168.4284175,345783.5412,265.0057462,2053
"KCAE20100801_121019",687586.12,"2010","08","01",0.527488913,331044.95,38.94969747,362582.7338,143.9835373,9309,171.757047,362579.1262,261.9771042,2111,0.92245658,356541.17,41.85416563,395814.8444,154.8597873,9457,189.6555585,395811.1506,284.0167705,2087
"KCAE20100801_121459",822830.45,"2010","08","01",0.52734375,398115.1,45.47218908,426392.717,160.091419,9377,195.8608675,426389.1085,284.5404208,2177,0.921963738,424715.35,48.24695545,462398.821,165.3398765,9584,201.8311505,462395.1659,288.7684217,2291
"KCAE20100801_121936",855092.76,"2010","08","01",0.527871089,459795.54,51.84667112,496328.1827,169.9397668,9573,211.2918527,496324.5621,289.876343,2349,0.920799973,395297.22,44.09130652,431609.7995,150.3185212,9789,180.060949,431606.0947,260.4102449,2397
"KCAE20100801_122413",680546.04,"2010","08","01",0.52734375,397308.4,43.30239586,421072.4974,146.3614725,9724,178.494619,421068.8061,253.3557081,2359,0.921544622,283237.64,30.61122617,301581.8002,123.4029155,9852,130.3275809,301578.0223,227.7178991,2314
"KCAE20100801_122851",503352.72,"2010","08","01",0.527498519,262595.76,27.46889033,269085.2497,115.2033384,9796,126.4480294,269081.4066,220.4453655,2128,0.878591927,240756.96,24.27913087,240581.9078,111.9139271,9909,118.8626264,240577.9559,223.8171388,2024
"KCAE20100801_123329",431352.86,"2010","08","01",0.527382971,239963.13,24.42191852,239432.4892,111.8336687,9804,130.1949414,239428.4972,230.0575725,1839,0.922783663,191389.73,19.13125415,188825.4785,99.10837708,9870,118.8302883,188821.3282,221.78679,1589
"KCAE20100801_123806",395494.9,"2010","08","01",0.527852481,199869.08,20.59357359,200128.3481,103.9718595,9718,146.3966077,200124.1627,241.7997176,1367,0.877817353,195625.82,19.70255405,193419.9731,101.8518895,9817,155.8546937,193415.6749,246.7456247,1241
"KCAE20100801_124243",378734.9,"2010","08","01",0.527351155,191584.49,19.46249623,187696.3136,107.2461262,9644,164.6421505,187692.0515,271.0209188,1140,0.890563353,187150.41,18.58664313,181740.1965,105.9069071,9778,164.3181286,181735.8502,274.3597173,1106
"KCAE20100801_124719",366357.62,"2010","08","01",0.528073333,187957.27,18.50466773,179032.6603,103.443991,9675,165.3078061,179028.3541,267.1758463,1083,0.872411199,178400.35,17.23553349,167736.2119,97.10836299,9732,160.2023487,167731.8591,254.5637887,1047
"KCAE20100801_125156",400036.18,"2010","08","01",0.527335803,191679.09,18.65962232,180569.1652,105.5046918,9677,171.9665157,180564.8415,276.1993932,1050,0.888312001,208357.09,20.15413483,198014.3747,109.0689915,9825,186.450078,198009.9828,281.2698028,1062
"KCAE20100801_125633",384588.45,"2010","08","01",0.527667944,195127.06,18.64443894,180701.9022,106.024877,9692,178.0271462,180697.5534,281.1276381,1015,0.87865799,189461.39,17.97905318,175835.1401,101.2384731,9780,170.8753685,175830.7542,267.1062126,1029
"KCAE20100802_100201",20.8,"2010","08","02",0.52622706,13.95,0.002805738,29.19089922,0.062387526,10404,1.33253159,23.98556861,0.711599593,18,1.458401528,6.85,0.000886627,9.22358031,0.020296807,10403,1.002933567,4.011734267,0.298482175,4
"KCAE20100802_100745",12.19,"2010","08","02",0.530340837,8.13,0.001167891,12.15190231,0.037643867,10405,1.734763474,6.939053896,0.951676124,4,1.478208284,4.06,0.000501187,5.212848417,0,10401,NA,0,NA,0
"KCAE20100802_101330",24.43,"2010","08","02",0.531561828,15.19,0.001794499,18.66996943,0.05562157,10404,1.922732251,13.45912576,1.02769737,7,1.477842215,9.24,0.001170022,12.17407512,0.038771171,10405,1.740306677,6.961226707,1.085709237,4
"KCAE20100802_101916",27.81,"2010","08","02",0.527486306,19.59,0.002446777,25.45626435,0.065626867,10404,2.024692424,20.24692424,0.655778815,10,0.921170089,8.22,0.000991537,10.31694095,0.040541605,10405,2.55154508,5.10309016,2.021655942,2
"KCAE20100802_102332",178.21,"2010","08","02",0.52734375,168.02,0.021876452,227.8651228,0.365151298,10416,3.71124713,222.6748278,3.100765045,60,0.89039047,10.19,0.001211767,12.62055533,0.057784106,10415,3.700846331,7.401692662,2.718920214,2
"KCAE20100802_102749",342.86,"2010","08","02",0.527705948,328.38,0.040966981,426.2204737,0.673419471,10404,4.128012184,421.0572428,5.447339965,102,0.87890625,14.48,0.001624672,16.89983983,0.060703048,10402,2.922123744,11.68849498,1.182630623,4
"KCAE20100802_103205",1042.73,"2010","08","02",0.52734375,999.26,0.12435405,1294.276951,1.014836063,10408,4.739694549,1289.196917,4.19481094,272,0.889920039,43.47,0.004817519,50.1118362,0.102872414,10402,2.138524359,44.90901153,0.84471306,21
"KCAE20100802_103622",1777.66,"2010","08","02",0.527796849,1691.61,0.21200068,2205.231078,1.404037626,10402,4.900317954,2200.242761,4.769072476,449,0.889312433,86.05,0.010991014,114.3724959,0.186492141,10406,2.373482525,109.1801962,1.520204597,46
"KCAE20100802_104037",2314.84,"2010","08","02",0.52735167,2080.52,0.256948535,2673.292559,1.416864773,10404,4.255809332,2668.392451,4.039503288,627,0.89158465,234.32,0.028621038,297.8877617,0.313943424,10408,2.480767331,292.730545,1.62261197,118
"KCAE20100802_104454",2915.39,"2010","08","02",0.527369088,2509.34,0.313806126,3265.466544,1.571379792,10406,3.881752604,3260.672187,4.093656642,840,0.878738383,406.05,0.049828435,518.5146968,0.42208226,10406,2.632805508,513.397074,1.64950172,195
"KCAE20100802_104911",3579.37,"2010","08","02",0.52765582,2996.84,0.379884411,3951.93753,1.599748457,10403,3.575432056,3947.276989,3.563795501,1104,0.893053101,582.53,0.070571363,734.2244619,0.552989631,10404,2.988247539,729.1323996,2.08284814,244
"KCAE20100802_105327",4354.17,"2010","08","02",0.527350613,3753.95,0.490403981,5102.653422,1.809563831,10405,3.440068373,5098.181328,3.584834339,1482,0.894587197,600.22,0.070607159,734.3850581,0.564398013,10401,2.94071171,729.2965042,2.222509743,248
"KCAE20100802_105743",5023.24,"2010","08","02",0.528049139,4294.79,0.580622049,6040.791796,1.902311005,10404,3.429806553,6036.459533,3.409661649,1760,0.897297762,728.45,0.083027891,863.7391506,0.618281757,10403,2.852744708,858.6761572,2.308336221,301
"KCAE20100802_110159",5046.6,"2010","08","02",0.527350614,4291.48,0.58673345,6104.374809,1.94718502,10404,3.286686778,6100.090661,3.519359842,1856,0.893429707,755.12,0.085572459,890.1247225,0.589149365,10402,2.587961342,885.0827789,2.023152827,342
"KCAE20100802_110615",5171.19,"2010","08","02",0.528096057,4330.02,0.615555842,6404.858536,1.857108331,10405,3.157700833,6400.659589,3.111376708,2027,0.891106301,841.17,0.098024813,1019.948177,0.627472401,10405,2.550082402,1014.932796,2.012614583,398
"KCAE20100802_111031",5872.94,"2010","08","02",0.52734375,4405.14,0.658404905,6847.411015,1.909038679,10400,3.078413318,6843.312807,3.099042816,2223,0.891318394,1467.8,0.189080515,1967.571835,1.15967871,10406,2.500318359,1962.749912,3.473247008,785
"KCAE20100802_111447",5004.15,"2010","08","02",0.527926534,4091.17,0.64219502,6682.681376,3.276057707,10406,3.319321278,6678.474411,6.829449122,2012,0.892577128,912.98,0.122884437,1278.612564,1.223474917,10405,2.982697231,1273.611717,5.29238393,427
"KCAE20100802_111904",5047.61,"2010","08","02",0.52734375,3915.58,0.622099162,6472.319684,3.44220274,10404,3.2749849,6468.095177,7.331565447,1975,0.895026964,1132.03,0.171505178,1782.967834,1.439526078,10396,2.409386677,1778.127368,4.88156553,738
"KCAE20100802_112321",4446.13,"2010","08","02",0.527432962,3535.88,0.597961759,6222.390062,5.06080476,10406,3.507085907,6218.063313,11.8398758,1773,0.894545475,910.25,0.149883883,1558.942267,2.473734319,10401,3.392923499,1553.958963,11.32400805,458
"KCAE20100802_112737",3928.49,"2010","08","02",0.527350612,2915.26,0.507537697,5281.437277,3.440986622,10406,3.105987898,5277.073439,8.030024889,1699,0.894203094,1013.23,0.172450464,1795.036879,1.606017653,10409,2.6599663,1790.15732,5.772609895,673
"KCAE20100802_113153",2998.41,"2010","08","02",0.52734375,2301,0.414754823,4316.768195,2.828333347,10408,2.933529649,4312.288584,7.01989059,1470,0.879043038,697.41,0.124660263,1296.591396,1.145936293,10401,2.56276021,1291.631146,4.570729308,504
"KCAE20100802_113608",3446.99,"2010","08","02",0.52734375,2426.56,0.45084134,4691.004146,3.99233914,10405,3.364312596,4686.487447,10.45567648,1393,0.890060461,1020.43,0.186097965,1936.349322,2.428836115,10405,3.537377504,1931.408117,10.03699325,546
"KCAE20100802_114024",3611.71,"2010","08","02",0.527751238,2430.95,0.444996113,4631.074547,4.762925304,10407,3.625782293,4626.498206,13.17606275,1276,0.891417694,1180.76,0.204958783,2131.981265,4.019008235,10402,5.25177999,2126.970896,19.73010828,405
"KCAE20100802_114438",5052.75,"2010","08","02",0.527462098,3386.66,0.590704712,6141.556892,7.784399245,10397,4.832269729,6136.982556,21.8154984,1270,0.890048862,1666.09,0.284156396,2956.363143,3.960030431,10404,5.071203577,2951.440482,16.0147793,582
"KCAE20100802_114854",5096.61,"2010","08","02",0.52752587,3664.41,0.626756237,6522.0254,9.3741558,10406,5.123779525,6517.447556,26.38799968,1272,0.877780571,1432.2,0.24500612,2547.818645,3.20835425,10399,3.789781066,2542.943096,12.09534441,671
"KCAE20100802_115310",3495.13,"2010","08","02",0.527549645,2473.99,0.437684724,4554.109549,6.827172766,10405,3.753714633,4549.502135,19.69732081,1212,0.894181059,1021.14,0.185257168,1926.859806,3.655647298,10401,2.809926564,1921.98977,14.00373233,684
"KCAE20100802_115727",2140.83,"2010","08","02",0.52734375,1550.16,0.297071662,3093.11014,2.459488425,10412,2.437669126,3088.526783,6.672612261,1267,0.87499946,590.67,0.122396126,1273.164506,0.778753796,10402,1.702449048,1268.324541,2.405284914,745
"KCAE20100802_120142",1071.08,"2010","08","02",0.527762649,736.75,0.153821231,1601.586653,0.574060503,10412,1.634450308,1596.857951,1.045711621,977,0.89613541,334.33,0.073538259,765.1655826,0.370241491,10405,1.292934401,760.2454275,0.922449936,588
"KCAE20100802_120558",1362.04,"2010","08","02",0.52786638,1013.72,0.211990607,2203.64236,0.727078059,10395,1.809910668,2199.041461,1.277672526,1215,0.892224467,348.32,0.082186268,855.1481144,0.407015394,10405,1.410009083,850.2354771,0.994153832,603
"KCAE20100802_121014",1670.2,"2010","08","02",0.5281116,1168.45,0.247877327,2580.1551,0.841613294,10409,1.981222912,2575.589786,1.496432301,1300,0.896187841,501.75,0.116367418,1209.75568,0.478234034,10396,1.483931405,1204.952301,0.948829289,812
"KCAE20100802_121431",1831.44,"2010","08","02",0.528127583,1308.56,0.26692156,2777.85268,0.942221477,10407,2.10098363,2773.298391,1.774442497,1320,0.893257346,522.88,0.116912752,1216.009532,0.506694994,10401,1.519694015,1211.19613,1.104815405,797
"KCAE20100802_121846",2153.87,"2010","08","02",0.528033034,1440.49,0.278920706,2903.006707,1.034770018,10408,2.058590925,2898.496022,2.062659794,1408,0.892637576,713.38,0.151395737,1575.121249,0.741173636,10404,1.627347712,1570.390543,1.877376711,965
"KCAE20100802_122302",1846.45,"2010","08","02",0.527621972,1230.52,0.247093145,2571.004179,0.84269969,10405,1.929666094,2566.455905,1.52016732,1330,0.893610467,615.93,0.139357969,1450.159024,0.547750858,10406,1.552535204,1445.410275,1.077562499,931
"KCAE20100802_122717",1983.86,"2010","08","02",0.527819237,1211.76,0.251654647,2619.473216,0.883959015,10409,1.894889853,2614.947997,1.668024979,1380,0.920998345,772.1,0.173268342,1803.723441,0.674169358,10410,1.60487771,1799.067912,1.387500757,1121
"KCAE20100802_123133",1827.51,"2010","08","02",0.527446697,1164.13,0.243710636,2535.809165,0.757577747,10405,1.781355735,2531.306499,1.210269963,1421,0.898211778,663.38,0.152301233,1584.694326,0.575090084,10405,1.547493815,1579.991185,1.10134604,1021
"KCAE20100802_123548",2124.93,"2010","08","02",0.527754972,1290.15,0.253251098,2635.330923,0.852265027,10406,1.869808628,2630.82074,1.533411135,1407,0.895593749,834.78,0.181462138,1888.113543,0.651096425,10405,1.597531459,1883.48959,1.216823499,1179
"KCAE20100802_124004",3071.04,"2010","08","02",0.527631364,2094.74,0.325093533,3383.898581,3.868701168,10409,2.398430018,3379.387896,10.27912359,1409,0.897965793,976.3,0.197607148,2056.497589,0.785373939,10407,1.676384957,2051.895187,1.663704723,1224
"KCAE20100802_124420",4461.76,"2010","08","02",0.52792667,3091.37,0.417096375,4343.224553,5.918871149,10413,3.044715707,4338.719883,15.75277173,1425,0.896199818,1370.39,0.249353081,2594.51881,1.497651777,10405,1.962095094,2589.965524,3.785467098,1320
"KCAE20100802_124835",3007.84,"2010","08","02",0.527446697,2204.01,0.315992456,3287.901504,2.913394337,10405,2.457601974,3283.356237,7.802694759,1336,0.89204795,803.83,0.175914727,1831.448222,0.618105437,10411,1.50110132,1826.840307,1.13159238,1217
"KCAE20100802_125250",2161.01,"2010","08","02",0.52755744,1287.74,0.2349659,2446.229987,0.94863462,10411,1.841385144,2441.676701,2.027499565,1326,0.892474988,873.27,0.18991857,1976.292636,0.622308863,10406,1.479178818,1971.745364,1.057042483,1333
"KCAE20100802_125705",1953.27,"2010","08","02",0.527351671,1022.86,0.208632301,2170.401825,0.693715201,10403,1.709410401,2165.822978,1.177863188,1267,0.89333629,930.41,0.199022114,2072.417275,0.638331829,10413,1.496303222,2067.891053,1.063111445,1382
"KCAE20100803_100334",439.9,"2010","08","03",0.527973516,404.54,0.083830406,872.3392004,0.645626955,10406,2.376182957,867.3067794,2.540553459,365,0.889560475,35.36,0.007708589,80.20016069,0.125323381,10404,1.530823814,75.01036689,1.012185858,49
"KCAE20100803_100748",511.32,"2010","08","03",0.527413444,452.86,0.084882644,883.1190316,1.05680044,10404,2.701746355,878.0675655,5.363628125,325,0.884943239,58.46,0.009267463,96.41868395,0.14089852,10404,1.689470298,91.23139608,1.002663127,54
"KCAE20100803_101201",250.94,"2010","08","03",0.527415028,230.72,0.042344305,440.5501449,0.388212069,10404,2.044331201,435.4425458,1.812281377,213,0.890621479,20.22,0.00369777,38.45680469,0.074926867,10400,1.445912381,33.25598476,0.688698119,23
"KCAE20100803_101614",359.03,"2010","08","03",0.52734375,341.31,0.051823435,539.1191984,0.652206718,10403,3.216798462,533.9885447,4.071288326,166,0.885759908,17.72,0.002631582,27.39214114,0.055232067,10409,1.304929612,22.18380341,0.423646504,17
"KCAE20100803_102027",1691.87,"2010","08","03",0.527351673,1667.41,0.207263435,2155.539729,2.121435961,10400,6.057761417,2150.505303,9.831937336,355,0.886217273,24.46,0.003790288,39.445525,0.084344975,10407,1.556395254,34.24069558,0.997232057,22
"KCAE20100803_102440",6698.58,"2010","08","03",0.527494183,6616.93,0.832968165,8668.69969,4.186218642,10407,6.123104604,8664.193015,9.826218819,1415,0.889381291,81.65,0.010472888,108.9180326,0.159216112,10400,1.99484129,103.7317471,1.064783668,52
"KCAE20100803_102853",15874.46,"2010","08","03",0.52734375,14929.48,1.910431563,19889.503,6.380094319,10411,6.624180448,19885.7897,10.48659203,3002,0.886860647,944.98,0.1168125,1215.434061,0.955601334,10405,2.981336675,1210.42269,3.859878833,406
"KCAE20100803_103307",23509.07,"2010","08","03",0.527842936,21714.45,2.818546495,29310.065,7.159839453,10399,6.928362453,29306.97318,9.877450196,4230,0.890891095,1794.62,0.258456478,2688.722739,1.053619177,10403,2.348277993,2684.081746,2.280532219,1143
"KCAE20100803_103725",32306.75,"2010","08","03",0.527730764,27768.73,3.589790765,37348.18312,7.081814524,10404,7.168057573,37345.57996,8.631768159,5210,0.888903323,4538.02,0.647102161,6733.74509,1.886378256,10406,2.900729522,6729.69249,3.070382647,2320
"KCAE20100803_104138",47435.73,"2010","08","03",0.527426084,34648.16,4.342863586,45200.5242,7.638832456,10408,7.331451365,45198.39767,8.752459884,6165,0.886517769,12787.57,1.67387816,17431.76716,4.05905607,10414,4.255029457,17428.60066,5.559828157,4096
"KCAE20100803_104552",46793.61,"2010","08","03",0.527391282,34505.52,4.283192136,44549.48141,7.238538733,10401,6.726194764,44547.58792,8.115197123,6623,0.889898383,12288.09,1.670689955,17391.88243,3.345355753,10410,3.942161824,17388.87581,4.178500615,4411
"KCAE20100803_105005",52793.72,"2010","08","03",0.527549724,35585.38,4.348941831,45233.34398,6.251027274,10401,6.373353256,45231.68806,6.660802688,7097,0.888991141,17208.34,2.256277818,23456.26419,3.775438751,10396,4.303446848,23453.78532,4.287378393,5450
"KCAE20100803_105419",48742.45,"2010","08","03",0.527359594,33704.66,4.081876896,42455.60159,5.953755944,10401,5.927670797,42453.97825,6.366986421,7162,0.893758685,15037.79,2.015108771,20981.31252,3.325277673,10412,3.857818981,20978.81962,3.750212403,5438
"KCAE20100803_105832",50104.44,"2010","08","03",0.527367525,32352.7,3.883858094,40380.4726,5.550043579,10397,5.760167629,40378.77508,5.905897942,7010,0.893816267,17751.74,2.313656948,24066.65958,3.497917221,10402,4.032244858,24064.43731,3.79438304,5968
"KCAE20100803_110245",46343.14,"2010","08","03",0.52734375,28985.28,3.482300473,36201.99572,5.220482953,10396,5.48403177,36200.09372,5.652075165,6601,0.88713887,17357.86,2.297805606,23913.26295,3.596595549,10407,4.093643987,23910.97453,3.961972918,5841
"KCAE20100803_110659",43266.37,"2010","08","03",0.527351669,24535.22,2.97827649,30988.96688,4.449990385,10405,4.98021061,30986.87042,4.811122939,6222,0.893324221,18731.15,2.446777706,25446.48814,3.806097048,10400,4.303829298,25444.23881,4.182401222,5912
"KCAE20100803_111113",35718.43,"2010","08","03",0.52734375,19308.96,2.679438641,22834.1761,5.794109814,8522,4.853797315,22832.26257,7.090198716,4704,0.892194166,16409.47,2.432632916,22236.69748,4.238602427,9141,4.364017601,22234.66968,4.879147863,5095
"KCAE20100803_111528",41848.75,"2010","08","03",0.527502039,20926.42,2.416697124,25160.23376,4.262568786,10411,4.568326845,25157.77593,4.952006104,5507,0.888616436,20922.33,2.598975921,27039.74548,4.364785885,10404,4.501005787,27037.54176,4.943415568,6007
"KCAE20100803_111942",36811.62,"2010","08","03",0.52734375,17829.79,2.066567463,21510.90073,3.622563308,10409,4.141784428,21508.28653,4.208428948,5193,0.88716555,18981.83,2.415631936,25108.07835,3.72432666,10394,4.169720421,25105.88666,4.078233824,6021
"KCAE20100803_112356",34006.15,"2010","08","03",0.527557666,16358.2,1.864999696,19395.99684,3.285299315,10400,4.000250463,19393.21425,3.822830332,4848,0.88914495,17647.95,2.221233054,23109.70869,3.424368123,10404,3.963536237,23107.41626,3.744582272,5830
"KCAE20100803_112810",32941.72,"2010","08","03",0.52734375,14756.69,1.659111073,17259.7325,3.323682838,10403,4.017851279,17256.67124,4.157209605,4295,0.888014727,18185.03,2.199900027,22896.55949,3.763294357,10408,3.932370498,22894.26104,4.301978519,5822
"KCAE20100803_113224",36460.96,"2010","08","03",0.527367521,17104.46,1.874436041,19492.26039,4.002283886,10399,4.651348095,19489.14852,5.180997494,4190,0.890870314,19356.5,2.400660865,24978.8763,4.041736919,10405,4.211201145,24976.63399,4.58644073,5931
"KCAE20100803_113638",32564.77,"2010","08","03",0.52734375,14141.45,1.553133104,16152.58428,3.224799042,10400,4.170793526,16149.31253,4.125212922,3872,0.887014,18423.32,2.208972164,22982.14639,3.615849459,10404,3.859576102,22979.91611,4.059171542,5954
"KCAE20100803_114052",31371.85,"2010","08","03",0.527533843,14081.96,1.541576294,16037.01819,3.240798015,10403,4.123907653,16033.75296,4.178004841,3888,0.887280156,17289.89,2.170061652,22568.64118,3.276211112,10400,3.725068509,22566.46503,3.554616345,6058
"KCAE20100803_114505",30505.22,"2010","08","03",0.527350612,12810.29,1.393393592,14499.65372,3.114352405,10406,3.934930711,14496.28474,4.171256786,3684,0.88644142,17694.93,2.14947815,22388.96441,3.458886324,10416,3.760579139,22386.72762,3.856931734,5953
"KCAE20100803_114920",32707.58,"2010","08","03",0.52784995,14178.01,1.535244664,15960.40352,3.686194975,10396,4.332619889,15957.03905,5.122479906,3683,0.888213994,18529.57,2.310082217,24024.85505,3.586802869,10400,3.856600514,24022.7646,3.939122647,6229
"KCAE20100803_115334",30411.07,"2010","08","03",0.527365923,12819.4,1.378537839,14343.68622,2.974234148,10405,3.948318193,14340.29168,3.898596852,3632,0.888888111,17591.67,2.159562333,22474.5652,3.172761934,10407,3.579562885,22472.49579,3.406612979,6278
"KCAE20100803_115750",31226.85,"2010","08","03",0.527969053,13605.94,1.43672504,14956.30767,3.196267483,10410,4.013139489,14952.95774,4.266914972,3726,0.889813426,17620.91,2.200517763,22907.38992,3.303032547,10410,3.656659003,22905.31199,3.578762779,6264
"KCAE20100803_120203",30295.46,"2010","08","03",0.527357476,12155.14,1.323510101,13771.1226,3.376634125,10405,3.840363879,13767.70451,4.840539634,3585,0.882992847,18140.32,2.194210675,22819.79102,3.237721293,10400,3.693375689,22817.67501,3.480053163,6178
"KCAE20100803_120617",28637.13,"2010","08","03",0.527747092,11599.14,1.246464354,12969.46161,2.707994041,10405,3.695071365,12966.00542,3.563665835,3509,0.891301366,17037.99,2.101114392,21866.29748,3.062276608,10407,3.526482094,21864.18899,3.273384754,6200
"KCAE20100803_121031",27605.1,"2010","08","03",0.527533898,11090.19,1.20088722,12489.22708,2.783430686,10400,3.687451789,12485.71176,3.824966656,3386,0.887962605,16514.91,1.989343008,20695.13531,2.954061156,10403,3.418627977,20692.95514,3.180020225,6053
"KCAE20100803_121445",27639.61,"2010","08","03",0.527834918,11620.42,1.233576945,12830.43381,2.679587764,10401,3.855391767,12826.88841,3.513081287,3327,0.878581601,16019.19,1.909459349,19869.83398,3.002782686,10406,3.393262695,19867.55308,3.31532702,5855
"KCAE20100803_121859",25325.34,"2010","08","03",0.527508308,10169.43,1.106086231,11519.8881,2.463563538,10415,3.551123522,11516.29358,3.288056546,3243,0.884838044,15155.91,1.818898313,18929.27474,2.687078879,10407,3.193896206,18927.02892,2.879136867,5926
"KCAE20100803_122313",24496.45,"2010","08","03",0.527435056,10166.31,1.11115704,11564.92247,2.34221567,10408,3.497085008,11561.36304,2.988222359,3306,0.879042047,14330.14,1.740512362,18094.36651,2.654942386,10396,3.175708519,18092.01143,2.881981853,5697
"KCAE20100803_122727",23015.28,"2010","08","03",0.527412434,10024.52,1.089416434,11326.66266,2.366042612,10397,3.465898132,11323.0892,3.095402029,3267,0.921803309,12990.76,1.604584837,16690.89148,2.404498847,10402,2.92371039,16688.53891,2.584614009,5708
"KCAE20100803_123140",22232.84,"2010","08","03",0.527502252,9775.4,1.079556165,11224.14544,2.375784377,10397,3.391956629,11220.59253,3.146268334,3308,0.892020242,12457.44,1.572965681,16361.98902,2.224890813,10402,2.851106915,16359.65148,2.308751667,5738
"KCAE20100803_123553",22492.22,"2010","08","03",0.527861555,9684.57,1.06881034,11123.10921,2.308868752,10407,3.337203875,11119.56331,3.013694698,3332,0.890505746,12807.65,1.585487446,16490.65492,2.45077629,10401,2.968177528,16488.22617,2.672608383,5555
"KCAE20100803_124007",17465.51,"2010","08","03",0.52734375,8082.21,0.922476366,9603.90145,2.022730074,10411,3.041909169,9600.265337,2.655502543,3156,0.889524713,9383.3,1.214929947,12644.99089,1.832036606,10408,2.547302422,12642.26192,1.909306601,4963
"KCAE20100803_124422",15218.25,"2010","08","03",0.527618039,6706.14,0.782770768,8151.774773,1.752522882,10414,2.860949013,8147.98279,2.299328123,2848,0.892753183,8512.11,1.079485927,11233.13056,1.797737062,10406,2.460605307,11230.20262,1.992776615,4564
"KCAE20100803_124845",12136.8,"2010","08","03",0.527373082,5210.1,0.77458619,6382.590206,1.845009262,8240,2.754585999,6379.621173,2.580596575,2316,0.892200178,6926.7,1.040569202,9231.929963,1.749163383,8872,2.426870745,9229.389445,1.942722259,3803
"KCAE20100803_125301",11691.45,"2010","08","03",0.527486197,5030.34,0.616086784,6414.695596,1.472168767,10412,2.605979738,6410.710155,1.997292561,2460,0.88995747,6661.11,0.900674345,9377.821276,1.589840615,10412,2.277615598,9374.665801,1.805166678,4116
"KCAE20100803_125714",10938.86,"2010","08","03",0.527369093,4494.21,0.562955667,5856.990755,1.443617774,10404,2.529358751,5852.93615,2.09720921,2314,0.886447337,6444.65,0.843371103,8772.746209,1.582480918,10402,2.283712869,8769.457419,1.869569403,3840
"KCAE20100804_100801",164.56,"2010","08","04",0.52482473,135.6,0.019232735,200.0973735,0.280903497,10404,2.1187949,194.9291308,2.127006242,92,1.537075804,28.96,0.004334691,45.09378864,0.089250322,10403,1.246749245,39.89597584,1.036603699,32
"KCAE20100804_101739",136.97,"2010","08","04",0.514496102,102.01,0.014114682,146.8773777,0.196124587,10406,1.771276479,141.7021183,1.383920795,80,1.533454249,34.96,0.005695443,59.23260433,0.123648972,10400,1.688634222,54.03629509,1.481915013,32
"KCAE20100804_102718",842.32,"2010","08","04",0.524179979,816.18,0.108819699,1131.942509,3.607556352,10402,3.658712743,1126.883525,20.68561476,308,1.532570602,26.14,0.00418816,43.58199581,0.075422215,10406,1.037437443,38.38518539,0.736859847,37
"KCAE20100804_103657",6448.96,"2010","08","04",0.519419151,6342.96,0.870817557,9061.7275,4.398143525,10406,4.466236959,9057.528553,9.123093164,2028,1.535912858,106,0.017721028,184.3341284,0.459433187,10402,2.523329057,179.1563631,4.995175799,71
"KCAE20100804_104637",14723.07,"2010","08","04",0.513911557,14598.28,1.850193172,19247.55957,5.94246822,10403,4.763458049,19244.37052,8.778688446,4040,1.541183793,124.79,0.022680513,236.0361021,0.550136429,10407,1.940167125,230.8798879,4.789450015,119
"KCAE20100804_105617",17137.11,"2010","08","04",0.524167,16913.84,2.067480786,21503.86766,4.348581698,10401,4.093923657,21501.28705,5.399660322,5252,1.532125989,223.27,0.04152143,431.9474399,0.525258359,10403,1.317580166,426.8959737,2.683129635,324
"KCAE20100804_110556",15804.5,"2010","08","04",0.513947991,15236.45,1.847025835,19214.60977,3.428549222,10403,3.571020874,19212.0923,4.071267065,5380,1.528409542,568.05,0.103104829,1072.702639,0.582763325,10404,1.294426384,1067.901766,1.656581899,825
"KCAE20100804_111536",11015.38,"2010","08","04",0.522837581,10131.66,1.248998896,12992.08651,2.498195052,10402,2.747882859,12989.24227,3.101014866,4727,1.528497322,883.72,0.162841784,1694.043081,0.699511183,10403,1.456388455,1689.410607,1.583261376,1160
"KCAE20100804_112516",8265.55,"2010","08","04",0.524534608,7519.79,0.923993404,9614.151367,2.11617768,10405,2.593306507,9610.793914,2.871562471,3706,1.534163606,745.76,0.128663685,1339.002971,0.623976738,10407,1.499138396,1334.233172,1.581538263,890
"KCAE20100804_113456",8900.19,"2010","08","04",0.524988405,8447.72,1.03295896,10746.90502,3.078259723,10404,3.122178219,10743.41525,4.70445677,3441,1.532657728,452.47,0.077031803,801.284815,0.408027946,10402,1.221469692,796.3982395,1.122712665,652
"KCAE20100804_114435",5890.06,"2010","08","04",0.52418526,5265.01,0.646932488,6729.391744,2.289073173,10402,2.599719739,6725.474966,3.999654486,2587,1.531033175,625.05,0.106334897,1106.733608,4.444716493,10408,1.877021207,1101.811448,18.64181398,587
"KCAE20100804_115414",4234.39,"2010","08","04",0.525030422,4073.06,0.495081746,5150.335404,1.597208968,10403,2.585989405,5146.118916,2.816521284,1990,1.538724272,161.33,0.030574406,318.0961251,0.206491579,10404,0.853040079,313.0657089,0.713332499,367
"KCAE20100804_120354",5109.44,"2010","08","04",0.522630196,4891.38,0.553659787,5761.937401,1.779480856,10407,2.701919087,5757.789575,3.108689225,2131,1.532062301,218.06,0.042951692,446.9982602,0.233386536,10407,0.760883984,442.0735944,0.656055907,581
"KCAE20100804_121333",3701.22,"2010","08","04",0.524678447,3411.51,0.387371648,4031.76411,1.559780019,10408,2.765987282,4027.277482,3.289233037,1456,1.531238215,289.71,0.056837627,591.6796982,0.272122733,10410,0.886395959,586.794125,0.65581291,662
"KCAE20100804_122313",2693.5,"2010","08","04",0.523012794,2408.35,0.28353416,2949.605862,1.18480367,10403,2.326245272,2945.026514,2.605461959,1266,1.533802684,285.15,0.052526059,546.586169,0.324736083,10406,0.880778935,541.6790448,1.027989385,615
"KCAE20100804_123252",2347.8,"2010","08","04",0.52386816,2018.97,0.251175528,2613.732541,1.114397189,10406,2.128166103,2609.131643,2.559593495,1226,1.526302581,328.83,0.059661846,620.900827,0.39559552,10407,1.126067863,615.9591209,1.334197496,547
"KCAE20100804_124232",1959.3,"2010","08","04",0.523432503,1754.58,0.219253264,2281.768719,0.989627051,10407,2.148192568,2277.084122,2.340251224,1060,1.532090228,204.72,0.036874912,383.7203298,0.231810585,10406,0.893201601,378.7174788,0.745357104,424
"KCAE20100804_125211",1420.91,"2010","08","04",0.525534343,1208.09,0.15439834,1606.360329,0.94905091,10404,2.022150149,1601.542918,2.839894175,792,1.533448474,212.82,0.03827082,398.2461565,0.287695896,10406,1.029377633,393.2222557,1.112651178,382
"KCAE20100805_100453",1561.26,"2010","08","05",0.522779922,1548.35,0.205577434,2139.855511,2.013090982,10409,3.200858988,2134.972945,7.330153247,667,1.535099937,12.91,0.001749616,18.20475253,0.052117644,10405,1.299491123,12.99491123,1.125577455,10
"KCAE20100805_101431",17234.87,"2010","08","05",0.521239177,17223.36,2.016105145,20957.41299,23.86331237,10395,34.51813405,20952.50737,92.97036314,607,1.534468346,11.51,0.001383171,14.39327882,0.03937308,10406,1.530155265,9.180931589,0.647963982,6
"KCAE20100805_102411",26869.91,"2010","08","05",0.522485997,26854.68,3.048079629,31700.02814,23.91514138,10400,28.32473335,31695.37662,67.84705155,1119,1.533765092,15.23,0.002236761,23.27797526,0.056350591,10407,1.290652596,18.06913634,0.866983176,14
"KCAE20100805_103349",31554.98,"2010","08","05",0.525388735,31543.81,3.639689506,37849.13117,18.29816581,10399,11.5735652,37845.55821,31.19541067,3270,1.534114867,11.17,0.001812877,18.85573007,0.068303754,10401,1.705861394,13.64689116,1.900077354,8
"KCAE20100805_104328",28374.49,"2010","08","05",0.52195193,28361.15,3.273419461,34066.47633,13.86838697,10407,8.671901512,34063.22914,21.51345996,3928,1.532363078,13.34,0.002131086,22.16969161,0.052809849,10403,0.942492344,16.96486219,0.876668682,18
"KCAE20100805_105308",19076.84,"2010","08","05",0.523483903,18837.09,2.251751425,23415.96307,8.473528263,10399,5.303049596,23412.96397,12.36756121,4415,1.533748618,239.75,0.038328407,398.9220588,0.594862771,10408,2.163719331,393.7969182,3.965221983,182
"KCAE20100805_110246",9946.31,"2010","08","05",0.525626377,9547.95,1.275115266,13267.57434,3.02230445,10405,3.27515785,13264.38929,4.113367096,4050,1.533722352,398.36,0.068376795,711.2554201,0.513539465,10402,1.88831421,706.2295146,1.977099638,374
"KCAE20100805_111224",7933.69,"2010","08","05",0.519806421,7595.2,1.101521614,11461.33239,2.869959917,10405,3.053837419,11457.99799,4.108899983,3752,1.533804734,338.49,0.064263421,668.4681059,0.395043478,10402,1.313876942,663.5078558,1.255433576,505
"KCAE20100805_112203",7149.32,"2010","08","05",0.51980808,6855.04,1.0596468,11020.32672,3.896089069,10400,3.212841337,11016.83294,6.255313744,3429,1.536575225,294.28,0.056534662,588.1300903,0.34314047,10403,1.112936759,583.1788617,1.079084597,524
"KCAE20100805_113142",6490.4,"2010","08","05",0.517169542,6279.43,0.965861405,10047.8562,2.818758458,10403,2.765545886,10044.46266,4.217132548,3632,1.534445469,210.97,0.041015199,426.8451758,0.322461746,10407,1.18485321,421.8077429,1.299790507,356
"KCAE20100805_114122",5702.42,"2010","08","05",0.522990417,5614.05,0.934351161,9717.252077,2.475192722,10400,2.619713628,9713.898132,3.573649476,3708,1.533256115,88.37,0.015199446,158.0894347,0.173939717,10401,0.938394354,152.9582798,1.034937157,163
"KCAE20100805_115101",4458.23,"2010","08","05",0.513997251,4384.5,0.730650405,7603.148113,1.75836628,10406,2.396569544,7599.522023,2.481043474,3171,1.527035177,73.73,0.012984645,135.0532926,0.186232954,10401,0.969459726,129.9076033,1.333521163,134
"KCAE20100805_120039",3174.77,"2010","08","05",0.526016794,3125.32,0.504649167,5249.865286,1.398928381,10403,2.122123936,5245.89037,2.192074779,2472,1.532583797,49.45,0.008395643,87.33987742,0.110685782,10403,1.02707652,82.16612161,0.744415926,80
"KCAE20100805_121019",2767.51,"2010","08","05",0.525334378,2719.42,0.442415614,4602.007215,1.327257118,10402,1.939258617,4597.98218,2.197221301,2371,1.532363539,48.09,0.008606265,89.50515797,0.115671229,10400,1.01607722,84.33440928,0.813111512,83
"KCAE20100805_121957",2812.3,"2010","08","05",0.52112098,2752.02,0.435375636,4530.083489,1.290309444,10405,1.943338729,4526.035901,2.123573776,2329,1.535494055,60.28,0.011490097,119.5429722,0.120194774,10404,0.835016663,114.3972828,0.642474742,137
"KCAE20100805_122936",2421.47,"2010","08","05",0.522707952,2371.49,0.38013007,3955.25338,1.043311273,10405,1.873445012,3951.095531,1.604382922,2109,1.533368459,49.98,0.010275768,106.898812,0.100814547,10403,0.742727182,101.7536239,0.47929323,137
"KCAE20100805_123915",2723.58,"2010","08","05",0.518493652,2666.82,0.443988132,4619.25253,1.522178431,10404,2.057584637,4615.162341,2.725866273,2243,1.533912865,56.76,0.011899021,123.7855148,0.113652866,10403,0.719117333,118.6543599,0.554946218,165
"KCAE20100805_124854",3599.01,"2010","08","05",0.519891984,3431.6,0.578882133,6025.005239,1.829289866,10408,2.422951441,6021.034332,3.090427984,2485,1.534057652,167.41,0.035803446,372.5706632,0.210799023,10406,0.733745317,367.6064037,0.641819759,501
"KCAE20100805_125833",1809.56,"2010","08","05",0.520404016,1753.72,0.312717569,3252.575438,1.033375984,10401,1.786729235,3248.273748,1.864884976,1818,1.533948634,55.84,0.013073332,135.9626558,0.098445032,10400,0.589466541,130.8615721,0.339133382,222
"KCAE20100806_100126",252.02,"2010","08","06",0.527351674,169.39,0.026141566,271.820003,0.334692326,10398,2.318837345,266.6662946,2.203284046,115,0.873889582,82.63,0.011728471,122.093382,0.17487635,10410,1.948434902,116.9060941,1.248529739,60
"KCAE20100806_100538",298.64,"2010","08","06",0.527500094,177.74,0.026463535,275.2207684,0.356694735,10400,2.500579161,270.0625494,2.474249641,108,0.889833461,120.9,0.014654195,152.5062029,0.24810323,10407,2.45534031,147.3204186,2.182573665,60
"KCAE20100806_100951",258.87,"2010","08","06",0.52734375,185.98,0.028316225,294.5736895,0.331104704,10403,2.2263461,289.4249931,1.977299601,130,0.889020765,72.89,0.010476949,109.0545611,0.172089135,10409,2.119637988,103.8622614,1.363352567,49
"KCAE20100806_101403",332.15,"2010","08","06",0.527430851,219.81,0.026843296,279.3313411,0.436099543,10406,2.611129633,274.1686114,3.495131168,105,0.890797111,112.34,0.014551201,151.4634549,0.215252823,10409,2.183286217,146.2801766,1.581483012,67
"KCAE20100806_101815",221.32,"2010","08","06",0.52734375,156.08,0.019622185,204.2473228,0.376082536,10409,2.690102064,199.0675527,3.589521704,74,0.886879891,65.24,0.008625992,89.74482247,0.139539653,10404,1.921648244,84.55252273,0.974696347,44
"KCAE20100806_102227",196.6,"2010","08","06",0.527412368,143.63,0.017938528,186.6862661,0.273755292,10407,2.750052862,181.5034889,2.09044759,66,0.891786627,52.97,0.007436601,77.385271,0.163670248,10406,2.062498806,72.1874582,1.958502973,35
"KCAE20100806_102639",1436.04,"2010","08","06",0.52734375,1220.78,0.139533877,1451.43139,1.603641279,10402,6.953472537,1446.322288,9.033873535,208,0.886187346,215.26,0.025668061,267.0248417,0.347339941,10403,2.727699009,261.8591049,2.400719738,96
"KCAE20100806_103052",1893.15,"2010","08","06",0.527506292,1824.77,0.190151087,1979.282662,1.999185853,10409,7.127092536,1974.204633,10.05494568,277,0.888553477,68.38,0.009048938,94.13610205,0.156608183,10403,2.068460519,88.94380231,1.309245656,43
"KCAE20100806_103505",3629.51,"2010","08","06",0.52734375,3378.91,0.358430545,3729.46982,2.891770213,10405,7.632171201,3724.499546,11.09159811,488,0.889766353,250.6,0.027959436,290.8060939,0.343109386,10401,2.885281445,285.642863,2.041153793,99
"KCAE20100806_103917",5310.62,"2010","08","06",0.527527577,4922.81,0.525593921,5465.65118,2.999779442,10399,7.995287913,5460.781644,8.797196088,683,0.889113121,387.81,0.042720914,444.3829498,0.4959864,10402,3.327543613,439.2357569,2.918848749,132
"KCAE20100806_104331",7750.95,"2010","08","06",0.52734375,6647.86,0.686788986,7147.412978,4.081282258,10407,8.324740257,7142.627141,11.77281951,858,0.887638891,1103.09,0.113318412,1178.284848,0.859263056,10398,3.609958121,1173.236389,3.3215685,325
"KCAE20100806_104743",6405.26,"2010","08","06",0.527514355,5667.17,0.589374137,6129.491021,2.881335751,10400,6.488084528,6124.751794,7.296779971,944,0.887948039,738.09,0.07821253,813.9577975,0.583586426,10407,2.962925883,808.8787661,2.110038313,273
"KCAE20100806_105156",5628.43,"2010","08","06",0.527364339,4122.62,0.419455763,4364.437213,1.880853189,10405,4.677778397,4359.689466,4.426546454,932,0.889562746,1505.81,0.153697259,1599.834766,0.93297751,10409,3.459542202,1594.848955,2.869651236,461
"KCAE20100806_105608",3948.79,"2010","08","06",0.527510034,2852.48,0.294109034,3060.498609,1.315771363,10406,3.650779867,3055.702749,3.046317214,837,0.920677967,1096.31,0.107276819,1115.357086,0.747226376,10397,3.237079154,1110.31815,2.610168924,343
"KCAE20100806_110021",3200.81,"2010","08","06",0.527526503,1883.01,0.199496672,2074.765394,1.029560775,10400,3.3932111,2069.858771,2.691997091,610,0.889057833,1317.8,0.126599038,1317.13639,0.860905629,10404,3.408090896,1312.114995,2.977874317,385
"KCAE20100806_110433",1572.49,"2010","08","06",0.52734375,906.53,0.105985402,1102.036205,0.667905565,10398,2.587352272,1097.037363,2.128526509,424,0.887759485,665.96,0.068499116,713.0072952,0.544490141,10409,2.733282798,707.9202447,2.156247722,259
"KCAE20100806_110846",1084,"2010","08","06",0.527731745,609.24,0.075135088,781.8557256,0.588701496,10406,2.513900447,776.7952381,2.357642664,309,0.889581385,474.76,0.048725386,506.5978427,0.523332109,10397,3.23525602,501.464683,2.848484475,155
"KCAE20100806_111259",592.44,"2010","08","06",0.52734375,310.55,0.041374596,430.0475552,0.355098141,10394,1.83170039,424.9544905,1.542897846,232,0.887133322,281.89,0.030369216,315.9005835,0.367672644,10402,2.611318279,310.7468752,2.262764659,119
"KCAE20100806_111711",519.56,"2010","08","06",0.527549566,280.98,0.048197291,501.6856033,0.358765706,10409,1.718386119,496.6135885,1.331309138,289,0.890239926,238.58,0.024398528,253.8910793,0.388476249,10406,3.148295174,248.7153188,3.189366925,79
"KCAE20100806_112124",510.73,"2010","08","06",0.52734375,373.34,0.068033181,707.817216,0.426992376,10404,1.75262803,702.8038401,1.33519632,401,0.887445542,137.39,0.015849268,164.9433354,0.212892803,10407,2.048289391,159.7665725,1.381690086,78
"KCAE20100806_112537",614.75,"2010","08","06",0.4967725,503.94,0.094192814,979.0401053,0.561105166,10394,1.979832011,974.0773493,1.710056715,492,0.874498833,110.81,0.013904458,144.6341761,0.273963923,10402,2.14543698,139.4534037,2.748521865,65
"KCAE20100806_112950",376.93,"2010","08","06",0.52734375,313.38,0.068436685,582.7383731,0.419268497,8515,1.70690462,578.6406663,1.274275314,339,0.890448574,63.55,0.009828519,92.15218955,0.157151496,9376,1.715267031,87.4786186,1.283625664,51
"KCAE20100806_113405",439.17,"2010","08","06",0.527644528,386.17,0.074640896,777.011724,0.450633171,10410,1.719419595,772.019398,1.372828927,449,0.88940635,53,0.006848829,71.26206321,0.143268159,10405,1.738585662,66.06625516,1.637183449,38
"KCAE20100806_113818",413.21,"2010","08","06",0.52734375,331.88,0.063020624,655.9816742,0.372785371,10409,1.557354815,650.9743125,1.066076583,418,0.88635322,81.33,0.011368165,118.1948137,0.196233181,10397,1.712379522,113.0170484,1.789441477,66
"KCAE20100806_114231",243.46,"2010","08","06",0.527358529,191.94,0.036587419,380.7652643,0.264572936,10407,1.423036827,375.6817222,0.888728864,264,0.890116088,51.52,0.005727316,59.54118059,0.12785713,10396,2.264286108,54.3428666,1.432879537,24
"KCAE20100806_114644",288,"2010","08","06",0.527384945,251.07,0.046175364,480.2699565,0.320284764,10401,1.475833821,475.2184903,1.098975483,322,0.886156256,36.93,0.005132805,53.44276215,0.101451915,10412,1.663411555,48.2389351,0.985350309,29
"KCAE20100806_115056",321.3,"2010","08","06",0.491750138,277.96,0.049940714,519.4833048,0.315089136,10402,1.453241174,514.4473755,0.93854827,354,0.890217227,43.34,0.005802426,60.38004309,0.117663953,10406,1.780007275,55.18022554,1.24072219,31
"KCAE20100806_115509",334.2,"2010","08","06",0.527522209,228.78,0.040337738,419.6738286,0.306959132,10404,1.576392733,414.5912889,1.145150368,263,0.89266477,105.42,0.014283598,148.5922673,0.387213427,10403,2.987551531,143.4024735,4.910504364,48
"KCAE20100806_115921",289.53,"2010","08","06",0.52734375,236.33,0.039959108,416.0142697,0.272313571,10411,1.426877609,410.9407513,0.839381488,288,0.890311432,53.2,0.007047137,73.29022616,0.128470458,10400,1.792024317,68.09692405,1.163806486,38
"KCAE20100806_120334",251.7,"2010","08","06",0.527350616,225.94,0.039734334,413.2768043,0.290432313,10401,1.523127888,408.1982741,1.009190377,268,0.891484608,25.76,0.003911409,40.69038897,0.082056177,10403,1.419562714,35.48906786,0.908673653,25
"KCAE20100806_120747",294.66,"2010","08","06",0.52734375,256.12,0.043169163,449.3046467,0.307439842,10408,1.547847145,444.2321307,1.050228129,287,0.888354028,38.54,0.006844853,71.21385217,0.092308064,10404,1.065009255,66.0305738,0.555203974,62
"KCAE20100806_121200",249.22,"2010","08","06",0.52739388,221.24,0.038084723,396.4619653,0.321060581,10410,1.603962688,391.3668959,1.376339357,244,0.888907072,27.98,0.004570101,47.53361835,0.072449982,10401,1.085649134,42.34031623,0.482250795,39
"KCAE20100806_121613",298.18,"2010","08","06",0.527423438,253.93,0.04582526,476.9951263,0.317344383,10409,1.470215419,471.9391495,1.084214715,321,0.887457448,44.25,0.006363411,66.21765978,0.127722729,10406,1.564662865,61.02185173,1.401858728,39
"KCAE20100806_122027",217.78,"2010","08","06",0.527668927,189.31,0.041447393,431.3015752,0.302584123,10406,1.374972867,426.2415888,1.115433551,310,0.889317159,28.47,0.005238372,54.45811077,0.097962869,10396,1.407580281,49.26530984,0.950166132,35
"KCAE20100806_122440",228.66,"2010","08","06",0.527517918,207.09,0.045865116,477.364128,0.307126332,10408,1.435600796,472.3126618,0.99617585,329,0.887651709,21.57,0.004329152,45.04915715,0.068765651,10406,0.948925063,39.85485266,0.531345054,42
"KCAE20100806_122854",250.46,"2010","08","06",0.527378076,208.47,0.044431609,462.1775969,0.306206207,10402,1.360513828,457.1326462,1.05635045,336,0.885534675,41.99,0.006005162,62.50172786,0.108423737,10408,1.469356857,57.30491743,1.006727297,39
"KCAE20100806_123308",326.32,"2010","08","06",0.532222926,274.44,0.055104985,573.3673711,0.294431298,10405,1.042982871,568.4256649,0.791330851,545,1.533850436,51.88,0.007822024,81.38034193,0.129981818,10404,1.360608151,76.19405644,1.14990301,56
"KCAE20100806_124242",553.89,"2010","08","06",0.516643563,480.92,0.092759666,965.1643218,0.47509018,10405,1.13251707,960.3744754,1.262565805,848,1.533519128,72.97,0.010557645,109.8100665,0.149111502,10401,1.715209681,104.6277905,0.939274853,61
"KCAE20100806_125217",436.98,"2010","08","06",0.514696747,414.57,0.083506595,868.7191076,0.343758225,10403,1.043381932,863.9202399,0.695767127,828,1.525906775,22.41,0.003407273,35.44585915,0.06961671,10403,1.209781521,30.24453804,0.762179818,25
"KCAE20100807_100046",6240.61,"2010","08","07",0.525177841,6236.55,1.124292256,11699.38521,3.232540626,10406,3.885607453,11695.67843,5.04001516,3010,1.534632383,4.06,0.000501187,5.214351979,0,10404,NA,0,NA,0
"KCAE20100807_101024",3508.76,"2010","08","07",0.524344982,3503.32,0.632120226,6574.682473,2.311335973,10401,3.268894035,6570.477011,4.362691043,2010,1.525743475,5.44,0.000846647,8.810209546,0.018533193,10406,0.899214986,3.596859942,0.338820158,4
"KCAE20100807_102004",937.55,"2010","08","07",0.525448973,932.51,0.178460009,1856.341015,1.412421771,10402,2.852778022,1851.452936,4.937701014,649,1.526741635,5.04,0.0006946,7.226618997,0.014040653,10404,1.006634696,2.013269392,0.163177276,2
"KCAE20100807_102941",471.96,"2010","08","07",0.524125805,467.9,0.083985585,873.5340747,0.624158318,10401,2.412504594,868.5016537,2.377742085,360,1.525349,4.06,0.000501187,5.213349604,0,10402,NA,0,NA,0
"KCAE20100807_103921",500.76,"2010","08","07",0.525281966,496.7,0.089196426,927.9996116,0.679147407,10404,1.788844714,923.0438722,2.504319308,516,1.532001713,4.06,0.000501187,5.216857915,0,10409,NA,0,NA,0
"KCAE20100807_104901",1116.71,"2010","08","07",0.522246651,1111.78,0.196370854,2042.649621,0.882320829,10402,1.761465986,2038.016145,2.060565097,1157,1.526793964,4.93,0.000653758,6.803008448,0.011004697,10406,0.794328235,1.588656469,0,2
"KCAE20100807_105841",1737.1,"2010","08","07",0.522854815,1730.29,0.307613685,3200.412783,0.95946022,10404,1.710077662,3196.13515,1.651596413,1869,1.523852185,6.81,0.001159452,12.06178411,0.02481503,10403,0.856492852,6.851942817,0.279830761,8
"KCAE20100807_110820",2287.3,"2010","08","07",0.523800625,2277.95,0.394053982,4099.343572,1.309452604,10403,1.775156463,4095.28596,2.298378353,2307,1.533914576,9.35,0.001279297,13.30724702,0.030864734,10402,1.012238364,8.097906911,0.49651996,8
"KCAE20100807_111800",2489.78,"2010","08","07",0.526003182,2481.32,0.43580123,4535.819198,1.149274027,10408,1.704375892,4531.935498,1.734707237,2659,1.530157001,8.46,0.001715015,17.83786607,0.033574806,10401,0.6649758,12.63454021,0.431399783,19
"KCAE20100807_112739",3239.99,"2010","08","07",0.524265465,3228.05,0.547223267,5691.12198,1.155813015,10400,1.732426144,5687.55503,1.476311674,3283,1.533553457,11.94,0.002259547,23.50154786,0.040249884,10401,0.703912704,18.30173032,0.400810637,26
"KCAE20100807_113718",3053.5,"2010","08","07",0.525554946,3039.54,0.51912878,5399.458442,1.319200283,10401,1.722801824,5395.815312,1.925314362,3132,1.536614583,13.96,0.001516719,15.78146422,0.045662809,10405,1.321327569,10.57062055,1.052030071,8
"KCAE20100807_114658",2806.05,"2010","08","07",0.525678899,2795.19,0.480870538,5001.053598,1.019408734,10400,1.621474987,4997.38591,1.287633916,3082,1.537495763,10.86,0.001648317,17.15239182,0.044312214,10406,1.326838684,11.94154815,0.75928611,9
"KCAE20100807_115638",3069.53,"2010","08","07",0.525270609,3060.41,0.523502351,5444.424446,1.149631482,10400,1.756785365,5440.764275,1.50749387,3097,1.538359962,9.12,0.001228534,12.78166429,0.042951865,10404,1.892329265,7.569317061,1.275611859,4
"KCAE20100807_120618",3347.93,"2010","08","07",0.526015483,3343.34,0.573713933,5967.198616,1.393542262,10401,1.810454365,5963.636679,1.973323113,3294,1.533473982,4.59,0.000629689,6.551284134,0.00976678,10404,0.668967265,1.33793453,0.314356585,2
"KCAE20100807_121558",3428.31,"2010","08","07",0.524223967,3420.81,0.581606899,6048.130142,1.214007254,10399,1.78517877,6044.615316,1.542277418,3386,1.538678037,7.5,0.001127498,11.72597421,0.023508071,10400,0.81470456,6.517636482,0.252828403,8
"KCAE20100807_122537",5991.3,"2010","08","07",0.522960097,5981.94,0.987970658,10276.87079,2.15748801,10402,2.53733928,10273.68675,2.833467319,4049,1.534263481,9.36,0.001705099,17.73814142,0.044461031,10403,0.895093375,12.53130725,0.849137343,14
"KCAE20100807_123517",5295.29,"2010","08","07",0.522867584,5280.89,0.890137209,9260.097387,1.871550148,10403,2.37293993,9256.838667,2.413207168,3901,1.52826129,14.4,0.002338414,24.32652049,0.040608403,10403,0.735603868,19.12570057,0.354326327,26
"KCAE20100807_124456",6325.84,"2010","08","07",0.5233625,6275.5,1.058859679,11014.25838,2.118428183,10402,2.663550299,11011.11694,2.649400012,4134,1.5272168,50.34,0.009504777,98.90671336,0.105934412,10406,0.844567485,93.74699079,0.591821434,111
"KCAE20100807_125436",7889.64,"2010","08","07",0.524156078,7777.43,1.299775602,13524.16514,2.522199741,10405,3.025551598,13521.19009,3.096995036,4469,1.527846566,112.21,0.019062036,198.3595483,0.169900827,10406,1.027863921,193.2384172,0.751147183,188
"KCAE20100808_100155",3713.04,"2010","08","08",0.521439325,3708.16,0.732465734,7621.305958,2.968321203,10405,3.56275147,7617.162643,5.727929491,2138,1.535538085,4.88,0.000710218,7.391239746,0.017856851,10407,1.08819329,2.176386581,0.97592915,2
"KCAE20100808_101133",2152.03,"2010","08","08",0.524697212,2147.57,0.42920539,4465.882087,2.2516872,10405,3.018543971,4461.407989,5.281454965,1478,1.536794732,4.46,0.000595822,6.200122712,0.007089182,10406,0.492885367,0.985770734,0.195263263,2
"KCAE20100808_102112",3438.58,"2010","08","08",0.524720393,3428.37,0.557916175,5807.349465,5.059056159,10409,4.69858427,5802.751573,14.01429459,1235,1.536307168,10.21,0.001125354,11.70480418,0.046147699,10401,3.246479069,6.492958137,1.03887087,2
"KCAE20100808_103051",14821.82,"2010","08","08",0.524897885,14817.11,2.380248805,24761.72832,9.986924707,10403,5.690345929,24758.69514,14.82104071,4351,1.534923367,4.71,0.000612124,6.365473045,0.008201566,10399,0.577314688,1.154629377,0.184740268,2
"KCAE20100808_104029",54197.44,"2010","08","08",0.514626323,54191.88,8.204636011,85369.2377,16.96824295,10405,11.60991542,85367.70807,19.18087455,7353,1.532623922,5.56,0.000915548,9.526280538,0.018856253,10405,0.719072416,4.314434495,0.347259842,6
"KCAE20100808_105008",86379.06,"2010","08","08",0.51376026,86271.62,12.10378518,125927.781,17.48907625,10404,14.13798481,125927.0307,18.12509542,8907,1.529167599,107.44,0.024020153,249.8576275,0.197935434,10402,0.802613574,244.79714,0.844908298,305
"KCAE20100808_105947",85321.97,"2010","08","08",0.524221242,84925.8,11.36586722,118250.4825,19.1131748,10404,12.87143492,118249.8726,19.85778298,9187,1.533002609,396.17,0.0891869,927.6329487,0.39384271,10401,1.000956827,922.8821949,0.9156207,922
"KCAE20100808_110925",72810.79,"2010","08","08",0.513740749,72016.53,9.463175499,98435.95154,10.48748363,10402,10.65317848,98435.36916,10.54241234,9240,1.531680589,794.26,0.171491977,1784.545511,0.569799952,10406,1.172655441,1780.090959,1.025968574,1518
"KCAE20100808_111904",62320.92,"2010","08","08",0.524314696,61142.23,8.211305951,85430.42711,9.460311348,10404,9.278790832,85429.82719,9.551376528,9207,1.531315981,1178.69,0.23898284,2486.138487,0.674649445,10403,1.260493384,2481.911474,1.057349213,1969
"KCAE20100808_112843",66624.5,"2010","08","08",0.514103545,65117.65,8.71259714,90628.43545,9.316609002,10402,9.566976654,90627.96985,9.334777956,9473,1.528629886,1506.85,0.298915075,3111.70593,0.761212557,10410,1.284174151,3107.701444,1.108190846,2420
"KCAE20100808_113822",66393.99,"2010","08","08",0.515646821,65395.94,8.61174798,89605.23774,11.22491585,10405,9.339673887,89604.83127,11.39525501,9594,1.529178889,998.05,0.212328899,2208.432875,0.718670946,10401,1.409209644,2204.003883,1.322690124,1564
"KCAE20100808_114801",62072.06,"2010","08","08",0.514271551,61005.87,8.122336719,84512.91356,9.709692361,10405,8.688452118,84512.57375,9.794456117,9727,1.534261576,1066.19,0.235090971,2446.12155,0.825240071,10405,1.57426437,2441.684038,1.569168052,1551
"KCAE20100808_115740",63786.15,"2010","08","08",0.523339891,62697.7,8.115344975,84440.16447,8.902623797,10405,8.57083712,84439.88731,8.933184343,9852,1.530311745,1088.45,0.24003615,2496.615996,0.887586259,10401,1.595509605,2492.186002,1.756508277,1562
"KCAE20100808_120718",68731.74,"2010","08","08",0.514253769,67513.95,8.643811961,89878.35677,8.443722217,10398,9.071266773,89878.11119,8.422887372,9908,1.536135252,1217.79,0.262181804,2728.788214,0.960268257,10408,1.572094873,2724.440415,1.865700146,1733
"KCAE20100808_121657",68114.33,"2010","08","08",0.522805735,65584.17,8.641683605,89856.22613,10.47950484,10398,9.322112847,89855.84573,10.588913,9639,1.526196667,2530.16,0.527328461,5485.797982,1.634973952,10403,2.254957844,5481.802518,2.747058454,2431
"KCAE20100808_122636",55179.41,"2010","08","08",0.513839458,52922.81,7.074760741,73605.81075,7.738841802,10404,7.780691081,73605.33763,7.770055154,9460,1.544213985,2256.6,0.469147006,4879.128859,1.287422133,10400,1.950847931,4875.168978,2.002220117,2499
"KCAE20100808_123615",47536.21,"2010","08","08",0.513951622,45157.93,6.079348814,63255.62441,6.328675474,10405,6.722831888,63255.12523,6.321881092,9409,1.529218333,2378.28,0.46854883,4876.187673,1.18415137,10407,1.752019281,4872.365619,1.732019171,2781
"KCAE20100808_124555",42333.83,"2010","08","08",0.513734712,39942.38,5.320620493,55329.13251,5.32889908,10399,5.897316436,55328.6228,5.298555247,9382,1.524803178,2391.45,0.473855987,4929.52383,1.319252141,10403,1.778230422,4925.698268,2.053876128,2770
"KCAE20100808_125534",36861.66,"2010","08","08",0.514455455,34821.11,4.647195757,48358.71905,4.957244026,10406,5.349931843,48358.03393,4.95292634,9039,1.533600795,2040.55,0.40949455,4259.971805,1.054078708,10403,1.684886759,4256.023953,1.558240821,2526
"KCAE20100809_100622",2205.37,"2010","08","09",0.525713487,2196.84,0.329544459,3428.910099,2.935480293,10405,4.788886146,3424.053595,10.20684566,715,1.53427388,8.53,0.001388171,14.44252689,0.028916986,10404,0.839426179,9.233687968,0.310699989,11
"KCAE20100809_101601",2299.01,"2010","08","09",0.513407526,2291.67,0.423678347,4407.102164,9.408692906,10402,8.0185136,4402.163967,40.23882458,549,1.528478445,7.34,0.001155536,12.01988623,0.023646004,10402,0.681154849,6.811548494,0.363181543,10
"KCAE20100809_102539",2280.6,"2010","08","09",0.522474785,2269.16,0.477062327,4962.402329,10.56989816,10402,10.39293091,4957.428046,48.35255369,477,1.530982044,11.44,0.001860209,19.3554713,0.039143409,10405,0.884289821,14.14863713,0.480484184,16
"KCAE20100809_103519",9138.26,"2010","08","09",0.522633136,9130.24,1.824968655,18985.14892,27.7270453,10403,14.84016895,18980.57609,77.87231206,1279,1.532961906,8.02,0.001247209,12.97346826,0.03584498,10402,1.293854297,7.763125779,0.816464542,6
"KCAE20100809_104457",9362.18,"2010","08","09",0.515217172,9346.66,1.919858546,19968.44874,17.15334367,10401,9.612073594,19964.27686,37.4172521,2077,1.534306945,15.52,0.002040981,21.23027932,0.055203831,10402,1.232572704,16.02344515,0.99947163,13
"KCAE20100809_105436",8168.86,"2010","08","09",0.520553171,8137.2,1.337146348,13915.68204,6.436154835,10407,5.564687661,13911.71915,12.20493279,2500,1.534697729,31.66,0.004709396,48.98713961,0.08437261,10402,0.995360051,43.79584225,0.844647355,44
"KCAE20100809_110415",5503.26,"2010","08","09",0.513829996,5436.86,0.855862597,8902.682735,4.224089216,10402,3.712419996,8898.670731,8.176072112,2397,1.527875599,66.4,0.011633922,121.0625951,0.145863983,10406,1.136258449,115.8983618,0.949701723,102
"KCAE20100809_111354",5346.18,"2010","08","09",0.512744415,4792.85,0.800572332,8329.154541,2.740530815,10404,3.330077263,8325.193157,4.779088558,2500,1.523896935,553.33,0.071976166,748.9839853,2.772026629,10406,2.601090806,743.9119705,16.55107072,286
"KCAE20100809_112333",3424.77,"2010","08","09",0.514408814,3232.6,0.531839138,5533.786227,3.055360391,10405,3.492965732,5529.364753,7.144565676,1583,1.53343816,192.17,0.035955378,374.0437929,0.318954296,10403,1.31775098,368.9702745,1.448581101,280
"KCAE20100809_113312",7867.28,"2010","08","09",0.513629061,7654.46,1.400717255,14568.86017,9.144641498,10401,6.837894297,14564.71485,19.26928819,2130,1.523921746,212.82,0.041699155,433.9214099,0.345405333,10406,1.515363574,428.8478915,1.470270447,283
"KCAE20100809_114250",4321.82,"2010","08","09",0.513863794,4170.86,0.729380541,7587.016387,4.585997129,10402,4.802149722,7582.594412,10.91121974,1579,1.531226215,150.96,0.027203222,282.9951163,0.330866092,10403,1.634508631,277.8664673,2.023899026,170
"KCAE20100809_115230",2718.12,"2010","08","09",0.515556544,2638.35,0.425178931,4423.986777,3.522403899,10405,4.336881878,4419.282634,10.47969925,1019,1.529420858,79.77,0.013431075,139.7234721,0.175399369,10403,1.35918423,134.5592388,1.190952899,99
"KCAE20100809_120209",3894.7,"2010","08","09",0.515428516,3814.44,0.661752307,6883.547494,13.33159905,10402,5.050673099,6879.016761,36.55235105,1362,1.533408747,80.26,0.013431082,139.6966821,0.171178182,10401,1.401374454,134.5319476,1.114896932,96
"KCAE20100809_121148",4353.25,"2010","08","09",0.513257712,4305.72,0.715780154,7443.397818,3.785196314,10399,3.933968121,7439.133717,8.133868698,1891,1.527055263,47.53,0.00840437,87.44746925,0.114708209,10405,0.979460903,82.27471582,0.829014752,84
"KCAE20100809_122127",5198.32,"2010","08","09",0.513804023,5125.84,0.861504059,8953.611687,6.944518354,10393,4.702762274,8949.356607,15.66598902,1903,1.526426029,72.48,0.012585717,130.9669747,0.20552117,10406,1.245566735,125.8022403,1.686555452,101
"KCAE20100809_123106",10137.27,"2010","08","09",0.512232929,10092.21,1.532948506,15947.2633,9.937798686,10403,5.840079741,15943.41769,18.74238954,2730,1.525896098,45.06,0.008886915,92.44168991,0.150038099,10402,1.246620335,87.26342342,1.352271107,70
"KCAE20100809_124046",10736.99,"2010","08","09",0.521118798,10690.06,1.639795304,17060.43034,17.48720139,10404,7.027784248,17056.43237,35.68530069,2427,1.530911872,46.93,0.007858767,81.74688936,0.111320909,10402,1.093837469,76.56862286,0.814532705,70
"KCAE20100809_125025",5700.39,"2010","08","09",0.525602866,5649.99,0.851802512,8856.190715,10.29032098,10397,4.299180095,8852.011816,22.80528884,2059,1.537552569,50.4,0.008167552,84.95887662,0.129001492,10402,1.266303203,79.77710181,1.083277233,63
"KCAE20100810_100548",1555.9,"2010","08","10",0.531914874,1547.27,0.18011248,1873.530021,1.772361133,10402,5.41591183,1868.489581,8.157275875,345,1.477303124,8.63,0.000926084,9.634051489,0.033363323,10403,2.210601536,4.421203072,1.345873282,2
"KCAE20100810_101135",1411.03,"2010","08","10",0.530306076,1403.57,0.165237127,1718.631361,1.990746686,10401,5.010496837,1713.589918,9.824560004,342,1.478493318,7.46,0.001458127,15.16889897,0.079128036,10403,3.31885058,9.95655174,4.006537194,3
"KCAE20100810_101721",1413.98,"2010","08","10",0.532226035,1403.9,0.147867421,1538.412648,2.589224814,10404,4.550051027,1533.367196,13.69232246,337,1.531264999,10.08,0.001576615,16.4109905,0.038563079,10409,0.861588309,11.20064802,0.698257765,13
"KCAE20100810_102658",880.67,"2010","08","10",0.513412807,869.38,0.097324368,1012.368078,1.611659949,10402,3.23894083,1007.310598,8.771647987,311,1.533282257,11.29,0.001778437,18.5046376,0.040840659,10405,0.949771504,13.29680105,0.604777519,14
"KCAE20100810_103637",3042.92,"2010","08","10",0.514016939,3028.81,0.441983643,4597.513855,2.474811547,10402,2.714626781,4593.148514,5.612473609,1692,1.527556273,14.11,0.002418393,25.16338407,0.052353786,10405,1.108752904,19.95755227,0.615809951,18
"KCAE20100810_104615",10290.03,"2010","08","10",0.523421193,10266.75,1.318861724,13722.75623,5.555021766,10405,4.566926414,13719.04695,9.595445595,3004,1.530207334,23.28,0.004609729,47.95962061,0.065733716,10404,0.750418181,42.77383631,0.483121592,57
"KCAE20100810_105554",7047.17,"2010","08","10",0.514034589,6974.32,0.874730202,9099.818295,3.041528248,10403,3.289689051,9095.990227,5.183489345,2765,1.526230712,72.85,0.015491259,161.2020387,0.125971155,10406,0.716036436,156.0959431,0.507267164,218
"KCAE20100810_110532",5202.15,"2010","08","10",0.513366623,5007.8,0.637736374,6634.371501,2.088123914,10403,2.673548627,6630.400594,3.584946765,2480,1.532736386,194.35,0.03768248,392.048521,0.276351631,10404,0.825307518,387.0692258,1.023024637,469
"KCAE20100810_111508",3072.16,"2010","08","10",0.514108082,2804.77,0.412952292,4295.116787,1.332916712,10401,2.073920201,4290.940895,2.342932873,2069,1.533809075,267.39,0.049249446,512.2434849,0.285572443,10401,1.039498393,507.2752159,0.842956439,488
"KCAE20100810_112448",2362.35,"2010","08","10",0.513599229,2062.24,0.326986971,3403.280393,1.066369553,10408,1.775874247,3399.023308,1.900676153,1914,1.527481233,300.11,0.053773396,559.6197288,0.251561828,10407,0.910852375,554.7090963,0.54916005,609
"KCAE20100810_113425",1473.69,"2010","08","10",0.522785997,1159.35,0.197144855,2051.489361,0.671798776,10406,1.388746782,2047.012756,1.237997067,1474,1.53105722,314.34,0.055466267,577.4038374,0.267212658,10410,0.938511807,572.4922025,0.625095057,610
"KCAE20100810_114406",2181.18,"2010","08","10",0.521638904,1813.34,0.303437223,3157.567743,0.800529497,10406,1.594208158,3153.343737,1.146579692,1978,1.529933548,367.84,0.063618639,662.0791748,0.289471819,10407,0.960827677,657.2061313,0.643262152,684
"KCAE20100810_115345",1379.69,"2010","08","10",0.520500925,954.02,0.173524843,1805.178947,0.586109784,10403,1.387223141,1800.615637,1.034757985,1298,1.53466459,425.67,0.07328143,762.4199972,0.456410915,10404,1.006086373,757.5830392,1.393723282,753
"KCAE20100810_120323",1452.55,"2010","08","10",0.51266926,1051.52,0.185764828,1932.325743,0.58519419,10402,1.38591628,1927.809545,0.94793187,1391,1.525227912,401.03,0.067415858,701.5968309,0.294573625,10407,0.966355522,696.7423314,0.620217049,721
"KCAE20100810_121302",1202.33,"2010","08","10",0.514332652,879.55,0.158331362,1647.754485,0.539382019,10407,1.269850978,1643.187166,0.964062082,1294,1.533108945,322.78,0.053513566,556.969193,0.260851455,10408,0.879088506,552.0675819,0.634740149,628
"KCAE20100810_122241",1412.89,"2010","08","10",0.514075248,1114.33,0.202738137,2109.084834,0.647694145,10403,1.303207679,2104.680401,1.126583484,1615,1.542156453,298.56,0.048759926,507.3957907,0.23612214,10406,0.845922797,502.4781416,0.550635516,594
"KCAE20100810_123220",1378.15,"2010","08","10",0.523095936,1080.26,0.197959143,2058.973042,0.647463222,10401,1.318704135,2054.541043,1.149691599,1558,1.536471295,297.89,0.048336363,503.0365294,0.242881555,10407,0.902350234,498.0973292,0.585237735,552
"KCAE20100810_124159",1114.73,"2010","08","10",0.512963654,881.91,0.170527359,1774.507702,0.668436367,10406,1.379528738,1769.935371,1.399228612,1283,1.533783197,232.82,0.041097885,427.4590995,0.232728695,10401,0.876530754,422.4878234,0.661588075,482
"KCAE20100810_125138",1144.89,"2010","08","10",0.513573881,903.13,0.165901071,1726.03474,1.152630323,10404,1.508669801,1721.392242,3.177540582,1141,1.52726906,241.76,0.042534941,442.6185948,0.234962766,10406,0.95971882,437.6317818,0.617073656,456
"KCAE20100811_100526",1185.78,"2010","08","11",0.515235549,1181.72,0.157971168,1642.900151,0.937312199,10400,2.496976497,1638.016582,2.846056382,656,1.526611316,4.06,0.000501187,5.215354353,0,10406,NA,0,NA,0
"KCAE20100811_101504",354.73,"2010","08","11",0.524195751,350.67,0.058981223,613.8175876,0.492952437,10407,1.938723264,608.7591049,2.103295485,314,1.535305571,4.06,0.000501187,5.215354353,0,10406,NA,0,NA,0
"KCAE20100811_102443",1120.74,"2010","08","11",0.513765012,1115.96,0.168993544,1758.208832,1.04898555,10404,2.567110968,1753.336791,3.258930798,683,1.529457594,4.78,0.000634928,6.605787776,0.010017458,10404,0.696219086,1.392438172,0.275816691,2
"KCAE20100811_103421",8814.62,"2010","08","11",0.513360766,8809.47,1.384498046,14400.16417,2.837546334,10401,3.523494658,14396.99917,3.60017025,4086,1.52646948,5.15,0.000761371,7.918256502,0.019033769,10400,1.353455823,2.706911647,0.327301866,2
"KCAE20100811_104359",17709.35,"2010","08","11",0.519366124,17697.59,2.512613738,26143.74594,4.263651366,10405,4.455679488,26141.47156,4.856315098,5867,1.535429931,11.76,0.002514412,26.15239465,0.042505025,10401,0.635032891,20.95608541,0.416262853,33
"KCAE20100811_105339",20517.55,"2010","08","11",0.514830839,20320.66,2.637240413,27453.6727,4.645413483,10410,4.682939833,27451.3933,5.361421982,5862,1.542335815,196.89,0.045685904,475.3618361,0.245867,10405,0.809704256,470.4381727,0.681943131,581
"KCAE20100811_110318",14484.12,"2010","08","11",0.51459887,13823.37,1.803518902,18765.61418,3.803103353,10405,3.901603147,18762.80953,4.807404364,4809,1.525239166,660.75,0.130647127,1359.383352,0.404285735,10405,0.934410497,1354.89522,0.649930233,1450
"KCAE20100811_111256",12711.93,"2010","08","11",0.521477228,11844.82,1.479064311,15385.22697,3.105211451,10402,3.5565737,15382.18125,3.975463496,4325,1.53652529,867.11,0.155561833,1617.998622,0.480247928,10401,1.023842414,1613.575645,0.796135658,1576
"KCAE20100811_112236",10736.06,"2010","08","11",0.513552773,9865.22,1.200079391,12488.02614,2.523298573,10406,3.241947769,12484.74086,3.253798967,3851,1.526372503,870.84,0.152345202,1584.847141,0.494936415,10403,1.051488073,1580.386574,0.866517006,1503
"KCAE20100811_113215",10706.77,"2010","08","11",0.514014671,10152.36,1.162785663,12099.94761,2.635962437,10406,3.325970601,12096.55507,3.562034627,3637,1.527610798,554.41,0.091936072,956.3190254,0.363630194,10402,0.97002787,951.5973404,0.742399639,981
"KCAE20100811_114154",12065,"2010","08","11",0.522520729,11638.09,1.251326282,13016.29599,3.337020879,10402,3.779497016,13012.80823,4.908466761,3443,1.524857879,426.91,0.069960416,727.7282459,0.32904731,10402,0.982179035,722.8837701,0.797143628,736
"KCAE20100811_115133",8430.98,"2010","08","11",0.514551009,8111.4,0.931556376,9690.980975,2.294312409,10403,3.165784561,9687.300758,3.290180537,3060,1.541367054,319.58,0.050701712,527.5513106,0.257595607,10405,0.931582217,522.6176235,0.641213397,561
"KCAE20100811_120112",6599.75,"2010","08","11",0.515358377,6326.11,0.725168003,7543.922737,1.970620547,10403,2.794685356,7540.06109,3.031968427,2698,1.528879278,273.64,0.040949482,426.0793618,0.24324942,10405,1.019543581,421.0714989,0.703238128,413
"KCAE20100811_121051",6211.74,"2010","08","11",0.514226676,6017.97,0.692999234,7210.657033,1.822619417,10405,2.816226932,7206.724718,2.744151886,2559,1.540894294,193.77,0.030189415,314.0906745,0.191922584,10404,0.903648329,309.0477286,0.576663012,342
"KCAE20100811_122030",5723.26,"2010","08","11",0.513684244,5586.64,0.642054749,6678.653495,1.72829658,10402,2.690319867,6674.683591,2.648714436,2481,1.534314835,136.62,0.024323062,252.9355217,0.167408977,10399,0.820778259,247.8750343,0.559161398,302
"KCAE20100811_123008",5689.05,"2010","08","11",0.529885962,5504.75,0.629538176,6548.456102,1.929606375,10402,2.788418849,6544.419038,3.238251965,2347,1.541093923,184.3,0.032127876,334.1941648,0.209890467,10402,0.948572701,329.1547271,0.672999006,347
"KCAE20100811_123947",4094.08,"2010","08","11",0.512966045,3910.08,0.454039907,4722.923112,1.240544344,10402,2.243824898,4718.76376,1.896831906,2103,1.527989094,184,0.031674709,329.6070201,0.214065162,10406,0.919457747,324.5685848,0.732384404,353
"KCAE20100811_124926",2926.74,"2010","08","11",0.530869978,2732.42,0.349223906,3632.976295,1.032456,10403,2.034000315,3628.656562,1.670603518,1784,1.534768812,194.32,0.031977589,332.6628579,0.200293451,10403,0.900086372,327.6314393,0.605394777,364
"KCAE20100811_125905",3387.79,"2010","08","11",0.513311237,3237.8,0.425674853,4429.146845,1.346754679,10405,2.315483914,4424.88976,2.345749095,1911,1.526937999,149.99,0.02627456,273.2817008,0.185770546,10401,0.888146394,268.2202109,0.651780703,302
"KCAE20100812_100334",103.32,"2010","08","12",0.527407114,76.32,0.012185975,126.7706954,0.192740425,10403,1.899826885,121.5889206,1.57846062,64,0.890116315,27,0.004068763,42.35581835,0.128972382,10410,2.476398471,37.14597706,2.410149558,15
"KCAE20100812_100748",71.11,"2010","08","12",0.52734375,45.84,0.008291227,86.28679636,0.129715608,10407,1.655010184,81.09549899,0.930856971,49,0.890912255,25.27,0.004469112,46.51451765,0.136757877,10408,2.581636245,41.30617992,2.424966133,16
"KCAE20100812_101201",81.11,"2010","08","12",0.527351137,69.15,0.008494252,88.43365914,0.181238256,10411,2.37809544,83.2333404,2.063351031,35,0.887751774,11.96,0.00178029,18.53282072,0.050867964,10410,1.332047349,13.32047349,1.012186041,10
"KCAE20100812_101614",92.54,"2010","08","12",0.493845164,58.95,0.008168962,84.98987632,0.140713763,10404,1.855745939,79.79707539,1.181118882,43,0.884836712,33.59,0.004803839,49.96472901,0.098154147,10401,1.356618781,44.76841977,1.113830668,33
"KCAE20100812_102028",85.57,"2010","08","12",0.527384889,54.4,0.00775619,80.78072019,0.155876292,10415,1.889522566,75.58090264,1.685879823,40,0.885605282,31.17,0.0049055,51.06134598,0.146117578,10409,2.183572047,45.85501299,2.473201932,21
"KCAE20100812_102441",294.49,"2010","08","12",0.52734375,268.5,0.035468719,369.0874875,0.760092016,10406,4.1829395,363.9157365,7.235437932,87,0.889265391,25.99,0.00388389,40.41187884,0.080403037,10405,1.354232944,35.21005654,0.888367732,26
"KCAE20100812_102855",361.47,"2010","08","12",0.527487807,324.76,0.046868781,487.9040065,1.00278871,10410,3.017292734,482.7668374,7.537475483,160,0.886004532,36.71,0.00559577,58.27435035,0.098767636,10414,1.474250812,53.07302924,0.822189043,36
"KCAE20100812_103312",1110.06,"2010","08","12",0.52734375,1017.24,0.175980687,1831.079047,0.818737901,10405,2.254654513,1826.270155,1.982231151,810,0.889313712,92.82,0.012982339,135.1461494,0.278912419,10410,2.406589896,129.9558544,3.067602538,54
"KCAE20100812_103725",3895.51,"2010","08","12",0.527462467,3521.32,0.582716153,6066.657867,1.862228329,10411,3.316387405,6062.356177,3.269570428,1828,0.891489668,374.19,0.077106124,801.9807932,0.527831983,10401,1.929721392,796.9749351,1.857420312,413
"KCAE20100812_104139",8956.35,"2010","08","12",0.527076692,7356.35,1.148586555,11954.48887,2.858978359,10408,4.181492269,11950.70491,4.133884452,2858,0.89089532,1600,0.309758599,3222.418701,1.160156409,10403,2.521821603,3217.844365,2.32362904,1276
"KCAE20100812_104552",10525.11,"2010","08","12",0.52734375,8282.3,1.262978672,13141.29308,2.830174676,10405,4.175986955,13137.65496,3.78556279,3146,0.889647136,2242.81,0.41999117,4370.848106,1.424759359,10407,2.798983399,4366.414103,2.624420573,1560
"KCAE20100812_105005",13495.94,"2010","08","12",0.527351671,9089.27,1.308177661,13607.66403,2.890492151,10402,4.205277287,13604.07202,3.832135014,3235,0.885675028,4406.67,0.732502111,7620.951958,1.951169521,10404,3.213892582,7616.92542,2.956505619,2370
"KCAE20100812_105419",13803.07,"2010","08","12",0.52734375,9410.08,1.312538082,13664.83397,3.011837433,10411,4.395487067,13661.1738,4.103541028,3108,0.891246326,4392.99,0.705844569,7340.783515,1.913615957,10400,3.25785961,7336.699842,2.932672675,2252
"KCAE20100812_105834",15470.73,"2010","08","12",0.485373484,9269.35,1.242517159,12924.66349,2.894343749,10402,4.34025602,12920.94217,3.978708545,2977,0.887277138,6201.38,0.902735399,9396.572773,2.278544955,10409,3.551108338,9392.681555,3.32118875,2645
"KCAE20100812_110246",11744.94,"2010","08","12",0.527367512,7819.59,1.05346555,10959.20212,2.657847158,10403,4.156035433,10955.3094,3.871551963,2636,0.887441782,3925.35,0.597313989,6212.065486,1.652863168,10400,2.879375556,6207.933699,2.571050345,2156
"KCAE20100812_110702",12204.78,"2010","08","12",0.52734375,8064.46,1.060483906,11033.27456,2.792536521,10404,4.326927319,11029.33774,4.207284484,2549,0.893243588,4140.32,0.600015402,6243.760271,1.561483558,10406,2.745131595,6239.684115,2.296984858,2273
"KCAE20100812_111115",11021.73,"2010","08","12",0.527391269,7339.09,0.964313386,10032.71647,2.595466854,10404,4.118571873,10028.72251,3.974546007,2435,0.89076931,3682.64,0.537035647,5588.929983,1.48573213,10407,2.658147131,5584.767122,2.301813347,2101
"KCAE20100812_111528",10827.4,"2010","08","12",0.52734375,6637.68,0.857788713,8923.575986,2.369536802,10403,3.856256542,8919.521381,3.700669529,2313,0.888877302,4189.72,0.583056127,6063.200662,1.488522854,10399,2.736720164,6059.098444,2.124883128,2214
"KCAE20100812_111941",9988.18,"2010","08","12",0.527402873,6450.26,0.832062724,8658.444707,2.300882858,10406,3.759506119,8654.383085,3.59588804,2302,0.887941518,3537.92,0.499907392,5202.036324,1.324388964,10406,2.5429772,5197.845396,1.93291374,2044
"KCAE20100812_112353",9861.24,"2010","08","12",0.500354518,5805.88,0.755033872,7858.39254,2.014230781,10408,3.45548411,7854.315382,3.04133749,2273,0.892108339,4055.36,0.568242548,5906.881291,1.467699482,10395,2.656518941,5902.785087,2.128876567,2222
"KCAE20100812_112808",8827.78,"2010","08","12",0.52734375,4985.93,0.655168925,6815.067154,1.74784564,10402,3.19461648,6810.922336,2.606836655,2132,0.893072387,3841.85,0.543952284,5662.543274,1.473159345,10410,2.625710429,5658.405974,2.240466382,2155
"KCAE20100812_113222",9966.14,"2010","08","12",0.52734375,5286.72,0.710127212,7389.583772,2.021041795,10406,3.535383149,7385.415397,3.219138446,2089,0.893202406,4679.42,0.654736301,6816.459632,1.706625952,10411,2.968362526,6812.391997,2.519428292,2295
"KCAE20100812_113635",9743.84,"2010","08","12",0.527367491,5310.91,0.749882858,7807.780322,2.091763041,10412,3.53107221,7803.669584,3.286021481,2210,0.890067903,4432.93,0.635853277,6614.145789,1.655628311,10402,2.885238175,6610.080659,2.440935585,2291
"KCAE20100812_114048",9776.84,"2010","08","12",0.527357478,5282.3,0.75656617,7871.314437,1.969366341,10404,3.612117388,7867.191671,2.866256483,2178,0.888119789,4494.54,0.657954678,6844.044562,1.683154666,10402,2.948273262,6839.993967,2.439702416,2320
"KCAE20100812_114502",11008.27,"2010","08","12",0.52734375,6394.17,0.89967121,9354.781247,2.478859441,10398,3.881601188,9350.777262,3.866927984,2409,0.889118848,4614.1,0.668934501,6962.270289,1.706085394,10408,2.858781357,6958.273822,2.487705657,2434
"KCAE20100812_114915",10033.24,"2010","08","12",0.52734375,5636.38,0.806926464,8394.456006,2.113512405,10403,3.585647407,8390.414933,3.146262924,2340,0.891748798,4396.86,0.635632713,6613.758377,1.606430331,10405,2.801918535,6609.725824,2.305427437,2359
"KCAE20100812_115328",10186.13,"2010","08","12",0.527403401,6242.55,0.857824176,8926.51838,2.132482523,10406,3.563321884,8922.557998,3.043169378,2504,0.890990894,3943.58,0.576270631,5994.943371,1.482054839,10403,2.698577548,5990.842156,2.1372265,2220
"KCAE20100812_115742",11142.12,"2010","08","12",0.52734375,6634.19,0.942050749,9799.211895,2.32407318,10402,3.795153859,9795.29211,3.308188193,2581,0.897912196,4507.93,0.660937441,6877.715007,1.762696169,10406,2.926214109,6873.676942,2.671800441,2349
"KCAE20100812_120155",10053.55,"2010","08","12",0.527422963,6226.76,0.885666286,9212.700712,2.394239439,10402,3.806820891,9208.699734,3.67890372,2419,0.89425489,3826.79,0.549885577,5718.809996,1.527134114,10400,2.676659336,5714.667683,2.381235196,2135
"KCAE20100812_120620",10315.51,"2010","08","12",0.527415014,6537.72,0.928613619,9663.153318,2.436263333,10406,3.897974135,9659.179906,3.654415324,2478,0.891918126,3777.79,0.564720616,5874.788571,1.515665674,10403,2.70537433,5870.662296,2.285640716,2170
"KCAE20100812_121033",10003.15,"2010","08","12",0.52734375,6673.09,0.970338822,10095.4051,2.64619263,10404,3.979283028,10091.46176,4.093795494,2536,0.896826728,3330.06,0.479423856,4989.364074,1.254157771,10407,2.434167309,4985.17465,1.799010232,2048
"KCAE20100812_121447",9734.46,"2010","08","12",0.527388109,6329.22,0.914049359,9507.941428,2.346772811,10402,3.80007259,9503.981548,3.45582272,2501,0.888300617,3405.24,0.496200527,5160.485482,1.313437806,10400,2.439135594,5156.332645,1.936418376,2114
"KCAE20100812_121900",9303.91,"2010","08","12",0.52734375,6352.02,0.926754901,9637.324213,2.348253705,10399,3.804652991,9633.381373,3.420798082,2532,0.89716738,2951.89,0.433732176,4516.019417,1.12890383,10412,2.240223658,4511.810446,1.594716672,2014
"KCAE20100812_122313",8887.84,"2010","08","12",0.527570365,5613.92,0.817055678,8496.561993,2.092408412,10399,3.506426103,8492.564022,3.06125381,2422,0.893442413,3273.92,0.468388589,4873.583274,1.277470675,10405,2.355783442,4869.404374,1.941805829,2067
"KCAE20100812_122727",11009.53,"2010","08","12",0.487863052,6768.45,0.958280642,9974.7432,2.615645489,10409,3.741411635,9970.862006,4.039077551,2665,0.890996066,4241.08,0.608887688,6337.911947,1.729589909,10409,2.805060571,6333.82677,2.762785451,2258
"KCAE20100812_123140",9706.42,"2010","08","12",0.527375414,6767.72,0.926253804,9641.375848,2.338428768,10409,3.658875899,9637.479118,3.408037443,2634,0.888852974,2938.7,0.411448307,4280.708189,1.10865834,10404,2.158751484,4276.486689,1.638548551,1981
"KCAE20100812_123553",9460.02,"2010","08","12",0.52734375,6330.78,0.855034443,8897.488416,2.25603303,10406,3.509685505,8893.54307,3.404108583,2534,0.887799844,3129.24,0.43883864,4566.116052,1.246135071,10405,2.367341456,4561.866987,1.954860254,1927
"KCAE20100812_124007",8130.96,"2010","08","12",0.52778238,5765.7,0.797025353,8294.642848,1.953142121,10407,3.299119171,8290.686476,2.746995438,2513,0.890457577,2365.26,0.322837366,3358.477118,1.034695519,10403,2.231547939,3354.016552,1.775689927,1503
"KCAE20100812_124420",7951.08,"2010","08","12",0.527414994,5608.96,0.743194068,7735.90705,1.885501542,10409,3.189729814,7731.90507,2.732256237,2424,0.888189586,2342.12,0.32469135,3379.71226,0.991660465,10409,2.159487369,3375.278758,1.608957276,1563
"KCAE20100812_124834",7423.21,"2010","08","12",0.527449307,5306.28,0.701346708,7299.61654,1.842668632,10408,3.196995571,7295.543892,2.740569453,2282,0.894674701,2116.93,0.285841089,2976.749097,0.930827456,10414,2.133688361,2972.227887,1.592751186,1393
"KCAE20100812_125247",6710.49,"2010","08","12",0.527358534,4875.47,0.660896296,6875.965065,1.720400325,10404,2.968428061,6871.910961,2.540602653,2315,0.886638817,1835.02,0.253328255,2635.373842,0.814164243,10403,1.973614459,2630.828073,1.334030586,1333
"KCAE20100812_125702",4085.74,"2010","08","12",0.527565282,2725.51,0.493779068,3967.021036,1.326004207,8034,2.545777037,3963.774847,1.962414191,1557,0.888757014,1360.23,0.221362571,1936.037042,0.747240698,8746,1.883204558,1932.167876,1.277509309,1026
"KCAE20100813_100638",2523.88,"2010","08","13",0.52443166,2498.39,0.455024063,4734.525378,1.847778438,10405,2.724758402,4730.180586,3.779814753,1736,1.53476185,25.49,0.004400535,45.79196715,0.059324356,10406,0.712371587,40.60518046,0.375406278,57
"KCAE20100813_101616",2485.75,"2010","08","13",0.523506668,2429.19,0.46662408,4853.823684,2.697534702,10402,3.365255062,4849.332545,6.542094288,1441,1.533992319,56.56,0.011112081,115.6656527,0.097584612,10409,0.703996696,110.5274812,0.380490403,157
"KCAE20100813_102555",3700.5,"2010","08","13",0.518722043,3376.9,0.629920611,6554.323954,7.384848711,10405,5.598030333,6549.69549,21.39001455,1170,1.534578191,323.6,0.042097858,437.9440194,1.0589295,10403,1.69748224,432.8579713,6.565166196,255
"KCAE20100813_103533",3240.9,"2010","08","13",0.523713669,3052.69,0.467715759,4866.58247,4.408609985,10405,3.061815807,4862.163502,10.93025452,1588,1.535323253,188.21,0.029297738,304.8429669,0.42676468,10405,1.521456079,299.7268476,2.717824836,197
"KCAE20100813_104511",15700.17,"2010","08","13",0.5192838,11987.43,1.672246553,17396.38089,15.41099936,10403,4.750888251,17393.00189,25.6974962,3661,1.535626635,3712.74,0.388481604,4040.985644,13.40129,10402,22.54671512,4035.862007,99.95891226,179
"KCAE20100813_105449",19957.6,"2010","08","13",0.524127389,15375.32,1.893855504,19697.9911,23.89087156,10401,6.183477089,19694.37453,42.86963253,3185,1.534663205,4582.28,0.483000416,5024.653325,12.55740692,10403,27.28006355,5019.531693,90.70968564,184
"KCAE20100813_110427",27717.39,"2010","08","13",0.498380467,18421.15,2.232801534,23187.64393,23.17840578,10385,7.532157815,23183.98176,42.10820873,3078,1.500950245,9296.24,0.953171604,9903.452966,23.76527388,10390,60.35565747,9898.327825,179.9728108,164
"KCAE20100813_111013",40006.4,"2010","08","13",0.527860586,23946.96,2.755408968,28612.16672,28.32449543,10384,8.965390688,28608.56168,50.55303495,3191,1.47862607,16059.44,1.605359178,16687.70865,26.19552832,10395,75.83004123,16682.60907,164.0549095,220
"KCAE20100813_111558",35594.74,"2010","08","13",0.531874091,28958.88,3.239620538,33675.85549,32.33584587,10395,10.83055769,33672.20384,58.4342205,3109,1.477073372,6635.86,0.682320642,7097.499314,14.70132998,10402,36.55867626,7092.383195,101.6321067,194
"KCAE20100813_112143",39902.61,"2010","08","13",0.530249658,29603.21,3.292955068,34230.26793,31.32310872,10395,10.9245542,34226.62831,56.32630345,3133,1.478663011,10299.4,0.954319705,9925.879247,17.4773724,10401,57.01582532,9920.753605,123.0771501,174
"KCAE20100813_112728",48224.7,"2010","08","13",0.531769078,27099.02,2.968220421,30813.09619,29.012952,10381,9.700719502,30809.48514,51.83245342,3176,1.478086164,21125.68,1.938739166,20145.43868,29.59584831,10391,96.36524205,20140.33559,186.0388886,209
"KCAE20100813_113313",54759.32,"2010","08","13",0.531057021,33229.66,3.454272024,35851.88934,37.61957149,10379,12.52992709,35848.12141,70.86367089,2861,1.477910461,21529.66,1.93571824,20086.94817,34.05405423,10377,100.409238,20081.84759,224.7869444,200
"KCAE20100813_113859",63609.51,"2010","08","13",0.523426959,34336.41,3.488916745,36120.75507,39.21932989,10353,11.22348636,36117.17909,69.73383132,3218,1.463229357,29273.1,2.51948677,26190.06497,36.70022466,10395,115.862692,26184.9684,221.4283998,226
"KCAE20100813_114444",56104.64,"2010","08","13",0.5320059,43449.8,4.086640864,42411.15889,41.10603607,10378,14.93217639,42407.38094,77.55093755,2840,1.476700741,12654.84,1.162330504,12073.12695,23.77713139,10387,58.29963701,12068.02486,158.6076726,207
"KCAE20100813_115029",53559.66,"2010","08","13",0.529868094,32605.59,3.205422097,33237.02172,36.41196293,10369,12.72812467,33233.13351,71.7321526,2611,1.478626685,20954.07,1.960733755,20346.53418,32.71184831,10377,84.05559771,20341.45465,197.8418377,242
"KCAE20100813_115614",67046.01,"2010","08","13",0.532138982,38498.79,3.832042764,39630.98627,41.50426148,10342,14.97058165,39627.12963,81.02720989,2647,1.474911643,28547.22,2.65133997,27550.07362,33.90990236,10391,79.60993988,27545.0392,168.776108,346
"KCAE20100813_120159",83414.94,"2010","08","13",0.531857093,57515.25,5.487262225,56727.31688,53.2101755,10338,21.65843765,56723.44821,104.0621104,2619,1.47672013,25899.69,2.374787788,24579.05361,33.43005803,10350,79.78578145,24574.02069,177.4175212,308
"KCAE20100813_120744",107891.03,"2010","08","13",0.528258477,52553.29,5.153396737,53043.91262,47.97310432,10293,19.5647778,53040.11261,91.9687095,2711,1.47844731,55337.74,5.741045481,59448.52595,59.17902895,10355,158.5160643,59443.52411,269.5801926,375
"KCAE20100813_121328",95824.76,"2010","08","13",0.532325848,60750.9,6.329936732,65179.35853,58.95538227,10297,25.38974848,65175.48436,116.0266808,2567,1.475287733,35073.86,3.486650476,36079.85912,42.52907367,10348,99.37976521,36074.85477,205.2860483,363
"KCAE20100813_121914",106048.63,"2010","08","13",0.52962022,68542.65,6.845129004,70545.89951,61.58079347,10306,27.69611732,70542.0108,121.5372155,2547,1.477082626,37505.98,3.671066076,38065.28415,44.86558716,10369,99.11531196,38060.27979,212.1464817,384
"KCAE20100813_122459",101980.14,"2010","08","13",0.5319292,65771.88,6.439278652,66401.84146,57.49255233,10312,26.56979819,66397.92569,114.4928484,2499,1.478033739,36208.26,3.583355754,37137.89903,40.22750843,10364,97.2065345,37132.89618,186.7913073,382
"KCAE20100813_123045",103051.4,"2010","08","13",0.531974083,69995.36,6.946773313,71690.70059,61.36711466,10320,29.40391724,71686.75023,123.6344446,2438,1.462233331,33056.04,3.032378057,31439.69569,35.52715546,10368,82.28976659,31434.69084,166.7474164,382
"KCAE20100813_123629",92379.92,"2010","08","13",0.532407237,56833.98,5.48483573,56587.05023,50.30083669,10317,22.11143494,56583.16202,99.17665848,2559,1.470705317,35545.94,3.234594771,33503.93264,38.35411794,10358,90.53763995,33498.92678,182.6558227,370
"KCAE20100813_124214",81896.97,"2010","08","13",0.525123347,50244.9,4.956278082,51069.48936,49.64279713,10304,22.06805742,51065.48487,102.9545944,2314,1.476270633,31652.07,3.153469416,32714.09173,35.52024662,10374,80.7631985,32709.09539,161.5898772,405
"KCAE20100813_124759",83792.1,"2010","08","13",0.521835715,56022.09,5.661055906,58552.30124,51.68030666,10343,23.60820984,58548.3604,103.5303007,2480,1.47948777,27770.01,2.47938556,25693.87256,36.03389541,10363,65.03513094,25688.87672,173.4062862,395
"KCAE20100813_125345",68714.66,"2010","08","13",0.532044958,34214,3.507504862,36225.51021,38.10131709,10328,16.40463794,36221.44057,81.12450075,2208,1.476238805,34500.66,3.140624055,32543.14646,40.63279783,10362,92.17600588,32538.13008,200.9157534,353
"KCAE20100813_125930",67110.31,"2010","08","13",0.532064239,51506.68,5.146594596,53236.3745,53.766806,10344,26.8172217,53232.18507,120.3713785,1985,1.470032856,15603.63,1.709523516,17738.016,28.53731009,10376,54.39564131,17732.97907,152.0617206,326
"KCAE20100814_100217",3544.06,"2010","08","14",0.527351145,3342.37,0.638824742,6643.777314,3.912085403,10400,4.207449836,6639.355841,9.268079315,1578,0.889499794,201.69,0.043536436,452.9966132,0.434892389,10405,1.93059498,447.8980355,2.204612037,232
"KCAE20100814_100630",2352.21,"2010","08","14",0.527350609,2233.63,0.411534928,4284.901675,2.955037178,10412,3.791186141,4280.249154,8.232415329,1129,0.891527109,118.58,0.024170907,251.3290918,0.236596763,10398,1.529182845,246.1984381,1.149982099,161
"KCAE20100814_101044",2836.25,"2010","08","14",0.52734375,2615.19,0.44206401,4599.676023,3.066161609,10405,4.041364133,4595.03102,8.45840952,1137,0.891112167,221.06,0.040169501,418.1243395,0.367304873,10409,1.713810239,413.0282677,1.723748779,241
"KCAE20100814_101458",1605.09,"2010","08","14",0.527391296,1574.56,0.268442834,2791.268592,1.575121035,10398,3.266687877,2786.484759,4.524547018,853,0.891812334,30.53,0.005871246,61.0844411,0.100309693,10404,1.363186288,55.8906378,0.849147097,41
"KCAE20100814_101912",1253.95,"2010","08","14",0.52734375,1111.23,0.168498014,1752.210852,1.498068844,10399,3.662972897,1747.238072,6.016513369,477,0.891088168,142.72,0.0233857,243.2580543,0.308653183,10402,2.289392579,238.0968282,2.093584548,104
"KCAE20100814_102326",961.77,"2010","08","14",0.527550601,936.69,0.14899256,1551.012545,1.160965594,10410,3.537789942,1546.014205,4.490379992,437,0.890516298,25.08,0.004429612,46.11225827,0.098531712,10410,1.573381924,40.90793003,1.214802252,26
"KCAE20100814_102740",3455.23,"2010","08","14",0.52734375,3294.54,0.551017029,5733.883207,10.83272688,10406,13.04985848,5728.887874,51.22704261,439,0.890363059,160.69,0.03243154,337.3853124,0.983977845,10403,6.779510607,332.1960197,12.77216886,49
"KCAE20100814_103155",2790.92,"2010","08","14",0.527379213,2719.03,0.514630263,4782.973662,5.3912764,9294,9.595512488,4778.565219,21.35819488,498,0.899504955,71.89,0.013233464,137.6147901,0.209893764,10399,2.102135219,132.4345188,1.711023207,63
"KCAE20100814_103609",5220.38,"2010","08","14",0.527542877,5002.13,0.901633361,9376.986953,11.07970506,10400,11.52789923,9372.182071,38.0722812,813,0.888491729,218.25,0.044292429,461.3056435,0.551484771,10415,2.94299008,456.1634625,3.461487395,155
"KCAE20100814_104023",13677.96,"2010","08","14",0.527399151,13375.26,2.068852568,21538.82409,18.87193624,10411,14.38500769,21534.35651,47.96883757,1497,0.890259141,302.7,0.050065297,520.6790909,0.683121256,10400,3.182394667,515.547936,4.484708383,162
"KCAE20100814_104438",15841.4,"2010","08","14",0.527523757,14509.62,2.475550951,20774.82358,19.04791116,8392,11.27662367,20771.54081,39.42583163,1842,0.88607539,1331.78,0.210535308,2050.824439,3.383033366,9741,5.077281271,2046.144352,15.89113993,403
"KCAE20100814_104854",15612.94,"2010","08","14",0.527851144,15126.72,2.056769113,21398.62585,12.72098054,10404,7.342097445,21394.87196,23.21837008,2914,0.892133641,486.22,0.07705081,802.098937,0.649000527,10410,2.344270534,797.0519815,2.757442433,340
"KCAE20100814_105309",20742.69,"2010","08","14",0.527364334,19146.03,2.509856297,26122.58434,7.841274251,10408,7.207280433,26119.18429,11.94795152,3624,0.887950054,1596.66,0.220568869,2293.475104,1.810095823,10398,2.882445468,2288.661702,5.939389382,794
"KCAE20100814_105722",20065.98,"2010","08","14",0.527557523,19044.41,2.436413338,25355.75361,6.916711142,10407,6.146086097,25352.60515,9.895062077,4125,0.890807841,1021.57,0.142350126,1480.583656,0.865198451,10401,2.391701848,1475.68004,2.692728023,617
"KCAE20100814_110137",21118.75,"2010","08","14",0.527351674,18283.53,2.451167209,25487.23664,6.928746941,10398,5.890936993,25484.19343,9.753991709,4326,0.892098395,2835.22,0.381899879,3974.432036,1.694304928,10407,2.971471382,3969.885766,3.831039647,1336
"KCAE20100814_110551",21678.03,"2010","08","14",0.52734375,18970,2.521261633,26236.24856,12.90539396,10406,6.559899338,26233.03745,20.17312958,3999,0.889851904,2708.03,0.367205235,3818.567241,1.938948505,10399,3.351428599,3813.925746,4.936857081,1138
"KCAE20100814_111005",18731.2,"2010","08","14",0.527368023,14871.78,1.941766398,20213.78821,6.641869352,10410,5.852968852,20210.30145,10.4939876,3453,0.894799734,3859.42,0.531541665,5530.691023,2.358643198,10405,3.733931032,5526.217927,5.212507913,1480
"KCAE20100814_111419",16152.12,"2010","08","14",0.52734375,13398,1.693226763,17607.8651,5.048378179,10399,5.503049877,17604.25656,7.867367229,3199,0.889035376,2754.12,0.387528412,4033.008185,1.594330623,10407,2.763047366,4028.52306,3.404023996,1458
"KCAE20100814_111834",15531.74,"2010","08","14",0.497354557,12986.2,1.640583025,17078.46929,4.9264178,10410,5.592788094,17074.78205,7.788681715,3053,0.878406344,2545.54,0.355906801,3703.566168,1.429668757,10406,2.880836712,3698.994338,3.049251701,1284
"KCAE20100814_112248",16866.04,"2010","08","14",0.52734375,12607.41,1.596391876,16610.45747,4.761382273,10405,5.722500711,16606.69706,7.595231562,2902,0.886967359,4258.63,0.574854076,5983.656079,2.514230522,10409,3.672761151,5979.255154,5.390242208,1628
"KCAE20100814_112711",12074.43,"2010","08","14",0.52734375,10285.98,1.37685414,14328.92104,4.344753532,10407,5.024599814,14325.13407,7.112716893,2851,0.888002571,1788.45,0.250926528,2610.890526,1.127902213,10405,2.577826284,2606.182373,2.664850405,1011
"KCAE20100814_113125",10448.22,"2010","08","14",0.527359588,8878.46,1.183568232,12315.02745,3.736201745,10405,4.773596417,12311.10516,6.260413476,2579,0.893975221,1569.76,0.218765097,2275.594541,0.947178231,10402,2.353227811,2270.864837,2.157005812,965
"KCAE20100814_113539",9264.03,"2010","08","14",0.52734375,6981.91,0.965233723,10040.36119,3.738955766,10402,4.47648149,10036.2715,7.011430318,2242,0.890626865,2282.12,0.316385894,3292.311609,1.410465223,10406,2.683845068,3287.710209,3.248650698,1225
"KCAE20100814_113953",7142.75,"2010","08","14",0.527411332,6024.6,0.803178525,8356.269379,2.630833752,10404,4.098172937,8352.076446,4.673191018,2038,0.92013507,1118.15,0.169420033,1762.984865,0.834324368,10406,2.225525884,1758.165448,2.144563286,790
"KCAE20100814_114407",7793.38,"2010","08","14",0.52734375,6234.56,0.811078708,8442.518275,3.004277403,10409,4.016351457,8438.354412,5.644021421,2101,0.890534239,1558.82,0.226893265,2361.958888,1.145831854,10410,2.556619983,2357.203624,2.979432082,922
"KCAE20100814_114821",7974.55,"2010","08","14",0.527827385,6751.75,0.816314585,8492.936938,2.670863979,10404,4.092942164,8488.762048,4.731010705,2074,0.891478272,1222.8,0.154258294,1604.749034,0.896056906,10403,2.446273638,1599.862959,2.678767294,654
"KCAE20100814_115235",7995.45,"2010","08","14",0.527525783,6549.92,0.755643755,7867.007133,2.477476264,10411,3.894403749,7862.80117,4.408476333,2019,0.892164719,1445.53,0.177775904,1849.402728,0.901693128,10403,2.377033246,1844.577799,2.383141149,776
"KCAE20100814_115650",7019.86,"2010","08","14",0.527367498,6063.01,0.698374334,7269.378443,2.291649914,10409,3.556135835,7265.185511,4.074479769,2043,0.890063118,956.85,0.125134505,1301.899385,0.660803597,10404,2.205747842,1296.979731,1.772729395,588
"KCAE20100814_120104",5837.17,"2010","08","14",0.527462535,4962.59,0.586894552,6106.637814,2.006732177,10405,3.471162712,6102.304048,3.718808647,1758,0.895313929,874.58,0.114477191,1190.90622,0.641023337,10403,2.140740122,1185.970027,1.839771038,554
"KCAE20100814_120518",6369.58,"2010","08","14",0.52734375,5844.2,0.67192031,6993.346586,2.377017158,10408,3.672666311,6989.083989,4.459900645,1903,0.8894243,525.38,0.070887772,737.5872675,0.470455853,10405,1.927797014,732.5628655,1.577174584,380
"KCAE20100814_120932",4649.92,"2010","08","14",0.527430817,3978.19,0.499815062,5203.074792,1.748166855,10410,3.11672267,5198.693413,3.304983476,1668,0.892142879,671.73,0.092905565,966.1249737,0.545304193,10399,2.023476193,961.1511916,1.615329992,475
"KCAE20100814_121347",5416.86,"2010","08","14",0.52734375,4454.18,0.521986939,5431.796088,1.84114394,10406,3.275444297,5427.411201,3.503718254,1657,0.889747952,962.68,0.129266461,1345.276057,0.67962432,10407,2.012603593,1340.393993,1.852709475,666
"KCAE20100814_121802",5065.08,"2010","08","14",0.527394446,4314.23,0.483437493,5028.716804,1.816347957,10402,3.241471158,5024.280294,3.634277885,1550,0.890486905,750.85,0.087666819,911.5595881,0.585494988,10398,2.243937433,906.5507229,1.998637915,404
"KCAE20100814_122216",5529.29,"2010","08","14",0.527367512,4763.94,0.52274895,5438.157328,1.918455267,10403,3.331551756,5433.760914,3.758359878,1631,0.891778197,765.35,0.096813892,1007.154922,0.568801227,10403,1.996399735,1002.192667,1.70834297,502
"KCAE20100814_122630",5352.19,"2010","08","14",0.52765585,4611.81,0.485354585,5048.658393,1.866245159,10402,3.273340281,5044.217373,3.793731037,1541,0.89064131,740.38,0.086932652,903.7518516,0.716508227,10396,2.428991752,898.7269484,2.959615157,370
"KCAE20100814_123044",6170.81,"2010","08","14",0.527594591,5384.89,0.568873946,5917.426789,2.141812669,10402,3.476229253,5913.065959,4.237385567,1701,0.895058328,785.92,0.097722613,1016.510623,0.561163037,10402,2.102990321,1011.538344,1.612060185,481
"KCAE20100814_123459",6675.53,"2010","08","14",0.52734375,5862.3,0.632470063,6583.380881,2.113118847,10409,3.453605661,6579.118785,3.829113004,1905,0.889851411,813.23,0.095680444,995.8420663,0.610076517,10408,2.33138521,990.8387142,1.977866706,425
"KCAE20100814_123914",7941.3,"2010","08","14",0.527560731,7026.58,0.771922107,8031.849525,2.664089906,10405,3.857605787,8027.677643,4.857262316,2081,0.894799622,914.72,0.105209079,1094.490051,0.637006396,10403,2.265108671,1089.517271,1.972818777,481
"KCAE20100814_124328",9123.39,"2010","08","14",0.527415042,8122.68,0.907636041,9441.230096,2.814988236,10402,3.811493411,9437.257686,4.714830612,2476,0.891983276,1000.71,0.114528505,1191.325509,0.736477511,10402,2.513450678,1186.34872,2.43649819,472
"KCAE20100814_124743",10753.04,"2010","08","14",0.527606763,9395.62,1.042894211,10847.14269,3.097446641,10401,3.976273038,10843.29657,4.993610731,2727,0.893226582,1357.42,0.144066639,1499.445575,0.774765193,10408,2.44604819,1494.535444,2.145230781,611
"KCAE20100814_125158",11156.72,"2010","08","14",0.52734375,9696.99,1.080095762,11244.87698,2.833030484,10411,3.908588502,11241.10053,4.243050926,2876,0.891079347,1459.73,0.165484303,1720.374819,0.891769064,10396,2.571962171,1715.498768,2.492975067,667
"KCAE20100814_125612",10809.77,"2010","08","14",0.527572764,9401.07,1.079230479,11234.78928,2.939043794,10410,3.996790128,11230.98026,4.510569507,2810,0.890206955,1408.7,0.166186595,1730.667205,1.086757501,10414,2.857202912,1725.750559,3.562980066,604
"KCAE20100815_100159",112277.9,"2010","08","15",0.527836339,66614.95,5.37694275,55764.27326,58.07596039,10371,148.691369,55759.26339,268.61217,375,0.890408587,45662.95,3.752648742,38990.02043,42.37539186,10390,169.4996885,38984.92837,230.7538255,230
"KCAE20100815_100612",98097.7,"2010","08","15",0.52734375,58597.52,4.774227587,49585.12772,53.42552485,10386,120.6329158,49580.12837,241.4261624,411,0.887685376,39500.18,3.253936685,33818.16397,36.9029615,10393,132.0823572,33813.08343,195.9997286,256
"KCAE20100815_101024",91147.9,"2010","08","15",0.527395522,43435.48,3.560639946,37023.53416,38.10200989,10398,77.12200705,37018.56339,160.7060564,480,0.890392725,47712.42,3.888909331,40448.54595,43.80218122,10401,167.8151614,40443.45389,235.6200968,241
"KCAE20100815_101439",91351.41,"2010","08","15",0.527351674,45807.42,3.682645271,38292.14553,44.53518458,10398,88.01644184,38287.1522,200.1862443,435,0.885824879,45543.99,3.616490395,37600.65064,44.97497531,10397,154.7142452,37595.56158,251.8354594,243
"KCAE20100815_101851",109440.4,"2010","08","15",0.527554741,56038.12,4.404110583,45749.90074,51.37068107,10388,143.8517415,45744.85378,257.5776011,318,0.87573982,53402.28,4.179117056,43441.9218,47.79371507,10395,181.7440659,43436.83174,259.5207664,239
"KCAE20100815_102303",111786.87,"2010","08","15",0.527388199,59932.17,4.673366108,48514.21357,49.12383741,10381,151.1189147,48509.17163,236.8054506,321,0.892549334,51854.7,4.056427389,42170.61914,45.7021546,10396,164.0682397,42165.5376,241.778382,257
"KCAE20100815_102716",113395.07,"2010","08","15",0.52734375,61374.52,4.806754022,49884.49324,52.97818962,10378,163.0047232,49879.44529,263.8566716,306,0.890187978,52020.55,4.158999684,43232.80172,47.42808256,10395,184.7337998,43227.70915,258.5423738,234
"KCAE20100815_103129",113372.31,"2010","08","15",0.527350632,56963.17,4.575411585,47474.47061,47.3477932,10376,97.87528529,47469.51337,197.2430767,485,0.891011301,56409.14,4.558528143,47363.1074,49.53199085,10390,167.936317,47358.0414,251.3404054,282
"KCAE20100815_103542",95596.25,"2010","08","15",0.527371266,48266.19,3.980545576,41322.04362,40.7421121,10381,37.05596379,41317.39962,119.3316015,1115,0.875809507,47330.06,3.83460347,39853.03386,44.04268276,10393,95.78854211,39848.03352,199.3592126,416
"KCAE20100815_103955",93913.56,"2010","08","15",0.527617034,59401.61,5.148890238,53507.26735,47.74207256,10392,25.2135356,53503.12254,103.2493389,2122,0.888402459,34511.95,2.832784783,29469.46009,30.11685849,10403,46.25520486,29464.5655,113.238956,637
"KCAE20100815_104407",69773.41,"2010","08","15",0.527391296,43023.11,3.916065926,40719.2535,30.28047013,10398,14.08353202,40715.49108,56.1729968,2891,0.88629033,26750.3,2.236132316,23255.77608,22.39248876,10400,21.97645935,23251.09399,67.07378698,1058
"KCAE20100815_104820",68752.19,"2010","08","15",0.52748632,46527.51,4.477989081,46584.52041,31.70435902,10403,11.73036937,46581.29677,50.48363042,3971,0.872984238,22224.68,1.955305543,20337.13296,19.58482714,10401,10.3160365,20332.90795,44.02981806,1971
"KCAE20100815_105234",66260.23,"2010","08","15",0.52736753,45094.05,4.670669177,48551.60609,30.54094101,10395,10.08282647,48548.80947,44.2644102,4815,0.894219885,21166.18,2.015481995,20948.91986,20.627561,10394,7.683447084,20945.07675,39.73986302,2726
"KCAE20100815_105647",63521.88,"2010","08","15",0.52734375,41974.91,5.265232161,44875.57371,38.13599897,8523,10.05456843,44873.53889,52.24477908,4463,0.878729922,21546.97,2.492144792,21816.23551,24.31736077,8754,7.595155825,21813.28753,42.00081564,2872
"KCAE20100815_110101",68003.25,"2010","08","15",0.52734375,41581.02,4.586347966,47597.1192,29.29244027,10378,8.416401784,47594.75209,39.27552873,5655,0.892387791,26422.23,2.592740522,26969.68691,27.71429102,10402,7.39207837,26966.30189,46.42234228,3648
"KCAE20100815_110515",70743.97,"2010","08","15",0.52734375,45392.67,4.89501091,50849.37334,31.22704259,10388,8.315164638,50847.23176,40.35085258,6115,0.876839049,25351.3,2.610334342,27142.25649,24.81924122,10398,6.545856987,27139.12307,38.97881891,4146
"KCAE20100815_110928",71171.09,"2010","08","15",0.527415117,46899.11,5.029650063,52263.0938,27.69744231,10391,8.262617546,52261.05598,35.12362485,6325,0.878846048,24271.98,2.575315874,26788.43572,23.79993611,10402,6.1575638,26785.40253,36.50507534,4350
"KCAE20100815_111341",76762.01,"2010","08","15",0.52734375,46956.23,5.019899293,52146.71386,26.57728551,10388,7.916321368,52144.80885,33.03150614,6587,0.891002607,29805.78,3.11026839,32384.11447,26.12508017,10412,6.209301976,32381.5098,36.65473137,5215
"KCAE20100815_111754",71153.18,"2010","08","15",0.527411384,45794.89,4.830774875,50220.7356,24.14111085,10396,7.672850348,50218.80553,30.0656864,6545,0.88678917,25358.29,2.615281066,27196.3078,22.84853853,10399,6.120486773,27193.32273,34.64954447,4443
"KCAE20100815_112208",72752.11,"2010","08","15",0.52734375,46164.61,4.757201761,49432.0835,24.63537523,10391,7.692202971,49430.09629,30.96537757,6426,0.88858848,26587.5,2.754739234,28649.28804,23.64407616,10400,5.748860748,28646.57311,33.90696597,4983
"KCAE20100815_112621",71046.84,"2010","08","15",0.527998063,39808.77,4.182518369,43435.45326,21.4105524,10385,6.926071022,43433.39138,27.20644239,6271,0.873860904,31238.07,3.007414237,31283.1229,30.03253887,10402,6.534428396,31280.30873,44.01235341,4787
"KCAE20100815_113035",68110.57,"2010","08","15",0.527639406,44234.04,4.369497816,45381.60432,30.06696871,10386,7.25724179,45379.53291,38.47966318,6253,0.890887636,23876.53,2.401891537,24967.66253,20.18314118,10395,5.280207762,24964.8223,29.67364111,4728
"KCAE20100815_113447",73331.3,"2010","08","15",0.52734375,47106.87,4.485894219,46590.49736,33.2188434,10386,7.737636552,46588.30968,43.34110333,6021,0.887126959,26224.43,2.445702928,25405.96201,28.69387425,10388,6.266104463,25402.78749,45.67387552,4054
"KCAE20100815_113902",83221.47,"2010","08","15",0.527350636,47297.18,4.404961133,45679.44695,33.99907512,10370,7.865879117,45677.16003,45.13507315,5807,0.891241155,35924.29,3.205769466,33311.15052,36.5964229,10391,7.679989932,33308.11633,56.34609431,4337
"KCAE20100815_114315",76126.09,"2010","08","15",0.527358575,44700.32,4.108483028,42625.51142,34.82115105,10375,7.439899268,42623.1829,46.5961104,5729,0.891860057,31425.77,2.744976093,28479.12697,32.00358914,10375,7.599627729,28475.8051,52.91080876,3747
"KCAE20100815_114729",75700.03,"2010","08","15",0.527367567,41903.8,3.803835925,39480.01306,31.8163451,10379,7.383110359,39477.49109,44.03037065,5347,0.891493319,33796.23,2.911523134,30253.63688,31.75126536,10391,7.770454705,30250.38017,51.51265119,3893
"KCAE20100815_115142",78344.8,"2010","08","15",0.52734375,48961.53,4.262928029,44317.39979,33.55068391,10396,8.377096547,44314.84073,46.66776166,5290,0.890733983,29383.27,2.537135568,26386.20991,27.14040187,10400,7.752777873,26382.7031,47.02284163,3403
"KCAE20100815_115555",76025.47,"2010","08","15",0.527714895,48834.23,4.188552555,43519.06104,36.47919719,10390,8.860988605,43516.31504,52.67132314,4911,0.892884235,27191.24,2.352745673,24442.6748,29.91151856,10389,7.370063299,24439.1299,52.5991761,3316
"KCAE20100815_120008",87028.07,"2010","08","15",0.52734375,44351.29,3.810999209,39607.71478,35.85783615,10393,8.568762965,39604.82242,53.39269183,4622,0.890966477,42676.78,3.520100182,36587.92129,41.223196,10394,10.26213147,36584.49868,69.90197239,3565
"KCAE20100815_120422",76535.46,"2010","08","15",0.527581801,39855.73,3.358961161,34879.4527,32.61231266,10384,8.667063903,34876.26515,51.95137663,4024,0.889818068,36679.73,2.946244418,30626.21073,36.3428984,10395,10.99152807,30622.39719,69.57709046,2786
"KCAE20100815_120836",76372.47,"2010","08","15",0.527359622,42078.62,3.534357214,36697.23095,35.34389402,10383,9.44990297,36693.97323,57.31419138,3883,0.889315658,34293.85,2.827151383,29368.44857,34.29898857,10388,9.694539562,29364.76033,62.99921412,3029
"KCAE20100815_121248",70733.61,"2010","08","15",0.527509665,36053.59,3.016989494,31364.62278,29.19132515,10396,9.137859124,31361.13251,50.25722376,3432,0.874874124,34680.02,2.817480495,29279.2573,34.43811039,10392,10.98925831,29275.38413,67.36367293,2664
"KCAE20100815_121702",78628.34,"2010","08","15",0.527565547,44395.91,3.631647969,37776.40217,37.79563036,10402,11.75989995,37772.79864,67.31703899,3212,0.894308247,34232.43,2.786906776,28969.89593,34.12401983,10395,11.67039889,28965.93004,69.09903439,2482
"KCAE20100815_122115",77506.91,"2010","08","15",0.52734375,42485.34,3.485318066,36250.79321,39.45506725,10401,11.97064001,36247.09795,72.43499262,3028,0.892304881,35021.57,2.835039033,29490.07602,36.39126082,10402,14.38336103,29485.89011,80.9707809,2050
"KCAE20100815_122529",46702.11,"2010","08","15",0.527581298,26876.9,2.258942768,23506.55844,23.84141351,10406,8.643878563,23502.70581,46.05193776,2719,0.893326862,19825.21,1.681891768,17491.67438,22.87026047,10400,8.280076015,17487.52054,50.21887536,2112
"KCAE20100815_122942",42466.56,"2010","08","15",0.527375423,26466.91,2.217668297,23077.0563,25.9736658,10406,9.277477843,23073.08739,52.5176905,2487,0.891545015,15999.65,1.380583768,14364.97411,16.81934573,10405,6.624006378,14360.84583,36.37913302,2168
"KCAE20100815_123355",27238.97,"2010","08","15",0.52759754,15528.84,1.352788783,14083.88402,12.61950995,10411,6.437934274,14079.76226,26.93747276,2187,0.893286222,11710.13,1.032144087,10742.55565,11.10799654,10408,5.742393859,10738.27652,25.69024719,1870
"KCAE20100815_123809",20206.59,"2010","08","15",0.52734375,11996.29,1.069632585,11127.38778,9.202683508,10403,5.222179089,11123.24146,19.8011916,2130,0.887399571,8210.3,0.766132326,7974.671384,5.755343565,10409,3.967377507,7970.461412,12.60893175,2009
"KCAE20100815_124223",15388.03,"2010","08","15",0.527563455,9266.35,0.845482605,8793.864574,6.027457346,10401,4.653043128,8789.598468,13.5055543,1889,0.875706656,6121.68,0.582693686,6062.345109,4.103036285,10404,3.481610818,6058.002823,9.519038,1740
"KCAE20100815_124636",16940.34,"2010","08","15",0.527486292,8333.05,0.751335497,7817.645848,8.16174945,10405,4.46474747,7813.308073,19.48512333,1750,0.890430441,8607.29,0.754883418,7856.071729,13.38796975,10407,4.770158462,7851.680828,33.38660448,1646
"KCAE20100815_125049",18108.16,"2010","08","15",0.52734375,9680.39,0.829250395,8625.033357,9.420889995,10401,5.777860778,8620.56828,24.29939592,1492,0.890123308,8427.77,0.719134542,7481.875775,13.62608979,10404,5.438073131,7477.350555,37.14959005,1375
"KCAE20100815_125503",25654.7,"2010","08","15",0.527441965,12437.55,1.018616908,10596.67169,15.3650325,10403,7.892794662,10592.13044,42.15433216,1342,0.891481078,13217.15,1.065256984,11073.34635,21.07371032,10395,8.784736514,11068.76801,59.9877424,1260
"KCAE20100815_125916",29380.51,"2010","08","15",0.52734375,16988.12,1.345908496,14005.52381,26.20577473,10406,11.69666531,14000.90838,76.50738957,1197,0.891491867,12392.39,1.005770114,10456.99187,18.69270356,10397,8.546520018,10452.39398,53.92701769,1223
"KCAE20110628_100409",2446.23,"2011","06","28",0.494321751,1368.48,0.147652091,1493.057942,1.223670192,10112,4.8632134,1488.1433,5.160755932,306,0.890652994,1077.75,0.100663352,1016.599193,0.731739006,10099,3.65226185,1011.676532,2.563905858,277
"KCAE20110628_100823",3666.88,"2011","06","28",0.52734375,3008.75,0.339554295,3431.875255,2.886367252,10107,6.667446237,3427.067366,11.03863281,514,0.891579353,658.13,0.0616662,622.9519539,0.515114044,10102,3.304720227,617.9826825,1.906944145,187
"KCAE20110628_101237",6045.55,"2011","06","28",0.496267438,4773.25,0.531277611,5371.216651,3.129861442,10110,6.658255093,5366.553605,9.064970183,806,0.892631546,1272.3,0.135693882,1370.508207,0.914311003,10100,3.700897435,1365.631154,3.116537628,369
"KCAE20110628_101651",5302.18,"2011","06","28",0.527329622,4595.79,0.519236349,5248.96025,2.828065296,10109,6.522757093,5244.296703,7.840366158,804,0.895571058,706.39,0.082872452,837.6747404,0.637562168,10108,3.154322171,832.7410533,2.428469652,264
"KCAE20110628_102104",4878.71,"2011","06","28",0.52734973,3815.76,0.429690262,4342.0201,2.37853245,10105,5.56783829,4337.346028,6.695605126,779,0.89512797,1062.95,0.120362057,1215.77714,0.841174617,10101,3.440031438,1210.891066,2.984925322,352
"KCAE20110628_102518",4184.85,"2011","06","28",0.52734375,3289.72,0.370061545,3740.212032,2.275295328,10107,5.336424806,3735.497364,6.950504811,700,0.916062277,895.13,0.102824313,1039.348157,0.716592798,10108,3.153800446,1034.446546,2.494291504,328
"KCAE20110628_102932",3455.44,"2011","06","28",0.527358971,2371.29,0.271117068,2739.637969,1.706820807,10105,4.789596584,2734.85965,5.473899011,571,0.893432327,1084.15,0.125688385,1269.578376,0.902055583,10101,3.562517761,1264.693805,3.30745086,355
"KCAE20110628_103345",2717.35,"2011","06","28",0.527375267,1596.62,0.172883772,1747.682052,1.205592797,10109,4.303255632,1742.818531,4.306874176,405,0.899402278,1120.73,0.125166803,1264.184707,0.875618809,10100,3.703803293,1259.29312,3.090113944,340
"KCAE20110628_103759",3923.97,"2011","06","28",0.527361147,2042.02,0.2140729,2162.992584,1.780312311,10104,5.018939763,2158.144098,7.104452034,430,0.894386194,1881.95,0.196017187,1979.969603,1.275068395,10101,4.509421531,1975.126631,4.252338474,438
"KCAE20110628_104212",3154.4,"2011","06","28",0.527364963,1847.75,0.187292166,1891.463587,1.629032474,10099,4.874925211,1886.596057,6.820187646,387,0.895733314,1306.65,0.132913007,1342.28846,0.85584239,10099,3.810264635,1337.402887,2.661358337,351
"KCAE20110628_104625",2765.81,"2011","06","28",0.52734375,1100.21,0.112647463,1138.415263,1.05810675,10106,4.092018388,1133.489094,4.964889328,277,0.898099416,1665.6,0.161616903,1632.169102,1.122575291,10099,4.545494516,1627.287037,3.957834263,358
"KCAE20110628_105039",2452.35,"2011","06","28",0.52734375,1141.82,0.109999816,1111.548144,1.984314146,10105,4.729063781,1106.600925,12.19892485,234,0.896578491,1310.53,0.126300333,1276.77007,0.961177305,10109,4.355650395,1271.849915,3.688896515,292
"KCAE20110628_105451",1394.15,"2011","06","28",0.527465953,572.01,0.058915414,595.8704988,0.947782247,10114,3.581116285,590.884187,6.534849005,165,0.8988382,822.14,0.07714442,779.54436,0.654213672,10105,3.796971104,774.5821052,2.666648562,204
"KCAE20110628_105905",1218.58,"2011","06","28",0.493911376,258.62,0.037322988,377.2234405,0.476937823,10107,2.49820549,372.232618,3.056861681,149,0.894818702,959.96,0.087469246,883.7892628,0.798319417,10104,4.204928302,878.8300151,3.682512562,209
"KCAE20110628_110317",928.44,"2011","06","28",0.52734375,221.66,0.027438682,277.2953195,0.295513939,10106,2.269087198,272.2904637,1.512440503,120,0.893499283,706.78,0.06336539,640.8141892,0.698376229,10113,4.384954171,635.8183549,3.894875417,145
"KCAE20110628_110730",472.03,"2011","06","28",0.52734375,116.4,0.020416592,171.3156239,0.232252542,8391,1.759555522,167.1577746,1.312538723,95,0.887084584,355.63,0.03382702,317.7033694,0.475447244,9392,4.118872489,313.0343092,3.355060918,76
"KCAE20110628_111145",608.32,"2011","06","28",0.527360066,262.47,0.030954626,312.6417179,0.404291701,10100,2.986712128,307.6313491,2.696345454,103,0.878888868,345.85,0.032284656,326.494729,0.42502045,10113,3.57190366,321.4713294,2.782225711,90
"KCAE20110628_111658",440.53,"2011","06","28",0.535388574,118.64,0.019411404,196.1134196,0.290841309,10103,2.196477336,191.0935283,2.258283024,87,0.878792013,321.89,0.028022787,282.9741008,0.358013707,10098,3.232049002,277.9562142,2.179395784,86
"KCAE20110628_112112",373.91,"2011","06","28",0.52734375,79.74,0.014097328,120.0951402,0.209135194,8519,2.068814154,115.8535926,1.564187955,56,0.896665396,294.17,0.024191428,227.4236164,0.370692702,9401,4.454740291,222.7370145,2.494674931,50
"KCAE20110628_112528",148.7,"2011","06","28",0.52734375,107.9,0.019654744,198.5325646,0.258448097,10101,2.150168658,193.5151792,1.71720654,90,0.893963279,40.8,0.004288854,43.36031538,0.107608685,10110,2.253048978,38.30183263,1.390728135,17
"KCAE20110628_112943",84.59,"2011","06","28",0.533241599,73.85,0.016209545,163.700195,0.214996122,10099,1.983485002,158.6788001,1.399263738,80,1.479728885,10.74,0.001645529,16.62478291,0.042925066,10103,1.445662224,11.56529779,0.523567569,8
"KCAE20110628_113528",58.12,"2011","06","28",0.532963019,49.73,0.010614184,107.2669445,0.155866001,10106,1.893129824,102.2290105,1.000907443,54,1.484098001,8.39,0.001218401,12.31194528,0.031912802,10105,1.208409234,7.250455406,0.555181566,6
"KCAE20110628_114111",71.99,"2011","06","28",0.533420009,67.81,0.01452514,146.6893866,0.209185112,10099,1.914391683,141.6649846,1.538538416,74,1.482655907,4.18,0.000501187,5.06549937,0,10107,NA,0,NA,0
"KCAE20110628_114657",63.71,"2011","06","28",0.533541765,55.84,0.011356637,114.7928858,0.185816737,10108,2.110633596,109.752947,1.525122657,52,1.480807692,7.87,0.001170266,11.82904566,0.037804909,10108,1.691262464,6.765049854,1.002474777,4
"KCAE20110628_115241",67.39,"2011","06","28",0.532652124,55.58,0.011251028,113.7141442,0.163573992,10107,1.6720188,108.681222,1.185594024,65,1.478397941,11.81,0.001591086,16.0731476,0.033596401,10102,1.001424293,11.01566723,0.198208059,11
"KCAE20110628_115825",63.49,"2011","06","28",0.533628021,58.55,0.012796708,129.285143,0.179199758,10103,1.725801859,124.2577338,1.253775651,72,1.500701104,4.94,0.000659377,6.661688969,0.011316351,10103,0.799598361,1.599196723,0.129616317,2
"KCAE20110628_120412",80.21,"2011","06","28",0.533219501,76.03,0.013833587,139.8298949,0.197630425,10108,1.797353112,134.8014834,1.444481547,75,1.486075464,4.18,0.000501187,5.06199106,0,10100,NA,0,NA,0
"KCAE20110628_120958",59.64,"2011","06","28",0.5323835,52.95,0.010945164,110.5899352,0.175448445,10104,1.851833457,105.554507,1.443771501,57,1.484302966,6.69,0.000957749,9.67326895,0.018845467,10100,0.769047502,4.614285014,0.094658374,6
"KCAE20110628_121544",76.78,"2011","06","28",0.53315921,70.56,0.014702476,148.5979228,0.200326279,10107,1.966698769,143.5690101,1.319644664,73,1.493198178,6.22,0.000833802,8.422229465,0.024908371,10101,1.680369796,3.360739593,0.789628041,2
"KCAE20110628_122129",73.97,"2011","06","28",0.533072273,65.32,0.01332122,134.6242514,0.189135778,10106,1.993720467,129.5918304,1.280261645,65,1.478727165,8.65,0.001202435,12.15661438,0.033901516,10110,1.182103096,7.092618574,0.805763767,6
"KCAE20110628_122716",44.91,"2011","06","28",0.532805904,40.73,0.007862666,79.38934363,0.145004503,10097,1.906369293,74.34840243,1.368515893,39,1.492565559,4.18,0.000501187,5.06549937,0,10107,NA,0,NA,0
"KCAE20110628_123300",73.15,"2011","06","28",0.533379489,68.97,0.013106766,132.4307607,0.171764223,10104,1.8200264,127.401848,0.992192553,70,1.485121576,4.18,0.000501187,5.066000558,0,10108,NA,0,NA,0
"KCAE20110628_123847",33.53,"2011","06","28",0.533087023,28.22,0.005353746,54.08889313,0.096303494,10103,1.581965655,49.04093532,0.739269631,31,1.48197653,5.31,0.000788047,7.96479486,0.020907249,10107,1.450148932,2.900297864,0.464046572,2
"KCAE20110628_124433",55.36,"2011","06","28",0.532033858,42.67,0.008802869,88.99701007,0.1265095,10110,1.584086228,83.95657006,0.754187026,53,1.476266639,12.69,0.00158651,16.03009922,0.038993,10104,1.371264114,10.97011291,0.220752409,8
"KCAE20110628_125019",65.12,"2011","06","28",0.533185911,55.27,0.010534389,106.4500038,0.150691065,10105,1.718899608,101.4150768,0.984676622,59,1.478516519,9.85,0.001545581,15.62273259,0.039880349,10108,1.320092692,10.56074154,0.554855387,8
"KCAE20110628_125604",71.87,"2011","06","28",0.533213523,65.15,0.012823307,129.6179878,0.163810462,10108,1.706692793,124.5885739,0.914657565,73,1.481591577,6.72,0.000911653,9.213169784,0.020803645,10106,1.037544087,4.15017635,0.156237526,4
"KCAE20110629_100031",394.35,"2011","06","29",0.533152113,388.52,0.046268041,467.6773579,0.598956502,10108,5.028885506,462.6574666,3.809847879,92,1.47745734,5.83,0.000777067,7.854588733,0.021353397,10108,1.394795275,2.78959055,0.849188632,2
"KCAE20110629_100617",1202.71,"2011","06","29",0.533030963,1198.53,0.142267715,1437.757525,1.116497752,10106,5.489744583,1432.823336,4.356812403,261,1.482659314,4.18,0.000501187,5.067002932,0,10110,NA,0,NA,0
"KCAE20110629_101202",4637.1,"2011","06","29",0.533714906,4632.92,0.534761362,5400.020232,3.93727723,10098,10.45584856,5395.217856,14.14222951,516,1.486952698,4.18,0.000501187,5.063494621,0,10103,NA,0,NA,0
"KCAE20110629_101748",6456.4,"2011","06","29",0.530801644,6449.72,0.705915117,7133.272257,5.160693369,10105,10.67147089,7128.542553,17.23202691,668,1.493146463,6.68,0.000823094,8.318183535,0.023460319,10106,1.627093863,3.254187727,0.520668817,2
"KCAE20110629_102335",4764.41,"2011","06","29",0.533349196,4748.32,0.507806777,5129.356257,3.6172785,10101,8.656402817,5124.590468,12.36772367,592,1.490667422,16.09,0.00219699,22.18959748,0.056875672,10100,1.557556316,17.13311948,0.776471986,11
"KCAE20110629_102923",2567.76,"2011","06","29",0.532710278,2526.88,0.26208772,2648.920588,1.870723664,10107,6.626704417,2644.055062,6.825150134,399,1.485267763,40.88,0.005627293,56.88067598,0.097717375,10108,1.619709794,51.83071341,0.644465305,32
"KCAE20110629_103511",1633.2,"2011","06","29",0.532038195,1438.67,0.14675116,1482.626972,1.15684249,10103,5.296427628,1477.703308,4.610894443,279,1.494814223,194.53,0.026476952,267.5231208,0.28654733,10104,2.083510116,262.5222746,1.522271629,126
"KCAE20110629_104059",1020.57,"2011","06","29",0.53350725,880.18,0.08997128,909.0698084,0.880318674,10104,4.758426517,904.1010382,4.369882482,190,1.487191677,140.39,0.0191893,193.9078797,0.206901888,10105,1.8519069,188.8945038,0.925113824,102
"KCAE20110629_104645",651.66,"2011","06","29",0.533132696,501.58,0.049103598,496.0936492,0.620512048,10103,4.81452231,491.0812756,3.917037321,102,1.484594913,150.08,0.021010191,212.139903,0.233869434,10097,2.071295343,207.1295343,1.135416903,100
"KCAE20110629_105231",454.79,"2011","06","29",0.533806168,225.34,0.022232554,224.6599557,0.396726152,10105,4.392410362,219.6205181,3.587432499,50,1.491214889,229.45,0.030752488,310.6923905,0.272825655,10103,1.985104407,305.7060788,1.00529387,154
"KCAE20110629_105817",282.54,"2011","06","29",0.533622428,133.51,0.012870584,130.0572511,0.251464911,10105,3.788160402,125.0092933,2.28472195,33,1.487226731,149.03,0.020315546,205.2479562,0.227410092,10103,1.871384006,200.2380886,1.196982527,107
"KCAE20110629_110403",278.86,"2011","06","29",0.533841158,65.11,0.006552311,66.19800167,0.157282533,10103,3.596648661,61.14302723,1.378913447,17,1.482875426,213.75,0.029371175,296.7957202,0.356158595,10105,2.676934427,291.7858526,2.171586015,109
"KCAE20110629_110951",152.14,"2011","06","29",0.533423526,53.15,0.005494387,55.51528712,0.177456767,10104,3.88136975,50.45780674,3.196478366,13,1.509951134,98.99,0.013634383,137.8163411,0.191829531,10108,1.952712078,132.7844213,1.307326733,68
"KCAE20110629_111537",141.5,"2011","06","29",0.531269224,32.3,0.003300449,33.36423972,0.114766517,10109,3.537718434,28.30174747,2.175184932,8,1.498581467,109.2,0.015597273,157.6260396,0.207794807,10106,2.149248249,152.5966257,1.258165141,71
"KCAE20110629_112125",123.39,"2011","06","29",0.531695428,22.78,0.002602228,26.285108,0.079744408,10101,2.653328157,21.22662525,1.067191594,8,1.486797201,100.61,0.013927598,140.7523013,0.275997224,10106,3.309947606,135.7078518,2.839519902,41
"KCAE20110629_112711",66.96,"2011","06","29",0.53350603,16.82,0.002610322,26.37991551,0.091233478,10106,2.13199292,21.3199292,2.074229001,10,1.486579031,50.14,0.00746462,75.42998135,0.130831047,10105,1.955097975,70.38352709,1.012798215,36
"KCAE20110629_113257",47.35,"2011","06","29",0.532044641,9.45,0.001277083,12.90109736,0.044277564,10102,1.960027169,7.840108677,1.217942387,4,1.494441665,37.9,0.007729454,78.13705179,0.114636608,10109,1.282440662,73.09911772,0.841883062,57
"KCAE20110629_113845",226.13,"2011","06","29",0.532891286,13.33,0.002923339,29.53449888,0.069639693,10103,1.631901471,24.47852207,0.80750082,15,1.503009598,212.8,0.053010034,535.6663942,0.699482632,10105,3.25572755,530.6835907,4.475086198,163
"KCAE20110629_114430",318.6,"2011","06","29",0.533760327,60.81,0.014932691,150.8351141,0.297140156,10101,2.975452654,145.79718,3.096332478,49,1.483270085,257.79,0.062738082,633.9683153,0.84458862,10105,3.882623522,628.9850106,5.463114679,162
"KCAE20110629_115017",191.35,"2011","06","29",0.531969057,45.44,0.01026392,103.6861209,0.184513375,10102,2.241935902,98.64517967,1.696754409,44,1.492682667,145.91,0.032746801,330.9064284,0.364721341,10105,2.396397742,325.9100929,2.061775986,136
"KCAE20110629_115606",246.37,"2011","06","29",0.533943048,9.74,0.001691726,17.09657875,0.041875052,10106,1.337343473,12.03609125,0.454053617,9,1.509034254,236.63,0.048095371,485.9556298,0.61779469,10104,3.227961818,480.9663109,3.965087217,149
"KCAE20110629_120150",315.53,"2011","06","29",0.532970721,11.15,0.001918183,19.37173458,0.075370195,10099,2.862550129,14.31275064,2.026513325,5,1.4814766,304.38,0.050129404,506.357105,0.971328745,10101,3.916865349,501.3587647,7.731095488,128
"KCAE20110629_120738",134.15,"2011","06","29",0.533528791,10.45,0.001793131,18.12317335,0.048055128,10107,1.451353852,13.06218467,0.742449243,9,1.507234441,123.7,0.022290399,225.3113506,0.289231286,10108,2.532056934,220.2889533,1.844961758,87
"KCAE20110629_121325",37.9,"2011","06","29",0.531534013,11.07,0.001909934,19.30179207,0.048806454,10106,1.424180576,14.24180576,0.651685279,10,1.491566605,26.83,0.003990775,40.33475901,0.089168981,10107,1.603649352,35.28028575,1.067598886,22
"KCAE20110629_121910",9.26,"2011","06","29",0.533443158,5.08,0.000724678,7.321417659,0.015987661,10103,1.129462706,2.258925412,0.183087915,2,1.513394151,4.18,0.000501187,5.064496996,0,10105,NA,0,NA,0
"KCAE20110629_122456",43.55,"2011","06","29",0.530644214,26.63,0.004309004,43.54679913,0.144612982,10106,2.405613747,38.48981995,2.815652313,16,1.490601927,16.92,0.001741689,17.59802352,0.063222993,10104,2.089505806,12.53703484,1.686124609,6
"KCAE20110629_123042",16.38,"2011","06","29",0.533009238,8.54,0.001463324,14.78689169,0.037962602,10105,1.215800524,9.726404192,0.62737621,8,1.497104085,7.84,0.001124912,11.36836128,0.0332004,10106,1.576341961,6.305367842,0.634885412,4
"KCAE20110629_123628",11.26,"2011","06","29",0.533639744,7.08,0.001173082,11.85516424,0.039910508,10106,1.6980427,6.792170801,1.23473464,4,1.490526315,4.18,0.000501187,5.068506494,0,10113,NA,0,NA,0
"KCAE20110629_124213",35,"2011","06","29",0.532901623,16.05,0.002795969,28.24487856,0.072814733,10102,1.656350125,23.18890174,1.082122253,14,1.486163662,18.95,0.003326168,33.61758444,0.085201963,10107,1.903973525,28.55960287,1.167897797,15
"KCAE20110629_124759",17.82,"2011","06","29",0.533721084,9.98,0.001890277,19.09557761,0.040089167,10102,1.079930739,14.03909961,0.303595217,13,1.486756416,7.84,0.001351019,13.64934796,0.041927619,10103,1.717671856,8.588359279,0.869264331,5
"KCAE20110629_125345",22.13,"2011","06","29",0.533587415,17.95,0.003772718,38.13463845,0.071176347,10108,1.272371875,33.08166876,0.608340272,26,1.480282413,4.18,0.000501187,5.064496996,0,10105,NA,0,NA,0
"KCAE20110629_125930",27.95,"2011","06","29",0.53381199,19.35,0.00336053,33.94471514,0.069484106,10101,1.444612332,28.89224664,0.612873212,20,1.482878715,8.6,0.000936797,9.467271932,0.032156283,10106,2.201638062,4.403276124,0.872208959,2
"KCAE20110630_100134",7762.11,"2011","06","30",0.52734375,7311.15,0.97098868,9805.043695,2.80111209,10098,3.526943327,9801.375506,4.416046003,2779,0.88859617,450.96,0.085457757,863.9779242,0.401174423,10110,1.473761773,859.2031135,0.864061231,583
"KCAE20110630_100559",9408.03,"2011","06","30",0.52734375,8137.53,1.085048146,10960.07132,2.581023908,10101,3.692785929,10956.49585,3.612894703,2967,0.879104765,1270.5,0.207870356,2099.490597,0.684469568,10100,1.817004749,2095.006475,1.08699308,1153
"KCAE20110630_101013",16455.64,"2011","06","30",0.52734375,12741.86,1.653150113,16711.69449,4.167181807,10109,4.760224261,16708.38716,5.935455384,3510,0.88624785,3713.78,0.534081832,5401.169565,1.72588668,10113,2.694510702,5397.104936,3.036784845,2003
"KCAE20110630_101428",16539.75,"2011","06","30",0.52734375,14510.86,2.011287351,20320.03611,5.243193018,10103,5.103483507,20316.96784,7.348074978,3981,0.886753783,2028.89,0.324442523,3278.491698,0.972883405,10105,2.063152228,3274.222585,1.562469223,1587
"KCAE20110630_101841",28080.22,"2011","06","30",0.52734375,20346.39,3.351535715,27325.07069,9.343158038,8153,6.618956737,27323.05341,12.28011287,4128,0.882060154,7733.83,1.236174545,11353.02702,2.729068464,9184,3.561349671,11350.0214,3.631063612,3187
"KCAE20110630_102256",27275.08,"2011","06","30",0.52734375,23169.82,3.56605198,31317.06848,6.386843912,8782,6.236841968,31315.18352,7.395527614,5021,0.879616573,4105.26,0.668759047,6438.812103,1.536383445,9628,2.563842491,6435.244652,2.048762126,2510
"KCAE20110630_102712",16680.71,"2011","06","30",0.52734375,11628.29,4.666862994,14859.29177,9.058984259,3184,6.687133047,14858.80963,10.20273908,2222,0.883905066,5052.42,1.58857277,7096.154565,2.912953936,4467,3.640273256,7094.892576,3.461489678,1949
"KCAE20110630_103140",40680.31,"2011","06","30",0.52734375,34237.55,4.376687804,44243.93701,6.562726229,10109,6.686139771,44242.18686,7.096434779,6617,0.885536418,6442.76,0.97050787,9808.923039,2.005866156,10107,2.85793562,9805.577113,2.541630551,3431
"KCAE20110630_103554",48202.69,"2011","06","30",0.52734375,37980.78,4.800672477,48520.39672,7.390271378,10107,7.003291491,48518.80345,8.015878812,6928,0.884667307,10221.91,1.46865239,14846.60701,2.506188712,10109,3.304495068,14843.79185,2.840737747,4492
"KCAE20110630_104007",39072.18,"2011","06","30",0.52734375,33140.68,4.21139547,42560.36262,5.894698693,10106,6.210233803,42558.73225,6.231359257,6853,0.889201717,5931.5,0.895420978,9041.961032,1.833446552,10098,2.734812849,9038.556467,2.289499279,3305
"KCAE20110630_104421",37635.12,"2011","06","30",0.52734375,31223.75,3.972048731,40093.8599,5.513532146,10094,5.908075739,40092.20197,5.812147425,6786,0.886598748,6411.37,0.948750914,9575.74297,1.852940545,10093,2.7641987,9572.420099,2.23378556,3463
"KCAE20110630_104836",26947.66,"2011","06","30",0.533376014,26892.01,3.415629171,34525.17966,4.018416394,10108,4.347027712,34524.09409,4.062422517,7942,1.537863514,55.65,0.011008714,111.1990247,0.086384999,10101,0.628528007,106.2212331,0.241874632,169
"KCAE20110630_105811",20303,"2011","06","30",0.52363706,20270.73,2.576653178,26034.50371,5.154911342,10104,3.752222103,26032.91695,5.855754196,6938,1.543850416,32.27,0.006041693,61.03921937,0.064113395,10103,0.666878863,56.01782448,0.233715627,84
"KCAE20110630_110747",12538.87,"2011","06","30",0.525548044,12505.42,1.708763276,17260.21785,2.390192614,10101,2.935550576,17258.10184,2.493035687,5879,1.54045444,33.45,0.006089902,61.53846211,0.070598493,10105,0.733929306,56.51255653,0.348980583,77
"KCAE20110630_111723",8269.5,"2011","06","30",0.523529793,8215.39,1.208126753,12208.12084,1.803804602,10105,2.562553748,12205.4435,1.852801745,4763,1.538508321,54.11,0.011068774,111.8499576,0.133330263,10105,0.962532364,106.8410924,0.842161272,111
"KCAE20110630_112659",6308.99,"2011","06","30",0.526855348,6255.59,0.993961582,10039.01198,1.619514853,10100,2.483537562,10035.97529,1.690217391,4041,1.541408359,53.4,0.010802353,109.1793776,0.107196108,10107,0.840129237,104.1760254,0.492080903,124
"KCAE20110630_113636",7508.47,"2011","06","30",0.527683062,7409.17,1.149201073,11609.22924,1.906465233,10102,2.725123457,11606.30081,2.080232348,4259,1.539907567,99.3,0.021958096,221.820686,0.192122386,10102,1.037619334,216.8624407,0.856776549,209
"KCAE20110630_114613",4989.77,"2011","06","30",0.525516864,4903.99,0.80687442,8151.852263,1.694339816,10103,2.478234998,8148.436672,2.163423076,3288,1.539356602,85.78,0.015115606,152.7129626,0.156303754,10103,1.004919337,147.7231425,0.830318424,147
"KCAE20110630_115551",6499.29,"2011","06","30",0.526581928,6432.88,0.992940608,10030.68602,3.590774998,10102,2.997697907,10027.2995,5.739041203,3345,1.540546497,66.41,0.013094995,132.2856398,0.13145069,10102,0.896435317,127.293815,0.663950964,142
"KCAE20110630_120528",5932.17,"2011","06","30",0.527050745,5884.88,0.93472325,9445.378441,2.272244706,10105,2.835430299,9441.982897,3.206362458,3330,1.539213716,47.29,0.009066819,91.59300193,0.091105163,10102,0.759536349,86.58714384,0.408988483,114
"KCAE20110630_121506",4846.51,"2011","06","30",0.524576509,4753.23,0.790618614,7988.410473,1.865977731,10104,2.599246785,7984.886124,2.598653091,3072,1.539743943,93.28,0.01654871,167.2247163,0.131906539,10105,0.80327455,162.2614591,0.489833188,202
"KCAE20110630_122444",4636.36,"2011","06","30",0.52669644,4525.51,0.749154248,7571.701987,1.660250738,10107,2.491985049,7568.158593,2.198120218,3037,1.538867879,110.85,0.019567358,197.6694505,0.139594178,10102,0.834295373,192.7222313,0.416567798,231
"KCAE20110630_123422",4579.38,"2011","06","30",0.525372277,4397.61,0.756643122,7646.635395,1.522341881,10106,2.46870868,7643.122073,1.827426898,3096,1.541611937,181.77,0.029629264,299.3444583,0.200244675,10103,0.952866765,294.4358305,0.658062057,309
"KCAE20110630_124400",3636.66,"2011","06","30",0.525583023,3394.9,0.584874215,5908.399317,1.361635115,10102,2.293949642,5904.626379,1.832312838,2574,1.540639558,241.76,0.039410632,398.2838506,0.200954905,10106,0.864718445,393.4468927,0.428968507,455
"KCAE20110630_125339",3363.24,"2011","06","30",0.524754255,3113.51,0.551107411,5569.491499,1.200204124,10106,2.122708091,5565.740614,1.489002592,2622,1.5452563,249.73,0.04226166,427.011809,0.208311711,10104,0.82141133,422.2054234,0.462316294,514
"KCAE20110701_100144",6278.66,"2011","07","01",0.524911708,6271.7,0.806289854,8145.946392,9.643842446,10103,5.388246321,8141.640192,24.44377489,1511,1.545400734,6.96,0.001165167,11.77401337,0.017398855,10105,0.447802279,6.717034181,0.066529013,15
"KCAE20110701_101123",14426.57,"2011","07","01",0.524864352,14415.73,1.887981926,19078.05736,4.587479338,10105,4.73325376,19075.01265,6.269580773,4030,1.541198096,10.84,0.001826084,18.45257628,0.032196665,10105,0.638028772,13.39860421,0.312772217,21
"KCAE20110701_102102",24098.41,"2011","07","01",0.524969577,24078.95,3.172281298,32052.73024,5.360378233,10104,5.340888829,32050.67387,6.066263321,6001,1.541458485,19.46,0.00393274,39.74033545,0.056455484,10105,0.619712588,34.70390494,0.44417451,56
"KCAE20110701_103041",29310.47,"2011","07","01",0.526046285,29216.32,3.620937951,36593.19893,5.628940854,10106,5.244608101,36591.63072,6.113997477,6977,1.541631827,94.15,0.020579256,207.829909,0.14009713,10099,0.707011358,202.9122598,0.454229434,287
"KCAE20110701_104020",24766.73,"2011","07","01",0.525334082,24591.13,3.057122134,30901.39053,5.72194933,10108,4.606393335,30899.68649,6.496245787,6708,1.54030386,175.6,0.03809945,384.9949383,0.204910933,10105,0.777455055,380.1755219,0.541983317,489
"KCAE20110701_104959",16843.39,"2011","07","01",0.526017758,16592.99,2.16217786,21846.6451,3.995984559,10104,3.723286445,21844.52157,4.657124277,5867,1.533209952,250.4,0.051833304,523.6200414,0.223362896,10102,0.783819991,518.8888339,0.433771004,662
"KCAE20110701_105939",14868.12,"2011","07","01",0.525755398,14605,2.026320785,20469.89257,3.52074415,10102,3.774211234,20467.54752,4.061453267,5423,1.541777957,263.12,0.055730246,562.9312113,0.251524533,10101,0.85091082,558.1974979,0.546139819,656
"KCAE20110701_110918",7772.31,"2011","07","01",0.526666615,7659.21,1.12101385,11331.20799,2.359317725,10108,2.776516381,11328.18684,3.032428604,4080,1.540815126,113.1,0.025788369,260.6172585,0.152145146,10106,0.728570305,255.728177,0.393934355,351
"KCAE20110701_111857",6442.51,"2011","07","01",0.526334469,6358.95,0.955887951,9661.159524,2.044193021,10107,2.626580606,9657.93689,2.664492194,3677,1.538945212,83.56,0.019046324,192.5011993,0.138553811,10107,0.726996148,187.5650063,0.488431993,258
"KCAE20110701_112836",7298.57,"2011","07","01",0.525126695,6906.58,1.03337552,10441.22625,2.684543626,10104,3.003713346,10437.90388,3.878081437,3475,1.541234366,391.99,0.059761592,603.7115984,2.433922038,10102,2.161687487,598.7874338,14.56864952,277
"KCAE20110701_113816",5651.86,"2011","07","01",0.524454672,5562.86,0.850559153,8590.647442,3.179498521,10100,2.683496641,8587.18925,5.195643416,3200,1.540944014,89,0.020145608,203.4706431,0.157196271,10100,0.772519289,198.5374572,0.625860608,257
"KCAE20110701_114755",6653.8,"2011","07","01",0.524056879,6500.33,1.01576974,10260.29014,3.438830248,10101,3.140497405,10256.86453,5.468790028,3266,1.533649109,153.47,0.035083672,354.485419,0.224880453,10104,0.901071865,349.6158838,0.733696513,388
"KCAE20110701_115735",14825.18,"2011","07","01",0.524825257,14696.1,2.272874477,22962.85084,14.15834765,10103,5.937348187,22959.72544,22.40636475,3867,1.532843451,129.08,0.029834792,301.3910699,0.178042149,10102,0.794946432,296.5150193,0.501255434,373
"KCAE20110701_120714",9286.95,"2011","07","01",0.526578033,9178.19,1.297143669,13111.52821,6.746150376,10108,4.276671564,13107.99834,11.72080573,3065,1.53908761,108.76,0.02479709,250.6241879,0.168907071,10107,0.775134274,245.7175649,0.57387289,317
"KCAE20110701_121653",8394.15,"2011","07","01",0.524335472,8271.94,1.108144464,11200.0161,4.427387151,10107,3.952125119,11196.37046,7.662024197,2833,1.538816403,122.21,0.027007693,272.9667575,0.167460038,10107,0.79546041,268.0701582,0.480363634,337
"KCAE20110701_122632",8466.09,"2011","07","01",0.525464495,8344.74,1.109321419,11209.69294,11.55217249,10105,3.858844315,11206.08389,21.30433796,2904,1.532786356,121.35,0.026929936,272.0462095,0.152335733,10102,0.716273884,267.1701589,0.367943702,373
"KCAE20110701_123611",11044.72,"2011","07","01",0.524879872,10936.41,1.458493083,14736.61411,6.528657066,10104,3.944691312,14733.42205,10.2721182,3735,1.539839445,108.31,0.024817598,250.8066502,0.146558304,10106,0.692731193,245.9195735,0.386621262,355
"KCAE20110701_124551",5616.45,"2011","07","01",0.524790497,5476.31,0.787964347,7959.227873,2.006617245,10101,2.784598275,7955.597273,2.945954739,2857,1.531791812,140.14,0.031437371,317.8003795,0.187104522,10109,0.759563997,312.9403669,0.554020983,412
"KCAE20110701_125530",6853.96,"2011","07","01",0.524086688,6762.22,0.915393485,9244.558806,2.502507116,10099,2.985799189,9241.048491,3.775779299,3095,1.538369186,91.74,0.020871607,210.8867175,0.133277406,10104,0.677549614,205.9750826,0.382362774,304
"KCAE20110702_100911",14668.65,"2011","07","02",0.52529829,14650.98,1.794475672,18129.58772,8.14586578,10103,8.590323094,18125.58173,16.10698018,2110,1.533770773,17.67,0.002024556,20.45813827,0.047640099,10105,0.962603767,15.40166027,0.73688601,16
"KCAE20110702_101851",43284.22,"2011","07","02",0.526558546,43270.25,5.266291005,53200.07173,19.56705761,10102,12.3599363,53197.16585,28.47923583,4304,1.538539985,13.97,0.002264665,22.87764423,0.038668719,10102,0.61479949,17.82918522,0.386912064,29
"KCAE20110702_102830",45500.53,"2011","07","02",0.52589529,45347.32,5.696841501,57555.18969,17.80058464,10103,10.16836801,57552.96291,22.8070381,5660,1.533989709,153.21,0.028017587,283.1457367,0.198122662,10106,0.972811462,278.2240781,0.68548468,286
"KCAE20110702_103809",37595.94,"2011","07","02",0.525578304,37177.9,4.533907515,45806.06762,10.20675096,10103,7.502713165,45804.06387,12.25299535,6105,1.539427418,418.04,0.074205341,749.6223534,0.389283291,10102,1.180468477,744.8756091,1.059381313,631
"KCAE20110702_104749",31342.69,"2011","07","02",0.525521574,30840.75,3.720646461,37597.13249,10.99396653,10105,6.778731983,37594.84758,14.12480401,5546,1.533832078,501.94,0.093272089,942.6077297,0.487754402,10106,1.136916619,937.956211,1.315314105,825
"KCAE20110702_105728",21989.74,"2011","07","02",0.524312176,21267.22,2.590317183,26162.20355,5.629938684,10100,5.391503157,26159.57332,7.133168069,4852,1.53330776,722.52,0.130521066,1318.654331,0.689043239,10103,1.368824975,1314.071976,1.817998535,960
"KCAE20110702_110707",21205.17,"2011","07","02",0.524989459,20471.97,2.533097152,25591.88053,6.316796516,10103,5.643822103,25589.08941,8.447755739,4534,1.537998382,733.2,0.124824341,1260.850664,0.67741816,10101,1.416271392,1256.232725,1.844110645,887
"KCAE20110702_111647",15043.05,"2011","07","02",0.525504545,14943.02,2.051269248,20738.33209,7.300931225,10110,5.654514029,20735.10294,11.25195055,3667,1.539722037,100.03,0.018420158,186.1541162,0.184064897,10106,0.924425259,181.1873507,0.95619059,196
"KCAE20110702_112724",10720.98,"2011","07","02",0.524356574,10635.63,1.556094947,15721.22725,3.953754644,10103,4.448891721,15717.93445,5.642536135,3533,1.537352211,85.35,0.017741469,179.3130316,0.163431533,10107,0.842276705,174.351278,0.782877059,207
"KCAE20110702_113704",5656.62,"2011","07","02",0.526997471,5546.79,0.767270005,7753.263399,2.649138322,10105,3.109730281,7749.44786,4.602172329,2492,1.540466182,109.83,0.024398336,246.3987967,0.154361383,10099,0.766651368,241.4951808,0.442474605,315
"KCAE20110702_114643",4543.17,"2011","07","02",0.524787816,4455.57,0.601754384,6077.117519,5.959488772,10099,2.874167079,6073.115038,12.77792113,2113,1.54427404,87.6,0.018454515,186.4275068,0.150174524,10102,0.782244779,181.4807888,0.621676331,232
"KCAE20110702_115622",4107.64,"2011","07","02",0.527151274,4072.7,0.564864427,5706.825309,1.724708442,10103,2.549344198,5702.88297,2.894582897,2237,1.537769045,34.94,0.007416799,74.95417239,0.072871725,10106,0.641686272,69.94380361,0.293949687,109
"KCAE20110702_120602",5531.47,"2011","07","02",0.524737433,5469.97,0.730467292,7380.641521,2.035357322,10104,2.775361054,7376.909681,3.174229228,2658,1.540547097,61.5,0.012408288,125.3733464,0.118641967,10104,0.729648767,120.3920465,0.583922012,165
"KCAE20110703_100008",19887.3,"2011","07","03",0.533208346,19838.86,2.183801446,22058.5784,16.2030961,10101,25.26226053,22053.95345,49.57035704,873,1.49187899,48.44,0.006839041,69.10167199,0.11658045,10104,1.48974947,64.05922723,1.004131339,43
"KCAE20110703_100556",32129.53,"2011","07","03",0.533572708,32066.97,3.798939456,38373.08745,20.19942064,10101,29.37877451,38368.67951,49.04857123,1306,1.481750434,62.56,0.008414384,85.0441797,0.150737752,10107,1.904755481,79.9997302,1.378938771,42
"KCAE20110703_101142",31473.77,"2011","07","03",0.533366441,31413.06,3.564292998,36013.61646,14.63820387,10104,19.99414497,36009.4551,29.56373033,1801,1.483972971,60.71,0.006935138,70.07957394,0.141952963,10105,1.858074814,65.0326185,1.564778848,35
"KCAE20110703_101727",54209.08,"2011","07","03",0.52734375,38105.72,4.500447147,45436.5144,21.27560673,10096,20.53913338,45432.56304,41.6792227,2212,0.896073884,16103.36,1.904747181,19234.13704,9.792418963,10098,12.10949114,19229.87194,22.05550034,1588
"KCAE20110703_102143",86733.93,"2011","07","03",0.52734375,71265.43,8.019284723,80986.75641,37.98506045,10099,29.36297215,80983.0772,68.24820005,2758,0.901864427,15468.5,1.730875556,17500.88275,7.811058611,10111,10.59760309,17496.64271,16.72789594,1651
"KCAE20110703_102600",101375.28,"2011","07","03",0.52734375,75249,8.035066929,81178.28119,36.64051088,10103,27.70467105,81174.68617,63.91560209,2930,0.895504354,26126.28,2.793008826,28198.21711,10.21196621,10096,11.84636552,28194.34995,18.30922603,2380
"KCAE20110703_103016",79167.2,"2011","07","03",0.527389382,52517.68,5.13928281,51968.42778,26.36942093,10112,19.97872486,51964.66336,49.06643762,2601,0.878120891,26649.52,2.718875103,27460.63854,13.69557008,10100,12.23015667,27456.70172,26.9772299,2245
"KCAE20110703_103431",47311.03,"2011","07","03",0.52734375,31824.1,3.108551969,31402.59199,16.95187944,10102,14.33072894,31398.6271,34.12532319,2191,0.898050726,15486.93,1.575626569,15910.6771,7.360222006,10098,7.706710543,15906.65056,14.76040313,2064
"KCAE20110703_103849",39007.24,"2011","07","03",0.52734375,24328.67,2.290479393,23129.26091,12.02428207,10098,11.516537,23125.2063,24.92153084,2008,0.880378818,14678.57,1.50169262,15164.09208,6.318924027,10098,7.034854362,15160.11115,12.17490401,2155
"KCAE20110703_104305",28996.59,"2011","07","03",0.527536674,18363.08,1.791168407,18105.13026,9.440806525,10108,10.43281488,18100.93382,20.7196187,1735,0.895577206,10633.51,1.131248996,11424.48361,4.661428316,10099,6.026581463,11420.37187,9.291612218,1895
"KCAE20110703_104721",28624.87,"2011","07","03",0.52734375,18329.27,1.886664784,19053.42765,13.21551043,10099,11.50313776,19049.19613,30.9021918,1656,0.895366174,10295.6,1.115800896,11276.28385,14.2838715,10106,7.904581731,11271.93355,37.32451394,1426
"KCAE20110703_105139",20176.66,"2011","07","03",0.52734375,14002.85,1.445779728,14609.60415,12.22282677,10105,9.326516292,14605.32451,29.84965258,1566,0.900548012,6173.81,0.707226819,7150.063136,3.585023846,10110,5.409279486,7145.658202,8.542616996,1321
"KCAE20110703_105555",12474,"2011","07","03",0.527417159,8054.1,0.855785233,8645.142422,5.1065972,10102,6.252367634,8640.77207,12.52890243,1382,0.896264823,4419.9,0.51472962,5197.739705,2.757672408,10098,4.500222778,5193.257086,6.974731189,1154
"KCAE20110703_110011",8831.7,"2011","07","03",0.52734375,5896.64,0.683525391,6902.239394,4.28480612,10098,5.009345345,6897.86854,10.63194235,1377,0.901040422,2935.06,0.350779906,3543.22783,1.698198379,10101,3.482947386,3538.674544,4.216439644,1016
"KCAE20110703_110427",7898.25,"2011","07","03",0.527050259,4625.59,0.584708683,5909.650664,2.615445669,10107,4.209043714,5905.28833,5.83477111,1403,0.897430925,3272.66,0.408279174,4123.211381,3.830730921,10099,4.290240658,4118.631031,11.74088494,960
"KCAE20110703_110842",5938.32,"2011","07","03",0.52740028,4103.24,0.493529878,4987.612951,2.434190014,10106,4.505517419,4983.102266,6.007916682,1106,0.901819815,1835.08,0.210373428,2124.771619,1.267997924,10100,3.31254748,2120.030387,3.888439025,640
"KCAE20110703_111258",5142.27,"2011","07","03",0.52734375,3889.28,0.450566288,4551.17007,2.657968229,10101,4.497145676,4546.614278,7.241126036,1011,0.896926872,1252.99,0.158913094,1605.816813,0.97732119,10105,2.905677805,1601.028471,3.090752603,551
"KCAE20110703_111714",5318.44,"2011","07","03",0.527351905,4162.74,0.467339532,4721.998626,7.455814649,10104,5.27081921,4717.383193,24.55327281,895,0.89925416,1155.7,0.137229236,1387.250351,1.058932319,10109,3.3882067,1382.388333,4.099808976,408
"KCAE20110703_112130",4185.39,"2011","07","03",0.52734375,2688.25,0.33141554,3350.94253,1.880511271,10111,3.806957417,3346.315569,5.241708184,879,0.898885244,1497.14,0.165039418,1668.878591,2.303158539,10112,3.488573695,1664.049652,10.05285035,477
"KCAE20110703_112546",2801.19,"2011","07","03",0.527417144,2159.4,0.268724968,2715.197081,1.410137233,10104,3.350480279,2710.538546,3.811414151,809,0.897944076,641.79,0.08048599,813.7938446,0.586173314,10111,2.535693477,808.8862192,2.163299135,319
"KCAE20110703_113001",2316.1,"2011","07","03",0.52734375,1738.24,0.207322667,2095.410197,1.366867171,10107,3.907687538,2090.612833,4.568714463,535,0.898575269,577.86,0.076788199,775.6375993,0.554636729,10101,2.378819419,770.7374917,2.031556958,324
"KCAE20110703_113417",3030.07,"2011","07","03",0.52734375,1995.5,0.232799736,2353.372529,1.507692718,10109,3.953878338,2348.603733,4.900122317,594,0.896116135,1034.57,0.124816215,1261.642302,0.794379362,10108,2.623833759,1256.81637,2.602581841,479
"KCAE20110703_113833",2297.12,"2011","07","03",0.527350817,1464.45,0.187384478,1893.520148,1.432996805,10105,4.178500416,1888.682188,5.412336015,452,0.900908802,832.67,0.121686961,1229.768431,0.982711816,10106,2.710022057,1224.92997,3.822179153,452
"KCAE20110703_114249",3637.27,"2011","07","03",0.52734375,2079.64,0.363396174,3671.39155,7.008491921,10103,7.274961614,3666.580654,30.59579545,504,0.895991082,1557.63,0.305874967,3092.090046,6.49925574,10109,6.568636387,3087.259102,29.48137047,470
"KCAE20110703_114704",4136.74,"2011","07","03",0.52734375,2096.44,0.468937083,4732.044108,10.88236531,10091,11.96755594,4727.184597,53.80363005,395,0.899575388,2040.3,0.432613133,4368.094801,9.984722691,10097,8.217138312,4363.300443,42.83697512,531
"KCAE20110703_115120",8622.45,"2011","07","03",0.52734375,3957.11,0.920637668,9291.995985,20.03117748,10093,17.68990595,9287.200626,86.20121575,525,0.893950567,4665.34,1.09920874,11098.71064,25.25208158,10097,18.48991811,11093.95087,102.1060849,600
"KCAE20110703_115536",9490.14,"2011","07","03",0.527490786,5032.01,1.215742324,12263.19283,25.54342086,10087,23.9421757,12258.39396,111.0542951,512,0.897575599,4458.13,1.054931298,10637.9272,23.10549273,10084,14.95531586,10633.22958,85.86877976,711
"KCAE20110703_115952",10899.27,"2011","07","03",0.52734375,5199.71,1.284515238,12955.62069,27.56126268,10086,28.09283462,12950.79676,126.0919012,461,0.895345988,5699.56,1.325514152,13370.46125,26.3348053,10087,17.26846731,13365.7937,93.66601753,774
"KCAE20110703_120407",12173.34,"2011","07","03",0.527357913,4656.49,1.127255048,11367.2399,25.40657942,10084,21.64276011,11362.44906,109.4348583,525,0.898641999,7516.85,1.698963678,17139.14559,28.05929579,10088,19.23068032,17134.53617,92.65950712,891
"KCAE20110703_120823",16623.84,"2011","07","03",0.527372068,6667.84,1.447462759,14600.55685,26.9882149,10087,70.85244959,14595.60462,175.7669762,206,0.898456972,9956,1.749933939,17662.08324,26.22548763,10093,33.505292,17657.28889,110.1358674,527
"KCAE20110703_121238",31584.8,"2011","07","03",0.52734375,11517.24,2.026972502,20458.23346,29.43681514,10093,64.11703716,20453.33485,153.318043,319,0.897322103,20067.56,3.014381616,30400.0386,40.38823004,10085,59.7155977,30395.23923,170.2573334,509
"KCAE20110703_121654",35777.03,"2011","07","03",0.527350846,17422.86,2.435521404,24511.08741,34.38764238,10064,72.28971495,24506.21337,173.6123999,339,0.922390475,18354.17,2.513952356,25277.79094,36.0159673,10055,44.2610117,25273.03768,145.0135024,571
"KCAE20110703_122109",34947.83,"2011","07","03",0.52734375,18023.79,2.282908223,22956.92509,37.13450089,10056,54.64784679,22952.09565,173.8493088,420,0.893735494,16924.04,2.108030046,21156.18955,30.89802695,10036,34.5048399,21151.46686,120.5587799,613
"KCAE20110703_122525",45328.45,"2011","07","03",0.527436422,19043.06,2.497604262,23095.34661,34.0160766,9247,57.58332446,23090.91311,153.5131728,401,0.906436361,26285.39,3.316769393,32023.40849,37.47509845,9655,57.69161745,32018.84769,146.0484852,555
"KCAE20110703_122941",67555.94,"2011","07","03",0.52734375,35603.48,4.204013636,42220.90894,48.91131932,10043,90.39852157,42216.10957,209.1515267,467,0.895388481,31952.46,3.816685403,38269.90454,46.608107,10027,72.33486628,38265.14426,190.4828229,529
"KCAE20110703_123357",56468.64,"2011","07","03",0.527450323,26306.66,3.08982394,31055.82042,38.95533642,10051,77.62745865,31050.98346,180.0626899,400,0.89600943,30161.98,3.537120368,35452.55744,44.63398706,10023,89.06465708,35447.73352,206.5307534,398
"KCAE20110703_123812",65404.6,"2011","07","03",0.527335556,34304.09,4.048206784,40708.76742,47.60117908,10056,95.10266821,40703.94199,211.3694031,428,0.898240767,31100.51,3.654143956,36742.41748,43.0336307,10055,88.0997291,36737.58704,193.1309998,417
"KCAE20110703_124228",60326.94,"2011","07","03",0.52734375,30465.5,3.545998851,35584.09847,45.17198573,10035,75.86205568,35579.30412,195.578925,469,0.897781912,29861.44,3.460888251,34695.40472,44.30646124,10025,85.65576123,34690.5833,204.0819044,405
"KCAE20110703_124644",49439.6,"2011","07","03",0.52734375,23754.45,2.734598381,27545.60949,34.98147248,10073,51.96382389,27540.82666,143.9999759,530,0.899544409,25685.15,2.95745045,29837.71759,36.98650509,10089,79.76697476,29832.84856,175.6563121,374
"KCAE20110703_125059",39128.75,"2011","07","03",0.52734375,25016.38,2.871764987,28967.49342,39.67598045,10087,41.5534968,28962.78727,145.6105693,697,0.897638566,14112.37,1.612800909,16265.09717,21.28229157,10085,46.19380431,16260.21912,104.6295452,352
"KCAE20110704_100018",18356.73,"2011","07","04",0.525823311,18146.47,1.944551113,19636.07714,17.16864069,10098,24.78713774,19631.41309,56.53043643,792,1.545092901,210.26,0.03806851,384.7203642,0.26955667,10106,1.183228184,379.8162471,0.967392356,321
"KCAE20110704_100957",42378.26,"2011","07","04",0.526548215,42240.11,4.638311316,46856.22091,33.53562021,10102,38.56112499,46851.76686,89.71235172,1215,1.541802413,138.15,0.023191684,234.3287721,0.182808475,10104,1.092238217,229.3700256,0.665402062,210
"KCAE20110704_101936",37308.89,"2011","07","04",0.52601952,37249.06,4.002072486,40440.94247,21.8498333,10105,20.82227151,40436.85128,46.20399083,1942,1.532324748,59.83,0.009865344,99.67943342,0.13207527,10104,1.183194157,94.65553259,0.908611886,80
"KCAE20110704_102915",21376.97,"2011","07","04",0.525405114,21179.6,2.190868508,22149.68062,14.50859875,10110,9.899747328,22145.73477,29.58590681,2237,1.541385534,197.37,0.030273111,305.8189723,0.314747933,10102,1.728983824,300.8431854,1.682571149,174
"KCAE20110704_103854",16610.2,"2011","07","04",0.524331317,15038.25,1.41330723,14280.05625,7.464093318,10104,7.997695727,14275.88687,16.21176431,1785,1.533847966,1571.95,0.250138017,2527.644666,1.251357935,10105,2.636426129,2523.059805,3.202087609,957
"KCAE20110704_104833",15696.34,"2011","07","04",0.525253368,13035,1.196214936,12086.55572,9.101940503,10104,11.55068448,12082.01596,26.1004471,1046,1.543073989,2661.34,0.434049989,4385.207038,1.477291546,10103,2.671320421,4380.965491,2.733533125,1640
"KCAE20110704_105813",9008.09,"2011","07","04",0.525178343,7238.58,0.643624521,6503.182155,3.670840754,10104,8.406863619,6498.505577,10.53566641,773,1.541585838,1769.51,0.308689928,3118.694345,1.388812221,10103,2.352186119,3114.294422,3.149348587,1324
"KCAE20110704_110752",4604.75,"2011","07","04",0.52736278,3512.49,0.336090937,3395.526732,6.591967431,10103,6.808660299,3390.712829,28.96704744,498,1.540473939,1092.26,0.186535559,1884.568749,0.958331468,10103,2.246027178,1879.924748,2.543131154,837
"KCAE20110704_111731",1639.65,"2011","07","04",0.525863755,1249.28,0.139621744,1410.598475,1.183198559,10103,3.488181039,1405.736959,4.844822562,403,1.533446698,390.37,0.064477215,651.6067301,0.470802481,10106,1.816629648,646.7201546,1.765860812,356
"KCAE20110704_112711",1611.58,"2011","07","04",0.525831581,1470.28,0.170250588,1720.552441,1.888747473,10106,3.54489673,1715.730017,7.915061592,484,1.543463301,141.3,0.024194656,244.4628087,0.33832456,10104,1.88553121,239.4624637,2.375174273,127
"KCAE20110704_113651",564.82,"2011","07","04",0.525797659,523.93,0.068718286,694.1234045,1.090250275,10101,2.836142801,689.1827007,6.459792081,243,1.540620491,40.89,0.007919456,80.01817882,0.119964087,10104,1.171660297,74.986259,0.96089318,64
"KCAE20110704_114631",342.75,"2011","07","04",0.524460736,278.93,0.03633939,367.2458798,0.404081196,10106,2.447669306,362.2550573,2.298510462,148,1.538132679,63.82,0.012960575,130.9925288,0.14434597,10107,1.272491384,125.976647,0.728131571,99
"KCAE20110704_115610",405.42,"2011","07","04",0.526283084,365.11,0.042755326,431.7860389,0.650093942,10099,2.845331514,426.7997271,4.540430049,150,1.539431768,40.31,0.00696309,70.34113111,0.111398967,10102,1.036662103,65.30971247,0.968319523,63
"KCAE20110704_120549",337.65,"2011","07","04",0.527069146,304.64,0.046148714,466.1943044,0.589618393,10102,2.576653762,461.2210235,3.62940242,179,1.541291144,33.01,0.006910921,69.82103287,0.094703619,10103,1.02839862,64.78911304,0.628022249,63
"KCAE20110704_121529",295.45,"2011","07","04",0.524526478,217.6,0.030121665,304.2890625,0.450463227,10102,2.267365347,299.2922258,3.245930139,132,1.542644361,77.85,0.016511895,166.8031612,0.146321984,10102,0.992772155,161.8218613,0.600221951,163
"KCAE20110704_122509",268.49,"2011","07","04",0.525877057,106.36,0.015540633,156.9759358,0.289542376,10101,2.337631089,151.9460208,2.778192408,65,1.537951109,162.13,0.036490527,368.7002803,0.261220374,10104,1.196673176,363.7886454,0.939602909,304
"KCAE20110704_123449",351.3,"2011","07","04",0.525185081,173.3,0.024500587,247.5784363,0.323511976,10105,2.225399713,242.5685687,2.202136818,109,1.544202077,178,0.036471654,368.5460598,0.243668202,10105,1.115475306,363.6449499,0.799459261,326
"KCAE20110704_124429",9327.51,"2011","07","04",0.526403758,9138.35,0.833079341,8417.433666,12.01544582,10104,16.1161519,8412.63129,50.52531594,522,1.53359514,189.16,0.035935191,362.9454276,0.296107075,10100,1.437784065,358.0082322,1.243978666,249
"KCAE20110704_125408",6441.55,"2011","07","04",0.526963262,6340.18,0.577960285,5840.866642,11.94869438,10106,11.31019429,5836.060256,51.76633031,516,1.538831768,101.37,0.019323239,195.2613268,0.183965338,10105,1.227577508,190.2745138,0.853358615,155
"KCAE20110705_100202",2910.69,"2011","07","05",0.524118012,2906.51,0.335178561,3385.303461,3.049241091,10100,9.014478441,3380.429415,13.13861437,375,1.533446323,4.18,0.000501187,5.063995809,0,10104,NA,0,NA,0
"KCAE20110705_101141",8867.73,"2011","07","05",0.525787788,8856.2,0.998005442,10083.84699,6.354823238,10104,13.45682027,10079.15838,19.43134156,749,1.534328687,11.53,0.001127034,11.38754875,0.044481354,10104,3.16227766,6.32455532,0,2
"KCAE20110705_102119",16348.81,"2011","07","05",0.526114773,16341.64,1.733735133,17521.12726,7.907378405,10106,12.02250686,17516.79249,17.61174805,1457,1.540824907,7.17,0.001036634,10.47207735,0.022617361,10102,0.902015173,5.412091039,0.242341714,6
"KCAE20110705_103058",20929.27,"2011","07","05",0.526217923,20421.07,2.057333552,20779.06888,10.16929863,10100,11.21151408,20774.93559,21.47648504,1853,1.541187768,508.2,0.078803624,796.3106171,0.498571077,10105,1.954195311,791.449101,1.594922636,405
"KCAE20110705_104038",18877.84,"2011","07","05",0.524798867,17382.3,1.564072552,15803.38906,7.629706813,10104,10.08883137,15799.10993,17.02175322,1566,1.539506808,1495.54,0.226487147,2287.973162,0.972195251,10102,2.191393863,2283.432406,2.205005238,1042
"KCAE20110705_105017",6688.6,"2011","07","05",0.525233336,5549.71,0.478670038,4837.918072,2.495043063,10107,5.536414787,4833.290109,6.641969314,873,1.532761819,1138.89,0.184735504,1866.937007,0.855841576,10106,1.914038709,1862.359664,2.074193682,973
"KCAE20110705_105955",4646.24,"2011","07","05",0.524450723,3604.84,0.304112403,3074.272278,2.922519866,10109,5.868963474,3069.467897,11.51826734,523,1.531730983,1041.4,0.163964449,1656.532825,0.738617891,10103,1.916358879,1651.901353,1.743474638,862
"KCAE20110705_110934",4212.47,"2011","07","05",0.525126047,3657.38,0.357869138,3616.625506,12.28125716,10106,10.28984736,3611.736425,65.20867404,351,1.533561388,555.09,0.086425202,873.413089,0.584498082,10106,1.892327093,868.5781358,2.028239823,459
"KCAE20110705_111913",1147.95,"2011","07","05",0.524071007,849.52,0.090068029,910.2274963,1.227800438,10106,4.394493896,905.2657426,7.436567901,206,1.540356815,298.43,0.04496807,454.3573835,0.384486658,10104,1.834351749,449.4161786,1.681100508,245
"KCAE20110705_112852",1565.23,"2011","07","05",0.52516356,1406.4,0.145744691,1472.167124,5.498837172,10101,9.05670262,1467.185824,42.6106536,162,1.538866482,158.83,0.026877729,271.6263258,0.310903676,10106,1.877693635,266.6324962,1.851593956,142
"KCAE20110705_113832",533.65,"2011","07","05",0.524938588,469.89,0.062811834,634.6507669,0.583343082,10104,2.725985045,629.7025454,2.767232706,231,1.539755572,63.76,0.011016473,111.3434961,0.221722161,10107,1.832880441,106.3070656,2.306338142,58
"KCAE20110705_114811",364.83,"2011","07","05",0.525456001,344.56,0.041157156,416.0576894,0.527090852,10109,2.874565436,411.0628574,3.40230546,143,1.54250635,20.27,0.003212959,32.46052357,0.084450733,10103,1.370352634,27.40705269,1.34929132,20
"KCAE20110705_115751",395.83,"2011","07","05",0.525588091,367.79,0.046450295,469.2873304,0.989578373,10103,3.413911744,464.2919972,7.854832323,136,1.54248373,28.04,0.004428633,44.75133354,0.20664062,10105,2.835275226,39.69385316,4.954383819,14
"KCAE20110705_120730",188.82,"2011","07","05",0.525225851,184.64,0.021307279,215.3100593,0.333802346,10105,2.730963035,210.2841537,2.705100104,77,1.541886848,4.18,0.000501187,5.064496996,0,10105,NA,0,NA,0
"KCAE20110705_121710",246.25,"2011","07","05",0.524320389,240.3,0.020903435,211.1665049,0.878324386,10102,4.294324343,206.1275685,12.12671311,48,1.540229691,5.95,0.000852663,8.612753074,0.021325297,10101,1.183921463,3.551764389,0.443258822,3
"KCAE20110705_122649",141.89,"2011","07","05",0.524673281,137.71,0.015714505,158.779354,0.349563468,10104,3.271040724,153.738914,3.994938627,47,1.53882144,4.18,0.000501187,5.064496996,0,10105,NA,0,NA,0
"KCAE20110705_123628",424.15,"2011","07","05",0.524725706,412.97,0.036803242,371.9703661,0.702222072,10107,3.190978289,366.9625033,5.793331383,115,1.538980983,11.18,0.001052065,10.62795596,0.042624723,10102,2.782982449,5.565964898,1.694354076,2
"KCAE20110705_124608",116.01,"2011","07","05",0.526159771,97.58,0.009511604,96.11475751,0.232230027,10105,2.601937202,91.06780206,3.014063256,35,1.540089039,18.43,0.002690229,27.17131003,0.136225312,10100,4.422364982,22.11182491,4.735359933,5
"KCAE20110705_125547",370.12,"2011","07","05",0.525022542,365.94,0.028952801,292.568053,0.648526317,10105,6.686630397,287.5251071,7.457017858,43,1.545800182,4.18,0.000501187,5.063494621,0,10103,NA,0,NA,0
"KCAE20110706_100037",353484.59,"2011","07","06",0.533346911,161552.67,13.3000184,133226.2843,75.39346216,10017,108.134644,133221.8814,189.6996203,1232,1.480522496,191931.92,14.49455447,146366.0111,70.76869106,10098,98.89303503,146361.6919,160.7437722,1480
"KCAE20110706_100622",288566.01,"2011","07","06",0.531086561,146894.27,11.63361903,117197.0781,72.89330204,10074,88.38061367,117192.6937,183.3196598,1326,1.474769908,141671.74,10.69219181,108012.5217,54.88627238,10102,82.76483737,108008.1128,131.7790854,1305
"KCAE20110706_101207",205017.43,"2011","07","06",0.532062754,101313.49,8.440086535,85160.47314,51.23008862,10090,59.59141523,85156.13236,124.4680265,1429,1.492272775,103703.94,7.811002087,78906.74308,42.67568138,10102,71.92546025,78902.22989,110.3136782,1097
"KCAE20110707_100123",2995.01,"2011","07","07",0.525552028,2989.02,0.341092503,3445.716463,3.924323593,10102,11.28133224,3440.806332,19.69479415,305,1.541363134,5.99,0.000700343,7.076262827,0.014247551,10104,1.006634696,2.013269392,0.163177276,2
"KCAE20110707_101103",1620.81,"2011","07","07",0.524847846,1616.63,0.191558109,1935.120015,1.297080496,10102,4.289516791,1930.282556,4.498158099,450,1.540397504,4.18,0.000501187,5.062993434,0,10102,NA,0,NA,0
"KCAE20110707_102043",6535.46,"2011","07","07",0.525484793,6531.28,0.732528339,7402.931393,4.818546545,10106,6.388986848,7398.44677,12.90802899,1158,1.539686094,4.18,0.000501187,5.063494621,0,10103,NA,0,NA,0
"KCAE20110707_103023",10342.76,"2011","07","07",0.525275524,10307.35,1.08767764,10992.07023,5.403266506,10106,7.162825326,10987.77405,12.20264628,1534,1.539548643,35.41,0.005569679,56.28717138,0.09246541,10106,1.191714517,51.24372425,0.781319686,43
"KCAE20110707_104003",6198.57,"2011","07","07",0.526168236,5855.73,0.565391772,5712.153069,2.579895328,10103,4.849345345,5707.679471,6.031986024,1177,1.541571012,342.84,0.059238318,598.603204,0.536147338,10105,1.855309647,593.6990869,2.400624946,320
"KCAE20110707_104943",2239.31,"2011","07","07",0.524869244,1783.87,0.182266445,1841.802423,1.237046981,10105,3.352212731,1837.012577,4.197945311,548,1.54063981,455.44,0.079147308,799.7835452,0.670696844,10105,2.048746157,794.9135088,2.774862988,388
"KCAE20110707_105922",2117.24,"2011","07","07",0.526345932,1851.82,0.230332263,2326.816519,1.420860368,10102,3.047421825,2322.135431,4.266385664,762,1.533637899,265.42,0.0419675,423.9556882,0.431914107,10102,1.985774622,418.9984453,2.257361381,211
"KCAE20110707_110902",840.12,"2011","07","07",0.526317316,779.4,0.12528566,1265.886304,1.28825028,10104,2.563148155,1261.068892,5.280929465,492,1.539827659,60.72,0.010136767,102.4320344,0.174842009,10105,1.679251832,97.39660626,1.602404499,58
"KCAE20110707_111842",1054.43,"2011","07","07",0.526425143,1036.53,0.160640017,1623.428008,0.82588549,10106,2.356196981,1618.707326,2.206298753,687,1.538814045,17.9,0.002792486,28.20969095,0.095751394,10102,1.929392647,23.15271176,2.089255317,12
"KCAE20110707_112822",965.68,"2011","07","07",0.524806017,959.05,0.156403461,1579.67496,0.813334947,10100,2.230831172,1574.966808,2.200646725,706,1.540339961,6.63,0.000860738,8.69689832,0.02736136,10104,1.816952443,3.633904886,0.982785072,2
"KCAE20110707_113801",535.34,"2011","07","07",0.524250855,531.16,0.085608984,864.9931787,0.663861182,10104,2.019114293,860.1426887,2.562091216,426,1.539530849,4.18,0.000501187,5.064496996,0,10105,NA,0,NA,0
"KCAE20110707_114741",639.75,"2011","07","07",0.524129711,629.28,0.100313069,1013.763873,0.665858627,10106,2.101957176,1008.939445,2.266749102,480,1.540212446,10.47,0.00134878,13.63347179,0.054843845,10108,2.142368994,8.569475976,2.004759683,4
"KCAE20110707_115721",1436.71,"2011","07","07",0.525372152,1431.3,0.230595114,2328.318866,1.18388675,10097,2.628621525,2323.701428,3.117044048,884,1.540728639,5.41,0.000797863,8.058419422,0.021116606,10100,1.498715369,2.997430737,0.121873847,2
"KCAE20110707_120701",1442.32,"2011","07","07",0.524551786,1438.14,0.228217151,2306.590741,1.796569764,10107,2.780121044,2301.940225,5.686859863,828,1.54118505,4.18,0.000501187,5.064496996,0,10105,NA,0,NA,0
"KCAE20110707_121640",1642.32,"2011","07","07",0.525004371,1637.62,0.256152671,2588.166592,1.727049029,10104,2.766135658,2583.570705,5.034783388,934,1.539887813,4.7,0.000628709,6.351850356,0.009704408,10103,0.644679054,1.289358109,0.348705302,2
"KCAE20110707_122620",922.61,"2011","07","07",0.523546309,918.43,0.151531109,1531.524918,1.133037942,10107,2.76582622,1526.736074,4.037756138,552,1.53982022,4.18,0.000501187,5.063995809,0,10104,NA,0,NA,0
"KCAE20110707_123600",1376.86,"2011","07","07",0.525492763,1369.64,0.218425752,2207.192229,1.479333455,10105,3.535216648,2202.439972,4.879228556,623,1.537831036,7.22,0.001080281,10.91840269,0.027583795,10107,0.975985074,5.855910445,0.629807212,6
"KCAE20110707_124540",5819.8,"2011","07","07",0.524790421,5815.62,0.792593614,8009.158472,5.685645542,10105,5.881540111,8004.776091,14.49886428,1361,1.539061364,4.18,0.000501187,5.063494621,0,10103,NA,0,NA,0
"KCAE20110707_125520",5173.82,"2011","07","07",0.524939607,5161.14,0.797165279,8056.152307,7.571729878,10106,4.853477262,8051.918778,18.15814751,1659,1.539742641,12.68,0.001494862,15.1025867,0.039035658,10103,1.255387698,10.04310158,0.63305452,8
"KCAE20110708_100444",33853.99,"2011","07","08",0.531710908,23682.79,2.191822588,22080.42075,30.03699386,10074,51.10089886,22075.58831,136.3119298,432,1.482368237,10171.2,0.917211005,9255.576247,17.84291276,10091,81.14540265,9250.575902,147.8517621,114
"KCAE20110708_101029",33595.83,"2011","07","08",0.532840186,18607.76,1.747632197,17605.64675,26.1030784,10074,26.54740585,17600.93008,98.53117838,663,1.480509783,14988.07,1.287672483,12993.90302,26.70981893,10091,117.0171277,12988.90118,227.5393983,111
"KCAE20110708_101616",31964.19,"2011","07","08",0.533546395,22477.3,2.135437349,21510.26042,28.33845252,10073,22.6375664,21505.68808,89.76962184,950,1.479717261,9486.89,0.83355351,8415.556233,18.09978559,10096,110.6649255,8410.534337,178.266028,76
"KCAE20110708_102202",31215.88,"2011","07","08",0.533821301,22878.47,2.141255057,21579.56846,25.10252029,10078,18.71213822,21575.09536,72.12292357,1153,1.492301588,8337.41,0.746178471,7531.179308,17.69469978,10093,109.074716,7526.155407,185.6837824,69
"KCAE20110708_102748",43974.45,"2011","07","08",0.533611696,31136.01,2.908611275,29344.97916,31.15728221,10089,20.30494595,29340.6469,80.17805471,1445,1.482910241,12838.44,1.155281449,11675.27432,22.83827126,10106,95.65795465,11670.27047,185.5919046,122
"KCAE20110708_103334",41512.01,"2011","07","08",0.532170532,30719.82,2.904403178,29328.66329,29.46076117,10098,21.1575014,29324.29695,77.07798915,1386,1.479089573,10792.19,0.994871492,10058.15078,17.03251045,10110,73.92023486,10053.15194,127.6442084,136
"KCAE20110708_103923",63636.43,"2011","07","08",0.531355618,39798.25,3.644758925,36750.10424,37.22162314,10083,33.68065771,36745.59757,108.6380596,1091,1.49151869,23838.18,2.016851351,20354.06383,34.42778729,10092,111.8082256,20349.09707,231.8129349,182
"KCAE20110708_104508",79813.74,"2011","07","08",0.53095099,50071.81,4.533041667,45683.99392,44.76842778,10078,46.80269684,45679.43212,136.8720624,976,1.475981306,29741.93,2.508143433,25327.23238,36.90706391,10098,77.67587356,25322.33478,190.9492906,326
"KCAE20110708_105054",111742.69,"2011","07","08",0.533688114,71897.09,6.507715262,65389.52295,54.89840131,10048,64.73761705,65384.99322,161.9769546,1010,1.479275264,39845.6,3.680559977,37125.80849,41.09001882,10087,79.83007755,37120.98606,174.9530143,465
"KCAE20110708_105640",189031.39,"2011","07","08",0.533690989,105502.25,9.943698939,98810.53635,71.90722984,9937,95.18889816,98806.07629,203.5198372,1038,1.483967488,83529.14,7.355525108,73437.56268,64.81056077,9984,125.9568628,73432.85102,238.9247146,583
"KCAE20110708_110226",237266.26,"2011","07","08",0.533475354,97746.13,9.750561335,95555.50108,70.8396343,9800,89.71936452,95551.12321,197.571731,1065,1.479335932,139520.13,12.23210537,121122.3073,88.22748615,9902,171.7981531,121117.6979,286.3962317,705
"KCAE20110708_110811",284413.11,"2011","07","08",0.531024472,127729.59,12.95722659,124920.6216,85.01232267,9641,126.689943,124916.2838,237.2905088,986,1.4739392,156683.52,14.40327418,141512.1689,88.82524689,9825,180.9560571,141507.6366,262.8081211,782
"KCAE20110708_111357",366242.79,"2011","07","08",0.52732527,160967.24,16.16706125,153781.0866,98.65055857,9512,153.0117642,153776.823,266.8932543,1005,1.474666599,205275.55,18.72835618,182976.0399,99.93803214,9770,191.1929184,182971.6229,262.7759092,957
"KCAE20110708_111942",423928.38,"2011","07","08",0.53313197,183417.64,18.19406392,171733.7693,102.4413123,9439,171.5579823,171729.5403,269.6431593,1001,1.477966842,240510.74,21.9826071,213692.9236,109.68022,9721,192.1660152,213688.6089,269.284172,1112
"KCAE20110708_112529",514252.77,"2011","07","08",0.525277573,225177.59,22.22232636,207845.4184,111.6408349,9353,196.4473167,207841.2611,275.7105703,1058,1.494446942,289075.18,26.79275482,258014.2289,122.650312,9630,198.6220581,258010.0535,278.2794716,1299
"KCAE20110708_113117",645798.77,"2011","07","08",0.530282078,265559.02,25.44065564,235046.2174,122.7745933,9239,203.4997107,235042.1658,290.5183335,1155,1.48320652,380239.75,36.04547354,345027.2728,142.2956574,9572,226.9889718,345023.2372,290.1888418,1520
"KCAE20110708_113703",689848.31,"2011","07","08",0.527162002,285962.08,28.18548971,254712.2705,127.2958963,9037,214.9437428,254708.3352,288.947278,1185,1.512052583,403886.23,38.97472811,366323.4695,150.3841976,9399,228.8067216,366319.5612,298.9571182,1601
"KCAE20110708_114249",748012.7,"2011","07","08",0.533446514,314816.32,32.10171517,286668.3165,136.7886655,8930,217.9958174,286664.4999,294.2661627,1315,1.480653479,433196.38,43.03872268,399700.6175,158.2544295,9287,223.1696598,399696.8606,299.501717,1791
"KCAE20110708_114836",840247.72,"2011","07","08",0.531989956,343755.6,36.7632098,326420.5398,149.3554586,8879,216.4567941,326416.8456,304.1268239,1508,1.480235402,496492.12,50.99188224,470604.0812,171.3085656,9229,236.9589381,470600.4511,303.8747729,1986
"KCAE20110708_115423",923677.59,"2011","07","08",0.533064383,427991.7,46.6300774,415520.6197,166.5270258,8911,240.183249,415517.0207,310.4698682,1730,1.479047142,495685.89,53.01904576,492334.8589,169.7368026,9286,217.3648301,492331.3401,287.0849759,2265
"KCAE20110708_120009",954268.93,"2011","07","08",0.532251522,452534.22,50.59555916,455309.4369,167.8466533,8999,242.8297954,455305.8665,297.5988499,1875,1.500380272,501734.71,55.4595108,514220.5842,175.5823088,9272,216.3303023,514217.1285,292.3654677,2377
"KCAE20110708_120557",938011.16,"2011","07","08",0.533222495,431777.48,49.6149055,450255.2674,160.2519104,9075,215.6378188,450251.7656,275.3875232,2088,1.479789293,506233.68,57.34369521,526931.2153,181.7264085,9189,229.898673,526927.7586,304.559547,2292
"KCAE20110708_121145",1050595.81,"2011","07","08",0.533325089,499245.17,57.53983951,530920.0991,181.7421166,9227,247.0528393,530916.5517,308.2669259,2149,1.480790023,551350.64,63.08751308,585578.2964,191.4415579,9282,245.2155951,585574.8412,312.7630286,2388
"KCAE20110708_121731",1013276.24,"2011","07","08",0.531614635,505034.71,59.18920978,550104.5157,180.1354128,9294,250.2734119,550100.9593,299.0129406,2198,1.477320052,508241.53,60.02863971,560727.5235,184.6087371,9341,225.3714184,560724.0889,301.1833857,2488
"KCAE20110708_122317",1023227.61,"2011","07","08",0.533439153,509282.27,61.89870182,582095.3919,188.8952546,9404,262.2035096,582091.7914,314.0949104,2220,1.479358584,513945.34,62.15671694,583527.2586,186.8828303,9388,222.210156,583523.8696,298.8536755,2626
"KCAE20110708_122903",1006359.98,"2011","07","08",0.530680497,487507.02,60.08863993,570481.5475,183.0909707,9494,247.6032743,570477.944,302.8698175,2304,1.490980758,518852.96,63.77105834,600532.0564,189.6914841,9417,217.2679891,600528.722,298.7702499,2764
"KCAE20110708_123448",1076195.7,"2011","07","08",0.532776625,511685.32,63.53759346,607864.1566,187.8852039,9567,256.049095,607860.5516,304.9445117,2374,1.475844248,564510.38,71.47229089,674198.12,202.8632416,9433,232.9629726,674194.8427,310.7053027,2894
"KCAE20110708_124034",1135804.43,"2011","07","08",0.531151867,594315.44,73.36935629,709408.306,200.5834656,9669,268.0033195,709404.7867,307.9358919,2647,1.478517666,541488.99,71.0608987,667190.7779,199.3757597,9389,211.2690485,667187.655,297.6172859,3158
"KCAE20110708_124622",1160868.33,"2011","07","08",0.533451617,590378.73,74.90632221,724943.3864,199.8284801,9678,252.5043451,724939.9748,299.6331758,2871,1.482182398,570489.6,76.55112605,717360.6022,206.292161,9371,203.968629,717357.6683,295.6598699,3517
"KCAE20110708_125207",1149896.35,"2011","07","08",0.53287609,556439.56,72.06438889,697222.9625,190.7019047,9675,229.4240331,697219.6367,282.2966435,3039,1.478845567,593456.79,80.24319335,756211.8542,203.6137975,9424,191.7365892,756209.1077,278.7385467,3944
"KCAE20110708_125753",1185046.54,"2011","07","08",0.534001319,577845.96,77.38699989,745855.905,198.7049703,9638,223.912562,745852.744,285.3888522,3331,1.502865336,607200.58,83.66033653,789837.2372,203.5064418,9441,176.538835,789834.7478,266.4645164,4474
"KCAE20110709_100217",1770.26,"2011","07","09",0.532271242,1694.36,0.170399543,1722.568979,3.224555933,10109,15.19963816,1717.559112,26.6068958,113,1.477827395,75.9,0.007775052,78.60578057,0.202367992,10110,3.343172898,73.54980376,2.834404437,22
"KCAE20110709_100904",378.81,"2011","07","09",0.536246558,370.21,0.034523318,348.7890768,1.08305444,10103,9.045911245,343.7446273,15.38011295,38,1.480530867,8.6,0.000898693,9.079492795,0.02843598,10103,2.008500274,4.017000549,0.325581469,2
"KCAE20110709_101450",115.34,"2011","07","09",0.531040842,111.16,0.012399809,125.2628721,0.259076593,10102,3.339386704,120.2179214,2.81872605,36,1.480022258,4.18,0.000501187,5.063995809,0,10104,NA,0,NA,0
"KCAE20110709_102035",136.67,"2011","07","09",0.531685008,132.49,0.022706598,229.4501757,0.326061044,10105,2.671759267,224.4277785,2.404326939,84,1.479128079,4.18,0.000501187,5.063494621,0,10103,NA,0,NA,0
"KCAE20110709_102621",231.26,"2011","07","09",0.533529809,227.08,0.038807527,392.2664804,0.368438099,10108,2.163632359,387.2901923,1.756621539,179,1.478258499,4.18,0.000501187,5.064998183,0,10106,NA,0,NA,0
"KCAE20110709_103209",219.67,"2011","07","09",0.533675241,215.49,0.038571917,389.7306486,0.323118863,10104,2.025062518,384.7618784,1.240146565,190,1.480906797,4.18,0.000501187,5.063995809,0,10104,NA,0,NA,0
"KCAE20110709_103756",296.56,"2011","07","09",0.531946851,292.38,0.050264327,507.8204945,0.402090665,10103,2.29619525,502.8667599,1.520656823,219,1.477656783,4.18,0.000501187,5.062993434,0,10102,NA,0,NA,0
"KCAE20110709_104342",269.06,"2011","07","09",0.533569445,264.88,0.04228657,427.1366454,0.355666715,10101,2.153940744,422.1723858,1.407604538,196,1.511953457,4.18,0.000501187,5.064998183,0,10106,NA,0,NA,0
"KCAE20110709_104928",300.58,"2011","07","09",0.533847826,296.4,0.04844126,489.5958101,0.389992158,10107,2.027824663,484.6500944,1.558373333,239,1.491295398,4.18,0.000501187,5.06549937,0,10107,NA,0,NA,0
"KCAE20110709_105513",538.25,"2011","07","09",0.53177123,534.07,0.080848457,816.8119563,0.62858895,10103,2.326428011,811.923376,2.496375294,349,1.477228463,4.18,0.000501187,5.064998183,0,10106,NA,0,NA,0
"KCAE20110709_110101",321.95,"2011","07","09",0.533163144,299.51,0.052852372,533.9675148,0.391839998,10103,1.974023651,529.0383384,1.415446578,268,1.480059059,22.44,0.002855121,28.85671127,0.176326088,10107,11.89610714,23.79221427,5.590138426,2
"KCAE20110709_110648",284.34,"2011","07","09",0.531627201,279.5,0.049754027,502.9137063,0.360805694,10108,1.99189201,497.9730025,1.183636569,250,1.491234525,4.84,0.000659315,6.663693718,0.011314112,10107,0.799598361,1.599196723,0.129616317,2
"KCAE20110709_111234",432.03,"2011","07","09",0.533943373,427.38,0.080538606,814.0842252,0.497969582,10108,1.964137655,809.2247138,1.546052405,412,1.491900414,4.65,0.000626797,6.333781731,0.008986567,10105,0.635143555,1.27028711,0.1029579,2
"KCAE20110709_111821",497.08,"2011","07","09",0.533550319,491.91,0.091004111,920.051564,0.544852163,10110,2.179035856,915.1950597,1.613250734,420,1.477754081,5.17,0.000759171,7.672183673,0.013021591,10106,0.65229756,2.609190238,0.070097501,4
"KCAE20110709_112408",449.97,"2011","07","09",0.533981754,444.76,0.081767848,826.2641019,0.476783805,10105,1.993704112,821.406094,1.32978991,412,1.483515253,5.21,0.000778881,7.870591061,0.016288115,10105,0.935865876,2.807597627,0.16833921,3
"KCAE20110709_112954",427.1,"2011","07","09",0.532424736,422.92,0.077820931,786.1470496,0.455981316,10102,1.948341726,781.2850323,1.264076193,401,1.475532117,4.18,0.000501187,5.066501745,0,10109,NA,0,NA,0
"KCAE20110709_113541",618.82,"2011","07","09",0.533657244,611.01,0.099202914,1001.751025,0.606256837,10098,2.362325919,996.9015378,1.859362558,422,1.477427925,7.81,0.001370142,13.84528779,0.029757287,10105,0.878580267,8.785802669,0.371850387,10
"KCAE20110709_114126",627.21,"2011","07","09",0.531329189,620.66,0.098138895,991.4972558,0.648787333,10103,2.549425635,986.6277207,2.179837179,387,1.476037313,6.55,0.000923201,9.331713655,0.022939445,10108,1.066929462,4.267717847,0.507020658,4
"KCAE20110709_114712",688.48,"2011","07","09",0.533527704,674.42,0.104453277,1055.709275,0.591363838,10107,2.461025252,1050.857783,1.576130343,427,1.480854883,14.06,0.002478572,25.05836404,0.057331458,10110,1.428455552,19.99837772,0.602559381,14
"KCAE20110709_115311",545.71,"2011","07","09",0.53232261,538.07,0.082770122,836.3093177,0.485473665,10104,2.148421916,831.4392813,1.311624912,387,1.481525485,7.64,0.001334954,13.48837801,0.033199337,10104,1.053548963,8.428391703,0.569615516,8
"KCAE20110709_115857",321.07,"2011","07","09",0.533856281,314.41,0.050074783,505.955605,0.382579596,10104,2.004067624,501.016906,1.417062786,250,1.474825145,6.66,0.001062181,10.73546587,0.037331256,10107,1.417992811,5.671971245,1.420094054,4
"KCAE20110709_120443",341.66,"2011","07","09",0.529802005,334.1,0.055048494,556.3751302,0.395146139,10107,2.088795244,551.4419443,1.317809319,264,1.481211791,7.56,0.001069686,10.80810637,0.026759312,10104,1.149323299,5.746616496,0.399583047,5
"KCAE20110709_121028",309.84,"2011","07","09",0.533705229,305.66,0.047372465,478.6040098,0.373306891,10103,2.095813201,473.6537835,1.394871854,226,1.480212831,4.18,0.000501187,5.064496996,0,10105,NA,0,NA,0
"KCAE20110709_121614",394.05,"2011","07","09",0.53336204,389.87,0.059749611,603.7698215,0.432521825,10105,2.242843227,598.8391415,1.48067417,267,1.483892444,4.18,0.000501187,5.064998183,0,10106,NA,0,NA,0
"KCAE20110709_122201",392.43,"2011","07","09",0.532601485,384.42,0.063201347,638.5232101,0.433453985,10103,2.162479738,633.6065633,1.394926328,293,1.480704915,8.01,0.001222356,12.34701327,0.034682364,10101,1.214588024,7.287528147,0.81365385,6
"KCAE20110709_122749",393.22,"2011","07","09",0.531526404,387.37,0.06490281,655.9077938,0.434069023,10106,2.148497212,650.9946553,1.346875748,303,1.481839438,5.85,0.000908389,9.180175973,0.022367915,10106,1.029295635,4.117182539,0.524014647,4
"KCAE20110709_123334",255.11,"2011","07","09",0.53331425,248.48,0.042140606,425.788684,0.323090605,10104,1.994457055,420.8304387,1.053880762,211,1.479990726,6.63,0.00101552,10.26081836,0.028427616,10104,1.299706826,5.198827304,0.686892167,4
"KCAE20110709_123920",241.35,"2011","07","09",0.533313304,236.2,0.03789628,382.7903208,0.333500991,10101,2.158945922,377.8155363,1.360721418,175,1.47811378,5.15,0.0007042,7.118753017,0.014797727,10109,1.026626823,2.053253647,0.328519814,2
"KCAE20110709_124508",242.94,"2011","07","09",0.52895315,235.86,0.037309988,376.9428051,0.366614069,10103,2.240737998,371.9625076,1.806316974,166,1.47546028,7.08,0.001122911,11.3481392,0.027941407,10106,1.047691356,6.286148137,0.512535092,6
"KCAE20110709_125054",143.63,"2011","07","09",0.533212548,134.84,0.023174632,234.1796577,0.24292279,10105,1.848204096,229.1773079,1.203349312,124,1.475950023,8.79,0.001061566,10.72818425,0.033355227,10106,1.416297703,5.665190813,1.037269875,4
"KCAE20110709_125640",165.04,"2011","07","09",0.533306048,154.47,0.026856185,271.3817494,0.237222471,10105,1.741136824,266.3939341,0.858605988,153,1.479186891,10.57,0.001363259,13.77709223,0.044809104,10106,2.178524699,8.714098795,0.663763907,4
"KCAE20110710_100543",113065.17,"2011","07","10",0.531438343,60469.91,5.564659573,55318.28082,57.42356494,9941,154.5069216,55313.47794,262.1732185,358,1.473757262,52595.26,4.736693257,47641.66078,47.46932001,10058,123.0925421,47636.8138,210.0069763,387
"KCAE20110710_101130",111604.41,"2011","07","10",0.530928693,58033.13,5.103984107,50866.30561,54.82878842,9966,107.0769449,50861.54884,228.5999633,475,1.477663316,53571.28,4.626851634,46573.88855,49.7268956,10066,131.5509068,46569.02102,231.8643778,354
"KCAE20110710_101814",102139.57,"2011","07","10",0.535518919,55167.06,5.223717967,52211.06108,55.18621288,9995,57.49615285,52206.50679,174.7828086,908,1.480174769,46972.51,4.284578477,43192.83563,45.79188452,10081,130.8725714,43187.94855,218.2387627,330
"KCAE20110710_102400",72730.66,"2011","07","10",0.531874172,47081.17,4.695061853,47067.99507,46.77214054,10025,31.77833419,47063.71293,118.1336144,1481,1.478242768,25649.49,2.412947768,24361.12066,30.79120079,10096,81.45889809,24356.21053,160.1781916,299
"KCAE20110710_102947",49235.4,"2011","07","10",0.531245192,37606.87,3.72128331,37410.06112,36.14838173,10053,20.82735123,37405.92281,83.43312784,1796,1.477593745,11628.53,0.911268403,9211.101013,13.38602936,10108,37.73015288,9206.157302,77.83264625,244
"KCAE20110710_103535",51141.98,"2011","07","10",0.53321974,41832.13,3.500942832,35264.99715,38.79732005,10073,16.05694413,35261.0493,81.88545022,2196,1.493895409,9309.85,0.676568174,6835.368261,11.11276178,10103,37.32457095,6830.396484,74.02160551,183
"KCAE20110710_104122",39151.58,"2011","07","10",0.531224287,35268.6,2.877990259,29047.55569,34.95944427,10093,13.05917799,29043.61184,73.5892336,2224,1.474135523,3882.98,0.274226353,2769.960396,4.139674237,10101,21.43381827,2764.962557,29.91898003,129
"KCAE20110710_104710",27172.3,"2011","07","10",0.532950528,26184.17,2.133528236,21559.30283,27.83239804,10105,10.96957922,21555.22316,62.35587155,1965,1.473303998,988.13,0.069545261,702.8244054,1.129095217,10106,9.181546018,697.7974974,9.326975732,76
"KCAE20110710_105257",9917.16,"2011","07","10",0.533040767,9576.36,0.934885189,9447.01484,7.951421167,10105,5.49320063,9442.811884,18.62232641,1719,1.473918412,340.8,0.028065533,283.6864097,0.58767683,10108,3.980792747,278.6554923,5.884497006,70
"KCAE20110710_105844",3139.46,"2011","07","10",0.533083217,3078.85,0.408585413,4127.938433,1.908234191,10103,3.196528271,4123.521469,4.429488605,1290,1.474520086,60.61,0.008866418,89.63948389,0.136039549,10110,1.566658242,84.59954507,1.021823248,54
"KCAE20110710_110430",1721.29,"2011","07","10",0.531734801,1654.34,0.275960682,2788.03077,1.146464692,10103,2.772380943,2783.470467,2.512267785,1004,1.476864273,66.95,0.01164045,117.5569051,0.16605514,10099,1.679537235,112.5289947,1.173021465,67
"KCAE20110710_111016",1589.37,"2011","07","10",0.533066317,1533.64,0.254381227,2570.522294,1.049861025,10105,2.545598208,2565.962994,2.285199324,1008,1.501702558,55.73,0.010179619,102.8752261,0.145575086,10106,1.603947547,97.84080038,0.985388438,61
"KCAE20110710_111604",1138.86,"2011","07","10",0.531174609,1059.96,0.186031393,1879.289133,0.85911927,10102,2.516240972,1874.599524,2.037308659,745,1.482050988,78.9,0.013911798,140.5369805,0.177405367,10102,1.613286747,135.5160868,1.104381636,84
"KCAE20110710_112150",1116.6,"2011","07","10",0.530763181,1056.52,0.187834923,1897.696229,0.844829183,10103,2.436321953,1893.022157,1.951276491,777,1.479957928,60.08,0.009964147,100.6378814,0.161770948,10100,1.912018994,95.60094968,1.297553624,50
"KCAE20110710_112737",712.75,"2011","07","10",0.531562443,682.92,0.125750563,1270.457933,0.651804477,10103,2.322325845,1265.667586,1.667317336,545,1.479134351,29.83,0.00528518,53.38560553,0.101489287,10101,1.61127163,48.3381489,0.954562467,30
"KCAE20110710_113325",507.52,"2011","07","10",0.531056405,490.01,0.093405757,944.0519852,0.518196493,10107,2.032939468,939.2180343,1.391439612,462,1.474540659,17.51,0.003042843,30.75705388,0.067299025,10108,1.223884679,25.70157826,0.848866738,21
"KCAE20110710_113910",648.94,"2011","07","10",0.531152692,642.93,0.120482562,1216.99436,0.617850882,10101,2.130434172,1212.217044,1.580942117,569,1.490979854,6.01,0.000908945,9.18579665,0.021720583,10106,1.030700804,4.122803216,0.417855526,4
"KCAE20110710_114457",477.46,"2011","07","10",0.533066453,469.99,0.09206929,929.807756,0.501178693,10099,2.060069709,924.9712992,1.264659956,449,1.479315334,7.47,0.001108258,11.19894604,0.02690638,10105,1.022909362,6.13745617,0.457523141,6
"KCAE20110710_115043",291.03,"2011","07","10",0.532801025,285.45,0.056491262,570.6747334,0.372727268,10102,1.757059386,565.7731223,1.172672155,322,1.489742832,5.58,0.00084598,8.548629893,0.019194781,10105,0.871534412,3.486137647,0.479277122,4
"KCAE20110710_115630",419.01,"2011","07","10",0.532780911,410.52,0.080055039,808.7960631,0.533509674,10103,1.927917419,803.9415636,1.828047424,417,1.476431369,8.49,0.001295388,13.08859904,0.049506704,10104,2.006651996,8.026607984,1.699940267,4
"KCAE20110710_120216",281.28,"2011","07","10",0.531618749,274.03,0.050793585,513.0660006,0.383715743,10101,1.954360835,508.133817,1.417053672,260,1.479356648,7.25,0.000982077,9.92388437,0.02647038,10105,1.215348031,4.861392123,0.626792544,4
"KCAE20110710_120803",304.37,"2011","07","10",0.534012661,298.23,0.057749771,583.3304398,0.387244887,10101,1.871918493,578.4228145,1.229383576,309,1.47966823,6.14,0.000889261,8.990424534,0.028652909,10110,1.962211988,3.924423976,0.777357053,2
"KCAE20110711_100338",905.67,"2011","07","11",0.523990561,901.49,0.098869435,999.174515,1.333275103,10106,7.419228925,994.1766759,8.963432953,134,1.535093669,4.18,0.000501187,5.064998183,0,10106,NA,0,NA,0
"KCAE20110711_101316",11843.18,"2011","07","11",0.525481357,11836.41,1.307744163,13218.678,7.552155945,10108,8.530915645,13214.38833,17.62751916,1549,1.536272275,6.77,0.000797443,8.059759311,0.022192291,10107,1.497631157,2.995262315,0.703756732,2
"KCAE20110711_102255",38049.67,"2011","07","11",0.525442228,38042.21,4.161038764,42059.77983,8.729148496,10108,7.009620158,42057.72095,10.41189749,6000,1.539629395,7.46,0.001055104,10.66077237,0.024281054,10104,0.93329728,5.59978368,0.384413964,6
"KCAE20110711_103331",67373.19,"2011","07","11",0.534816193,67350.84,7.017543964,70912.28176,10.86626101,10105,8.462992805,70911.41671,11.40909766,8379,1.53996193,22.35,0.003653345,36.91705452,0.070659236,10105,1.062253105,31.86759314,0.75947829,30
"KCAE20110711_104309",90701.06,"2011","07","11",0.525138548,90416.08,9.174497232,92717.46903,13.39342938,10106,10.49070305,92716.83352,13.8316484,8838,1.538749009,284.98,0.054979674,555.6795669,0.334369082,10107,1.324092696,550.8225615,1.019196983,416
"KCAE20110711_105247",56869.65,"2011","07","11",0.525426063,56535.58,5.729865349,57888.82962,8.380441245,10103,7.154594146,57887.82123,8.803674711,8091,1.537328466,334.07,0.07298144,737.2585085,0.467263704,10102,1.676005798,732.4145339,1.538257026,437
"KCAE20110711_110226",37265.09,"2011","07","11",0.525663034,37070.2,3.945886535,39888.96699,6.191397861,10109,5.725189071,39887.39226,6.740637827,6967,1.540665327,194.89,0.041789441,422.1987207,0.341462702,10103,1.459015964,417.2785656,1.4347633,286
"KCAE20110711_111204",24238.41,"2011","07","11",0.525227397,24146.34,2.6474197,26744.23381,4.136216678,10102,4.261723628,26742.31577,4.545762646,6275,1.537142497,92.07,0.020381277,205.8916642,0.214701068,10102,1.154688951,200.9158774,1.172467722,174
"KCAE20110711_112143",19460.68,"2011","07","11",0.52501974,19339.18,2.284010295,23084.49205,3.438692002,10107,3.897078352,23082.39508,3.727250006,5923,1.534999567,121.5,0.025040829,253.0125402,0.203935789,10104,1.016683746,248.0708341,0.846939276,244
"KCAE20110711_113123",17794.38,"2011","07","11",0.524524582,17658.63,2.156981471,21791.9838,2.950757143,10103,3.694451731,21789.87631,3.03897708,5898,1.536011527,135.75,0.030381101,307.0010291,0.214788658,10105,0.98722188,302.0898954,0.762296878,306
"KCAE20110711_114101",20923.43,"2011","07","11",0.525670026,20673.08,2.458270864,24833.45227,3.729380676,10102,4.042896055,24831.46757,4.058356426,6142,1.535433934,250.35,0.054193393,547.6784254,0.289772935,10106,1.016631201,542.8810612,0.782391269,534
"KCAE20110711_115040",20693.89,"2011","07","11",0.525384235,20503.28,2.416893832,24425.12907,3.522787094,10106,3.905836877,24423.19799,3.773905624,6253,1.536626349,190.61,0.044029682,444.9199353,0.238465115,10105,0.965096447,440.0839797,0.610231284,456
"KCAE20110711_120019",18933.34,"2011","07","11",0.525469322,18726.25,2.402798064,22012.03306,3.418787582,9161,3.709828962,22010.41523,3.63309384,5933,1.546103136,207.09,0.052391578,473.3055141,0.264887218,9034,0.921479161,469.0328929,0.667575299,509
"KCAE20110711_121004",21408.47,"2011","07","11",0.523677654,21130.62,2.481862631,25079.22189,3.605487772,10105,3.790428241,25077.47325,3.859517064,6616,1.535648156,277.85,0.064294658,649.6332229,0.2798974,10104,0.942853858,644.9120392,0.574217402,684
"KCAE20110711_121943",20518.98,"2011","07","11",0.525531185,20161.32,2.363785457,23876.5969,3.082121597,10101,3.517226939,23874.93646,3.174839032,6788,1.537172132,357.66,0.081507114,823.6293835,0.325065713,10105,0.96238707,818.9913968,0.638573061,851
"KCAE20110711_122922",22596.26,"2011","07","11",0.524703161,21979.97,2.494262535,25207.01718,3.49855841,10106,3.647144535,25205.41588,3.700616429,6911,1.533717611,616.29,0.138264943,1397.028984,0.494693523,10104,1.159506174,1392.566914,0.935811196,1201
"KCAE20110711_123901",19837.61,"2011","07","11",0.525406106,19112.22,2.141435872,21630.64374,2.750670133,10101,3.236410397,21628.93068,2.809394911,6683,1.535141676,725.39,0.162242734,1638.813859,0.503500581,10101,1.210687385,1634.42797,0.792656133,1350
"KCAE20110711_124839",14699.33,"2011","07","11",0.52529081,14113.45,1.647582524,16655.41173,2.293632688,10109,2.750351762,16653.37992,2.398042564,6055,1.53844044,585.88,0.130571835,1319.167248,0.410455197,10103,1.035228552,1314.740261,0.635876563,1270
"KCAE20110711_125818",13328.18,"2011","07","11",0.524176207,12623.6,1.533051281,15483.81794,2.250591148,10100,2.766046291,15481.56109,2.393844382,5597,1.541628284,704.58,0.157758684,1594.309258,0.539313037,10106,1.227716832,1589.893297,0.978399168,1295
"KCAE20110712_100813",7456.04,"2011","07","12",0.525335713,7450.03,0.819461417,8283.116007,4.739434836,10108,8.788240048,8278.522125,13.08274726,942,1.539122702,6.01,0.000791775,8.000090911,0.014726423,10104,0.734524963,2.938099851,0.110607698,4
"KCAE20110712_101752",20303.89,"2011","07","12",0.52509756,20296.92,2.137759759,21602.06236,8.45009761,10105,11.05887183,21597.97668,16.45906325,1953,1.542621617,6.97,0.000957374,9.672347159,0.025378596,10103,1.152714322,4.610857287,0.631967504,4
"KCAE20110712_102731",38544.48,"2011","07","12",0.523522726,38486.24,3.935798747,39771.24634,13.26533378,10105,10.95537222,39768.00115,20.32289601,3630,1.536284419,58.24,0.008225137,83.11501277,0.132667334,10105,1.661150459,78.07407157,1.030249078,47
"KCAE20110712_103709",24661.68,"2011","07","12",0.525474824,24454.18,2.478282024,25043.03985,6.331952967,10105,6.47695627,25039.91294,8.883132466,3866,1.541207486,207.5,0.032633748,329.6334874,0.362168835,10101,1.967598127,324.653691,2.061177093,165
"KCAE20110712_104746",19644.09,"2011","07","12",0.534241586,18930.8,1.870387648,18907.74873,4.624604939,10109,4.85730546,18904.63285,6.406890868,3892,1.538062021,713.29,0.112770625,1139.659941,0.695245817,10106,2.022952066,1134.876109,2.202733189,561
"KCAE20110712_105724",12851.82,"2011","07","12",0.524388402,11703.72,1.295135691,13086.05102,3.110032479,10104,3.653387817,13082.78177,4.321926745,3581,1.53808485,1148.1,0.175733062,1775.431129,0.93948989,10103,2.255746581,1770.761066,2.583812769,785
"KCAE20110712_110704",6742.92,"2011","07","12",0.526185121,6222.22,0.752151746,7602.749849,2.036309307,10108,2.842881976,7599.023522,3.120852344,2673,1.535359193,520.7,0.082822611,837.0881283,0.709900954,10107,2.112233748,832.2200967,2.943270819,394
"KCAE20110712_111643",4317.04,"2011","07","12",0.525701509,4112.06,0.609180386,6155.767803,1.698358816,10105,2.555841157,6151.909664,2.67145822,2407,1.538971213,204.98,0.031555812,318.966143,0.303678136,10108,1.670182796,313.9943657,1.494564913,188
"KCAE20110712_112622",4331.04,"2011","07","12",0.527064308,4262.9,0.637170651,6437.972257,1.694030557,10104,2.538137582,6434.178771,2.572104051,2535,1.534743289,68.14,0.01113794,112.54888,0.172882122,10105,1.311286346,107.5254804,1.415282578,82
"KCAE20110712_113601",4131.83,"2011","07","12",0.526201289,4100.23,0.631540705,6379.824198,1.767658947,10102,2.510249693,6376.03422,2.777380558,2540,1.534926403,31.6,0.005951969,60.13274757,0.084999882,10103,0.903275826,55.09982537,0.626788015,61
"KCAE20110712_114540",3364.8,"2011","07","12",0.525224049,3341.76,0.552632001,5581.030578,1.407005743,10099,2.277336258,5577.196495,2.058554722,2449,1.536289311,23.04,0.003889209,39.30045872,0.07984766,10105,1.007441238,34.25300209,0.954447102,34
"KCAE20110712_115519",4526.44,"2011","07","12",0.524713795,4499.21,0.72689312,7343.801191,1.726863672,10103,2.558443919,7340.175603,2.411869218,2869,1.54103113,27.23,0.005739628,58.02189937,0.078075876,10109,0.790880256,52.98897717,0.551023022,67
"KCAE20110712_120458",3828.96,"2011","07","12",0.525765654,3819.16,0.651154036,6579.911532,1.50401076,10105,2.351179426,6576.248856,2.043721832,2797,1.540997151,9.8,0.001793797,18.13528554,0.037398492,10110,0.81726885,13.0763016,0.481806757,16
"KCAE20110712_121437",4684.55,"2011","07","12",0.525019447,4668.92,0.744707035,7522.285762,1.595786117,10101,2.396047162,7518.795996,2.059560553,3138,1.540246122,15.63,0.00293652,29.66765972,0.076132275,10103,1.295457245,24.61368765,1.219085355,19
"KCAE20110712_122417",4895.73,"2011","07","12",0.524461252,4886.63,0.789207683,7974.154434,1.730184589,10104,2.462376516,7970.712781,2.285960258,3237,1.536171323,9.1,0.001584338,16.00498291,0.028633763,10102,0.68437553,10.95000847,0.232470607,16
"KCAE20110712_123356",5614.93,"2011","07","12",0.525384197,5596.95,0.89873258,9079.895251,2.007529962,10103,2.699737284,9076.516748,2.692680681,3362,1.540562212,17.98,0.002846183,28.74644834,0.063009837,10100,1.030260199,23.69598458,0.84642847,23
"KCAE20110712_124335",4381.98,"2011","07","12",0.525694605,4370.72,0.680146907,6873.564641,1.572542268,10106,2.262852848,6870.021247,2.156766298,3036,1.533273506,11.26,0.002043146,20.64190667,0.046066433,10103,0.97415194,15.58643104,0.647750319,16
"KCAE20110712_125314",6127.73,"2011","07","12",0.525534077,6119.1,0.92452716,9342.346951,2.011280095,10105,2.692912506,9339.020571,2.650775991,3468,1.532648249,8.63,0.001421476,14.35691003,0.029386054,10100,0.775077768,9.300933222,0.372926946,12
"KCAE20110713_100118",919.1,"2011","07","13",0.525279668,899.86,0.101801823,1028.707417,0.956219528,10105,4.898314199,1023.747668,4.561932222,209,1.535850398,19.24,0.001697775,17.15432361,0.086281067,10104,6.04566509,12.09133018,1.462003733,2
"KCAE20110713_101056",1346.8,"2011","07","13",0.525551284,1342.62,0.163763153,1655.154191,1.502103941,10107,4.546200063,1650.270623,6.558475273,363,1.535396185,4.18,0.000501187,5.062492247,0,10101,NA,0,NA,0
"KCAE20110713_102034",4210.14,"2011","07","13",0.523729841,4200.96,0.526136924,5316.613612,2.317729388,10105,4.587331166,5312.12949,5.316770886,1158,1.538086481,9.18,0.001324548,13.38853536,0.035348199,10108,1.387590321,8.325541928,0.467204934,6
"KCAE20110713_103012",10789.02,"2011","07","13",0.525141918,10762.12,1.256132695,12691.96475,4.80761667,10104,5.438521227,12688.07002,8.796608032,2333,1.538715374,26.9,0.003709332,37.48650456,0.109051897,10106,2.494463216,32.42802181,1.812407758,13
"KCAE20110713_103950",17186.78,"2011","07","13",0.524868402,16823.98,1.941918455,19625.02791,5.155161586,10106,5.571189122,19621.72809,7.486449017,3522,1.540822188,362.8,0.056749515,573.2836026,0.398128387,10102,1.821721088,568.3769796,1.386867707,312
"KCAE20110713_104929",11753.36,"2011","07","13",0.525499469,10847.55,1.319397715,13333.83331,4.422475362,10106,4.615725672,13330.21574,7.296494593,2888,1.535989447,905.81,0.14356553,1450.873245,0.73516736,10106,2.095875459,1446.154066,1.957010447,690
"KCAE20110713_110006",7589.22,"2011","07","13",0.534096161,6197.32,0.803637372,8119.148367,2.51753825,10103,3.42416569,8115.272686,4.248669501,2370,1.537548255,1391.9,0.220274627,2225.654831,0.939550115,10104,2.158509773,2221.106557,2.11866834,1029
"KCAE20110713_110945",4890.74,"2011","07","13",0.524584115,3668.26,0.545644872,5511.013212,1.721447541,10100,2.778478594,5506.944574,2.983491309,1982,1.537813455,1222.48,0.197237056,1992.094263,0.858432408,10100,2.141699756,1987.497374,1.964711761,928
"KCAE20110713_111922",2520.18,"2011","07","13",0.524073401,1940.06,0.345039001,3486.619101,1.344217498,10105,2.600616649,3482.225693,2.788537533,1339,1.537079175,580.12,0.101812962,1028.819984,0.569417194,10105,1.831906351,1024.03565,1.642233456,559
"KCAE20110713_112900",1762.61,"2011","07","13",0.523943272,1504.2,0.275241431,2781.5899,1.336251728,10106,2.501874973,2777.08122,3.270336669,1110,1.532893933,258.41,0.047830644,483.3286526,0.352953313,10105,1.513995351,478.4225308,1.330356548,316
"KCAE20110713_113838",2176.77,"2011","07","13",0.52468361,1988.02,0.348388911,3520.121561,1.337023613,10104,2.613926886,3515.731662,2.740914527,1345,1.540650103,188.75,0.03531036,356.7405718,0.315295646,10103,1.659355325,351.7833289,1.432715278,212
"KCAE20110713_114816",2197.24,"2011","07","13",0.524598799,2147.02,0.398179347,4024.000476,2.008200112,10106,2.688752343,4019.684753,4.595153645,1495,1.535124524,50.22,0.009672116,97.68837107,0.122018894,10100,1.219269345,92.66447024,0.714791016,76
"KCAE20110713_115755",2098.5,"2011","07","13",0.526510068,2078.2,0.395218118,3992.098215,1.259356097,10101,2.310487121,3987.900772,2.204360584,1726,1.539369524,20.3,0.003807204,38.46799357,0.093481119,10104,1.518864722,33.41502388,1.339479416,22
"KCAE20110713_120733",4519.93,"2011","07","13",0.526303827,4510,0.769738022,7778.202712,1.793844289,10105,2.738485764,7774.561085,2.462551392,2839,1.5358055,9.93,0.001870328,18.89966422,0.050008433,10105,1.258243662,13.84068028,0.888053303,11
"KCAE20110713_121711",4679.48,"2011","07","13",0.526044941,4674.19,0.809574799,8179.94377,1.845854365,10104,2.853862365,8176.315675,2.486760871,2865,1.536606925,5.29,0.00073776,7.455800185,0.014324222,10106,0.797435188,2.392305564,0.290371981,3
"KCAE20110713_122649",3434.33,"2011","07","13",0.525452892,3414.64,0.617669422,6240.931845,1.413842613,10104,2.303258886,6237.225064,1.891427605,2708,1.536480252,19.69,0.003117073,31.47932066,0.081003294,10099,1.554491233,26.42635097,1.256841938,17
"KCAE20110713_123628",3669.71,"2011","07","13",0.523846073,3652.11,0.690089096,6969.899869,1.573485862,10100,2.479973554,6966.245713,2.113030429,2809,1.542271594,17.6,0.002327983,23.52193544,0.142429574,10104,3.07682446,18.46094676,5.444307898,6
"KCAE20110713_124606",6549.1,"2011","07","13",0.524619458,6540.94,1.185896481,11982.29804,2.513593384,10104,3.343296065,11979.0298,3.256767506,3583,1.53777916,8.16,0.001296076,13.08907279,0.046709328,10099,2.007396917,8.029587667,1.405617852,4
"KCAE20110713_125545",11803.93,"2011","07","13",0.524854465,11797.46,1.991980344,20136.9293,4.218214748,10109,4.539816362,20134.08556,5.38466959,4435,1.537916348,6.47,0.000897819,9.073359519,0.021041278,10106,1.002591521,4.010366085,0.391020407,4
"KCAE20110714_100353",99355.05,"2011","07","14",0.527351464,49356.68,5.020627409,50050.63464,54.26831774,9969,126.6983197,50045.83628,243.007926,395,0.897763117,49998.37,5.350670132,53298.02518,55.85986934,9961,142.4952414,53293.2203,252.4389708,374
"KCAE20110714_100808",107795.02,"2011","07","14",0.527406041,53515.71,5.647811478,56280.44138,57.12552938,9965,129.0726274,56275.66556,242.4491634,436,0.89596937,54279.31,5.689967462,56660.69599,55.94482112,9958,131.4522533,56655.92118,236.4391692,431
"KCAE20110714_101222",124040.39,"2011","07","14",0.52734375,57657.74,5.941716301,59203.26122,58.51160505,9964,108.2240248,59198.54154,226.6755694,547,0.896168985,66382.65,6.504690567,64871.27902,58.05120071,9973,123.5553215,64866.5438,222.8049055,525
"KCAE20110714_101637",138972.18,"2011","07","14",0.527389485,72795.6,7.030999359,70092.03261,62.25746139,9969,105.2362914,70087.37007,218.5150341,666,0.895490668,66176.58,6.619266319,65841.84208,59.02296821,9947,122.6017242,65837.1259,224.4939039,537
"KCAE20110714_102050",133329.83,"2011","07","14",0.527351473,65547.73,6.824784923,67961.20826,55.2448715,9958,88.14086103,67956.60385,179.6923399,771,0.894780353,67782.1,6.766333228,67412.97795,60.40292536,9963,117.8466281,67408.2713,224.8127908,572
"KCAE20110714_102504",156133.08,"2011","07","14",0.527401666,77157.08,7.888740044,78563.9621,62.59335376,9959,92.53167996,78559.39629,195.3627013,849,0.901599781,78976,7.616413605,76087.97191,61.18769416,9990,127.8710307,76083.26326,218.0755594,595
"KCAE20110714_102919",204226.46,"2011","07","14",0.52734375,109017.15,10.1399024,101571.4023,73.95056524,10017,97.56667018,101566.9037,210.0703625,1041,0.896777096,95209.31,8.865897536,88978.14767,65.40664612,10036,126.5625464,88973.47009,215.0272851,703
"KCAE20110714_103337",135698.77,"2011","07","14",0.52734375,81726.57,7.624100868,76370.6184,59.19161496,10017,76.28980988,76366.09969,172.7681488,1001,0.900004272,53972.2,4.924567537,49393.4124,46.80731063,10030,88.98858315,49388.66365,179.3540057,555
"KCAE20110714_103752",88533.45,"2011","07","14",0.527412985,51186.87,4.825254876,48238.07299,46.66952423,9997,41.04991618,48233.65152,130.6011079,1175,0.878517407,37346.58,3.492141679,34977.29106,42.1805394,10016,75.37177526,34972.50372,181.812764,464
"KCAE20110714_104206",66370.43,"2011","07","14",0.527351424,40006.65,4.098128072,41071.43953,33.93117998,10022,25.05627705,41067.23808,80.73514294,1639,0.891682793,26363.78,2.753781996,27656.23258,36.26208571,10043,43.8912935,27651.51491,138.5084899,630
"KCAE20110714_104623",53144.51,"2011","07","14",0.527414827,31415.04,3.54994317,35666.27902,34.17771481,10047,20.86723237,35662.10012,80.67825469,1709,0.898204696,21729.47,2.352210623,23656.18223,35.75393738,10057,68.15941125,23651.3157,180.7068029,347
"KCAE20110714_104923",50651.39,"2011","07","14",0.535346981,34343.3,3.873211801,38906.41254,39.6388963,10045,20.72579587,38902.31884,89.79355292,1877,1.479859053,16308.09,1.87900049,18934.68794,33.01204574,10077,67.60634931,18929.77781,186.8104399,280
"KCAE20110714_105507",43805.09,"2011","07","14",0.533561233,32540.55,3.96865708,40000.09471,33.22152159,10079,16.86892938,39996.23156,66.89886011,2371,1.480133329,11264.54,1.396564571,14091.33652,20.96010655,10090,68.71405991,14086.38228,130.6864912,205
"KCAE20110714_110050",33409.74,"2011","07","14",0.533723698,29609.72,3.8095335,38464.85975,32.05535899,10097,15.12429169,38461.07378,62.52911672,2543,1.484093467,3800.02,0.467360696,4723.614558,8.323843385,10107,26.96363867,4718.636767,57.49483008,175
"KCAE20110714_110731",20935.06,"2011","07","14",0.537215468,20787.3,2.653218711,26818.73473,14.93590433,10108,9.130112604,26815.14072,26.62314445,2937,1.510100222,147.76,0.019428798,196.2502864,0.291954322,10101,2.941851867,191.2203713,2.172863076,65
"KCAE20110714_111315",11510.94,"2011","07","14",0.530769501,11458.99,1.516860314,15323.32289,4.033581951,10102,5.259086803,15319.71986,6.062197192,2913,1.486127292,51.95,0.008192715,82.78738427,0.137042936,10105,1.808010194,77.74443833,1.089712179,43
"KCAE20110714_111900",14353.78,"2011","07","14",0.53397133,14235.3,1.860317493,18791.06699,7.484916632,10101,6.685912041,18787.41284,13.00639992,2810,1.482457322,118.48,0.020982731,212.0095185,0.218173538,10104,1.64292597,207.0086723,1.077945462,126
"KCAE20110714_112444",8979.37,"2011","07","14",0.532306037,8361.47,1.144977062,11563.12335,5.577367331,10099,4.545551073,11559.33638,10.39757861,2543,1.490033937,617.9,0.10396852,1050.393954,0.601882768,10103,2.258234361,1045.562509,1.745532192,463
"KCAE20110714_113030",6541.12,"2011","07","14",0.531115371,5485.34,0.713184994,7202.45525,5.906173052,10099,4.249257834,7198.242771,13.89346043,1694,1.482567939,1055.78,0.149093574,1505.696007,1.620622765,10099,3.291366356,1500.863058,6.922834879,456
"KCAE20110714_113614",10503.88,"2011","07","14",0.533571946,7860.27,1.000707392,10111.14748,11.65973145,10104,6.099525622,10106.91396,28.25401379,1657,1.482059361,2643.61,0.292568109,2956.108169,7.12105623,10104,5.405343995,2951.317821,30.20509293,546
"KCAE20110714_114159",11365.43,"2011","07","14",0.531250507,10993.53,1.243861705,12567.97866,14.66666993,10104,7.094185359,12563.80227,34.44287342,1771,1.501626413,371.9,0.056663537,572.811695,0.541144809,10109,2.253458303,567.8714925,2.612248077,252
"KCAE20110714_114748",11508.53,"2011","07","14",0.530815921,11392.14,1.240639192,12534.17776,10.24348179,10103,7.580122643,12529.94273,24.36312048,1653,1.484967949,116.39,0.020914195,211.2542811,0.246223741,10101,1.96423251,206.2444135,1.426492597,105
"KCAE20110714_115336",9694.39,"2011","07","14",0.533934351,9614.06,1.241935648,12551.00166,12.06219567,10106,8.471761594,12546.67892,30.53064306,1481,1.481939515,80.33,0.015070113,152.2382841,0.193868281,10102,1.752587981,147.2173904,1.221915747,84
"KCAE20110714_115921",1027.72,"2011","07","14",0.528316266,986.57,0.180945246,1828.45171,0.856063009,10105,2.402855882,1823.767614,2.103286497,759,1.47745289,41.15,0.008191764,82.76138983,0.12861244,10103,1.619207338,77.7219522,0.944483147,48
"KCAE20110714_120506",1533.8,"2011","07","14",0.531200872,1489.41,0.260201545,2628.816214,1.186579879,10103,2.965193525,2624.19627,2.839225318,885,1.485300582,44.39,0.009158535,92.56531031,0.166821682,10107,1.862199292,87.52336674,1.609104163,47
"KCAE20110714_121054",1391.41,"2011","07","14",0.53210605,1299.58,0.241685499,2443.198704,0.970021899,10109,2.480798443,2438.62487,2.031271123,983,1.475672322,91.83,0.01940977,195.9998601,0.29015674,10098,2.170261089,190.9829758,2.247334912,88
"KCAE20110714_121640",1442.07,"2011","07","14",0.53385322,1335.01,0.229934775,2322.801093,1.057351854,10102,2.743386512,2318.161603,2.545166373,845,1.486562873,107.06,0.021763084,220.0465403,0.282465382,10111,2.129006496,215.0296561,1.880506045,101
"KCAE20110714_122225",1197.5,"2011","07","14",0.531418902,1119.15,0.205121234,2072.339826,0.953983601,10103,2.533928064,2067.6853,2.318077399,816,1.493366526,78.35,0.0156668,158.313016,0.205331328,10105,1.80342494,153.2911199,1.345287162,85
"KCAE20110714_122813",1183.3,"2011","07","14",0.532853219,1091.29,0.204328766,2065.15084,0.881029547,10107,2.387622092,2060.517866,1.970383572,863,1.492776989,92.01,0.016858485,170.2538416,0.23684285,10099,2.065405584,165.2324467,1.698988186,80
"KCAE20110714_123359",876.07,"2011","07","14",0.533561544,794.82,0.148610186,1501.70593,0.720808587,10105,2.201444471,1496.98224,1.790717394,680,1.481084504,81.25,0.014863022,150.1313827,0.190238482,10101,1.707194016,145.1114913,1.195334617,85
"KCAE20110714_123944",435.55,"2011","07","14",0.534083755,365.42,0.07275811,735.6572457,0.459369824,10111,1.938405011,730.7786891,1.431406958,377,1.483213556,70.13,0.012887764,130.2179697,0.18638544,10104,1.763233213,125.1895582,1.372749105,71
"KCAE20110714_124529",461.11,"2011","07","14",0.533141939,411.41,0.080043688,808.681376,0.475023312,10103,1.918443625,803.8278788,1.385257664,419,1.492440011,49.7,0.008612195,87.04345178,0.12990417,10107,1.607912019,82.00351296,0.888058205,51
"KCAE20110714_125115",369.09,"2011","07","14",0.53346073,338.58,0.062509512,631.9086518,0.449563747,10109,1.984178877,627.0005253,1.631359239,316,1.485806563,30.51,0.005183441,52.37866868,0.111844565,10105,1.632024349,47.32870612,1.328538323,29
"KCAE20110714_125700",380.43,"2011","07","14",0.532558559,361.81,0.063092936,637.4910203,0.536660147,10104,2.034028597,632.5828937,2.316304471,311,1.480703108,18.62,0.003150669,31.84381055,0.071216295,10107,1.575695963,26.78683136,0.756021895,17
"KCAE20110715_100030",1476.71,"2011","07","15",0.527384509,890.19,0.139099182,1406.014528,3.352265443,10108,17.96137974,1400.98762,33.92336099,78,0.888046671,586.52,0.104419164,1055.57333,2.057037952,10109,13.29805598,1050.546422,19.25238499,79
"KCAE20110715_100443",1675.16,"2011","07","15",0.527422022,943.56,0.134441436,1358.665153,3.368834006,10106,13.53650274,1353.650274,31.22758474,100,0.883751017,731.6,0.136566967,1380.282331,2.979076838,10107,14.78777895,1375.263442,27.49330631,93
"KCAE20110715_100857",3281.81,"2011","07","15",0.527441648,1804.48,0.270190471,2728.92376,4.118932054,10100,11.84337844,2723.977042,24.70894707,230,0.88547271,1477.33,0.273041051,2758.533734,6.173755993,10103,26.47617656,2753.522362,55.11601477,104
"KCAE20110715_101310",7486.62,"2011","07","15",0.527476443,5579.45,0.761870927,7695.658236,6.26266426,10101,15.35099169,7690.846838,23.82992667,501,0.893680311,1907.17,0.284799855,2876.763339,5.927612415,10101,18.52760342,2871.77853,44.31965307,155
"KCAE20110715_101724",12907.96,"2011","07","15",0.52734375,9549.89,1.764122812,13142.71495,10.42434919,7450,18.0982713,13139.34496,28.64399394,726,0.891512468,3358.07,0.565884277,4686.0877,11.2344496,8281,26.45212474,4682.026078,72.45079465,177
"KCAE20110715_102140",30265.61,"2011","07","15",0.52734375,24469.74,3.241951937,32776.13408,21.61038769,10110,23.69613899,32771.76022,54.1390114,1383,0.884024868,5795.87,0.904415862,9139.122285,12.84031599,10105,14.68548155,9134.369527,49.79841752,622
"KCAE20110715_102553",44161.48,"2011","07","15",0.527400829,36374.42,4.601974253,46502.94983,25.23821683,10105,25.24365283,46498.80852,54.5393335,1842,0.879231328,7787.06,1.095805508,11073.11466,11.85130795,10105,10.22975273,11068.59245,34.91826296,1082
"KCAE20110715_103006",53148.77,"2011","07","15",0.52734375,39013.52,4.954873808,50088.81933,20.13141727,10109,20.88613623,50084.95467,37.09638469,2398,0.88283631,14135.25,1.885675256,19045.32008,15.53691611,10100,13.02393353,19040.99083,39.03157332,1462
"KCAE20110715_103419",66761.31,"2011","07","15",0.52734375,44813.28,5.599710611,56506.67977,25.89405559,10091,19.72872126,56503.05769,45.65299998,2864,0.878948112,21948.03,2.665949507,26936.75382,22.44866384,10104,14.13045387,26932.64508,50.10525763,1906
"KCAE20110716_100534",2077.55,"2011","07","16",0.53401538,2073.37,0.271642757,2743.863485,3.029811811,10101,11.96033085,2738.915765,16.31684383,229,1.484464418,4.18,0.000501187,5.066501745,0,10109,NA,0,NA,0
"KCAE20110716_101120",6911.35,"2011","07","16",0.533561144,6906.48,0.90547311,9147.994827,5.919393531,10103,14.96438225,9143.237557,19.22372839,611,1.491839075,4.87,0.000681358,6.883758984,0.013710558,10103,0.910633368,1.821266737,0.492559331,2
"KCAE20110716_101706",16936.55,"2011","07","16",0.531480201,16932.37,2.253216165,22771.00256,10.67746761,10106,17.05363794,22766.60665,24.71893794,1335,1.491613139,4.18,0.000501187,5.063995809,0,10104,NA,0,NA,0
"KCAE20110716_102252",29666.28,"2011","07","16",0.533500313,29303.36,3.866846937,39062.88776,14.37342023,10102,18.13319607,39058.90432,26.65432713,2154,1.481818386,362.92,0.056813061,573.9823558,0.530875563,10103,2.918033809,569.0165927,2.506931345,195
"KCAE20110716_102838",34105.96,"2011","07","16",0.532620014,33842.12,4.404849011,44510.99926,12.79814333,10105,14.78161536,44507.44384,19.90952508,3011,1.477941607,263.84,0.042969699,434.2517768,0.344577708,10106,1.978320444,429.2955363,1.307347588,217
"KCAE20110716_103424",30485.63,"2011","07","16",0.532104927,29640.89,3.80203822,38404.38806,9.852997285,10101,10.66698051,38401.12984,14.11376156,3600,1.49236627,844.74,0.150108721,1517.298949,0.779156348,10108,2.431743869,1512.544687,2.079514511,622
"KCAE20110716_104010",27601.28,"2011","07","16",0.534155969,24969.93,3.127535704,31597.49321,7.669986118,10103,8.722872727,31594.24502,10.737987,3622,1.501974255,2631.35,0.4593028,4640.795489,2.021391638,10104,4.000269516,4636.31237,4.63393385,1159
"KCAE20110716_104558",18655.76,"2011","07","16",0.531038113,14840.33,1.784902797,18036.44276,4.745355534,10105,6.562138111,18032.75553,7.17420063,2748,1.479706998,3815.43,0.646541854,6530.719272,2.615881281,10101,4.859515915,6526.329874,5.568982756,1343
"KCAE20110716_105144",13707.74,"2011","07","16",0.532153122,9224.37,1.053420786,10645.87046,3.41961884,10106,5.60387426,10641.75722,6.061907883,1899,1.482352316,4483.37,0.735318127,7428.919039,2.810391144,10103,4.887832026,7424.616847,5.679224263,1519
"KCAE20110716_105731",10046.41,"2011","07","16",0.531525317,5143.81,0.548716542,5545.329371,2.133015611,10106,4.707607706,5540.85427,4.416065651,1177,1.487595706,4902.6,0.794996711,8030.261777,2.963132003,10101,4.933014577,8026.014716,5.840811046,1627
"KCAE20110716_110316",7519.76,"2011","07","16",0.531690987,3589.55,0.351679459,3553.720937,1.709535356,10105,4.509594504,3549.050875,4.335491803,787,1.494324908,3930.21,0.669284214,6763.11698,2.580748248,10105,4.759693077,6758.764169,5.286178385,1420
"KCAE20110716_110903",6739.99,"2011","07","16",0.533800732,2611.96,0.234699552,2371.638976,1.418541137,10105,4.840121798,2366.819559,4.396531268,489,1.486995324,4128.03,0.6446139,6511.245004,2.474418752,10101,4.742616721,6506.870141,5.065393098,1372
"KCAE20110716_111450",5266.79,"2011","07","16",0.531329829,2207.82,0.190653408,1925.599424,1.188656678,10100,4.628302231,1920.745426,3.725565765,415,1.483446614,3058.97,0.487926364,4932.935541,2.328599459,10110,4.855544082,4928.377243,5.729930019,1015
"KCAE20110716_112035",4358.94,"2011","07","16",0.533227653,1970.24,0.163670319,1654.379586,1.142490059,10108,4.880127181,1649.482987,4.007998055,338,1.502475006,2388.7,0.371295987,3750.089468,1.737944392,10100,4.310084015,3745.463009,4.260073763,869
"KCAE20110716_112716",2730.72,"2011","07","16",0.53707279,876.55,0.076311055,771.5047651,0.700616977,10110,4.482593364,766.5234652,3.053449859,171,1.488692037,1854.17,0.277440248,2803.533706,1.390882683,10105,3.839279251,2798.834574,3.627399412,729
"KCAE20110716_113304",1822.29,"2011","07","16",0.531763062,760.38,0.064601215,652.9890855,0.766864827,10108,4.468936255,647.995757,4.632367266,145,1.489230522,1061.91,0.156251247,1579.543857,0.854777623,10109,3.081670179,1574.733462,2.334461193,511
"KCAE20110716_113850",1196.19,"2011","07","16",0.53159042,550.12,0.04751654,480.1546411,0.552014429,10105,4.204838746,475.1467782,3.139306339,113,1.478949485,646.07,0.096341153,973.5273512,0.681977655,10105,2.89143508,968.630752,2.442365783,335
"KCAE20110716_114436",1005.26,"2011","07","16",0.532870628,561.53,0.050812264,513.3054886,0.624527174,10102,4.099230987,508.3046424,3.911788448,124,1.483694047,443.73,0.065567909,662.6292914,0.497769695,10106,2.519904609,657.6951031,1.850029998,261
"KCAE20110716_115023",663.33,"2011","07","16",0.531088867,368.35,0.03139242,317.1576213,0.509574921,10103,4.335141835,312.1302121,4.245921122,72,1.494896316,294.98,0.043844213,443.0019328,0.497079276,10104,2.63868153,438.0211341,2.870909903,166
"KCAE20110716_115609",425.43,"2011","07","16",0.533339258,327.36,0.03301246,333.5578954,0.557776628,10104,3.571087052,328.5400088,4.665699675,92,1.503877493,98.07,0.016145567,163.1186609,0.21116244,10103,2.107903404,158.0927553,1.272530803,75
"KCAE20110716_120156",253.04,"2011","07","16",0.532014978,131.9,0.017248899,174.3001286,0.236078757,10105,2.318797511,169.2722183,1.552882692,73,1.4767889,121.14,0.018633053,188.3428994,0.417788638,10108,2.909658312,183.3084737,4.461830742,63
"KCAE20110716_120744",188.98,"2011","07","16",0.530719349,132.39,0.016401323,165.7189715,0.2457718,10104,2.472116198,160.6875529,1.835996622,65,1.508582331,56.59,0.009005582,91.01040881,0.234847431,10106,2.387873705,85.96345337,3.175223094,36
"KCAE20110716_121329",150.33,"2011","07","16",0.534134923,106.16,0.012696053,128.3063068,0.242014272,10106,2.934818058,123.2623585,2.377398077,42,1.483709376,44.17,0.006688143,67.5769945,0.13884689,10104,1.954032396,62.52903669,1.53492608,32
"KCAE20110716_121915",71.45,"2011","07","16",0.531294782,52.59,0.006987302,70.58572298,0.146505961,10102,2.114137624,65.53826635,1.620098657,31,1.481840809,18.86,0.003267687,33.01670917,0.066764227,10104,1.398136855,27.9627371,0.563978398,20
"KCAE20110716_122503",76.64,"2011","07","16",0.533563535,54.19,0.008880235,89.69037801,0.172750983,10100,2.116210861,84.64843444,1.776220964,40,1.487214792,22.45,0.003899116,39.4083676,0.141245267,10107,3.122580117,34.34838129,3.074289003,11
"KCAE20110716_123052",62.43,"2011","07","16",0.533444005,56.96,0.009719919,98.2392212,0.146542797,10107,1.902005714,93.19828001,0.920970159,49,1.494930719,5.47,0.000782404,7.909317975,0.020123113,10109,1.421909302,2.843818604,0.230494028,2
"KCAE20110716_123639",78.39,"2011","07","16",0.530269959,73.65,0.009002004,90.98324973,0.188468722,10107,2.387105364,85.9357931,2.102029412,36,1.488137455,4.74,0.000644965,6.51608451,0.01047709,10103,0.726796132,1.453592263,0.232574218,2
"KCAE20110716_124225",56.1,"2011","07","16",0.533054336,42.91,0.005986413,60.49868658,0.142204574,10106,1.912007684,55.44822283,1.877374155,29,1.484300337,13.19,0.001415058,14.29774301,0.043135868,10104,1.539459054,9.236754322,0.958829941,6
"KCAE20110716_124811",47.05,"2011","07","16",0.53111748,40.57,0.006851332,69.23271469,0.133996192,10105,1.887801708,64.18525806,1.356464659,34,1.491295116,6.48,0.001023925,10.34779074,0.034818918,10106,1.761432038,5.284296114,1.214700979,3
"KCAE20110716_125356",20.68,"2011","07","16",0.53104355,15.67,0.002786004,28.15256967,0.058467086,10105,1.283171891,23.09709405,0.541124793,18,1.49283661,5.01,0.000704179,7.119254204,0.014796995,10110,1.026626823,2.053253647,0.328519814,2
"KCAE20110716_125942",40.89,"2011","07","16",0.533004296,30.89,0.004397589,44.45082717,0.106303113,10108,1.790720579,39.39585273,1.445166587,22,1.486353116,10,0.001116544,11.28378865,0.045424757,10106,3.109896422,6.219792844,1.232027901,2
"KCAE20110717_100817",11638.85,"2011","07","17",0.524828814,11633.54,1.508922065,15243.1307,11.92836985,10102,26.31840742,15238.35789,42.80765588,579,1.541020664,5.31,0.000736778,7.442934926,0.016770408,10102,1.190471933,2.380943866,0.096807838,2
"KCAE20110717_101757",29072.7,"2011","07","17",0.526364361,29040.82,3.742547504,37825.92762,16.83188284,10107,22.51291912,37821.70412,35.81138352,1680,1.533246993,31.88,0.004857325,49.06384393,0.097165847,10101,1.692860867,44.01438255,0.918296263,26
"KCAE20110717_102736",38312.55,"2011","07","17",0.526070619,37685.22,4.759004804,48089.74354,16.79455516,10105,17.76358912,48086.03576,28.6721632,2707,1.543822095,627.33,0.113497452,1146.891757,0.606255298,10105,1.815806847,1142.142507,1.678800149,629
"KCAE20110717_103717",25234.17,"2011","07","17",0.525546392,21803.84,2.726560678,27557.34877,9.147034008,10107,9.13284566,27553.79536,14.89400398,3017,1.53940745,3430.33,0.629545133,6361.553573,2.14667128,10105,3.8716882,6357.312025,3.976820514,1642
"KCAE20110717_104657",14624.76,"2011","07","17",0.524832822,9448.16,1.218251935,12310.4358,5.831507275,10105,5.942254592,12306.40926,11.74344998,2071,1.539578586,5176.6,0.93453893,9440.712266,3.338855178,10102,5.295478332,9436.542388,6.334188742,1782
"KCAE20110717_105636",10188.35,"2011","07","17",0.524138317,3102.32,0.382043399,3860.166501,1.871559672,10104,4.150234778,3855.568109,4.741300314,929,1.537924966,7086.03,1.204751521,12169.19512,4.565106739,10101,7.056262571,12164.99667,8.991756685,1724
"KCAE20110717_110616",7511.8,"2011","07","17",0.52534673,1146.17,0.125898482,1272.330056,1.321063312,10106,3.550263254,1267.443982,6.111269703,357,1.541597693,6365.63,1.06085861,10723.15883,4.699311043,10108,7.356776294,10718.82306,10.34162179,1457
"KCAE20110717_111555",5090.15,"2011","07","17",0.524080043,505.32,0.050448796,509.6337328,0.521977809,10102,3.096027195,504.6524329,2.739082853,163,1.542552769,4584.83,0.724892096,7325.034635,2.997235453,10105,5.710306287,7320.61266,6.509189824,1282
"KCAE20110717_112535",3574.64,"2011","07","17",0.524699658,303.23,0.032410495,327.4432263,0.359584786,10103,2.519092841,322.4438836,1.993187057,128,1.54536722,3271.41,0.509588504,5150.411012,2.36601677,10107,4.747129889,5145.8888,5.666161303,1084
"KCAE20110717_113514",2079.27,"2011","07","17",0.525932263,338.56,0.039209049,396.1290211,0.468261712,10103,2.607604697,391.1407046,2.850461819,150,1.532730293,1740.71,0.271454744,2743.321646,1.252489571,10106,3.283782539,2738.674638,3.021231652,834
"KCAE20110717_114556",1541.64,"2011","07","17",0.534900383,340.67,0.039814949,402.4495071,0.526844941,10108,3.45600994,397.4411431,3.563725491,115,1.540470061,1200.97,0.177604766,1793.985744,0.982853762,10101,2.778332324,1789.246017,2.817439948,644
"KCAE20110717_115535",943.75,"2011","07","17",0.524876366,290.67,0.039867674,402.7831144,0.417146486,10103,2.51771397,397.7988073,2.218011052,158,1.539852684,653.08,0.097477882,985.3064341,0.681505908,10108,2.573310724,980.4313859,2.442651575,381
"KCAE20110717_120514",320.43,"2011","07","17",0.524651556,145.68,0.018887385,190.7625897,0.226525304,10100,1.914940348,185.7492138,1.315449158,97,1.541156063,174.75,0.026520951,267.9146434,0.265033814,10102,1.776525849,262.9258257,1.302880337,148
"KCAE20110717_121454",366.23,"2011","07","17",0.525194771,314.65,0.037774329,381.5962752,0.722805939,10102,3.164646412,376.5929231,5.894467485,119,1.538014704,51.58,0.009087364,91.80054636,0.124988524,10102,1.239609086,86.77263603,0.86028899,70
"KCAE20110717_122434",134.97,"2011","07","17",0.525223009,97.56,0.016481416,166.5776737,0.236646333,10107,1.994478648,161.5527705,1.755279154,81,1.53778206,37.41,0.006694826,67.65121386,0.127904491,10105,1.45600623,62.60826791,1.332642744,43
"KCAE20110717_123414",72.76,"2011","07","17",0.526353741,57.04,0.008851376,89.43430737,0.149819549,10104,1.72234428,84.39486974,1.308648882,49,1.533629876,15.72,0.002764702,27.9400765,0.058951989,10106,1.34609403,22.8835985,0.523779369,17
"KCAE20110717_124353",39.66,"2011","07","17",0.525131482,25.72,0.004843885,48.95230349,0.087504192,10106,1.155430274,43.90635042,0.852305034,38,1.538235988,13.94,0.002428193,24.53446562,0.057508077,10104,1.145822941,19.47898999,0.834790244,17
"KCAE20110717_125334",40.86,"2011","07","17",0.524735829,24.39,0.004590305,46.37125865,0.086007413,10102,1.377443361,41.32330084,0.788050782,30,1.541309985,16.47,0.002664711,26.93223107,0.082760558,10107,1.458283301,21.87424951,1.634221192,15
"KCAE20110718_100148",39523.16,"2011","07","18",0.525296253,39518.01,4.639758401,46866.19961,32.45026909,10101,53.67877968,46861.57466,97.78203934,873,1.540861065,5.15,0.000655729,6.624833572,0.011406793,10103,0.781170663,1.562341325,0.309471417,2
"KCAE20110718_101127",30935.03,"2011","07","18",0.525225222,30929.95,3.691215826,37288.66228,16.90858228,10102,25.82016828,37284.323,37.80929706,1444,1.540306035,5.08,0.000732718,7.404115357,0.018546816,10105,1.170310368,2.340620735,0.859798065,2
"KCAE20110718_102106",37505.78,"2011","07","18",0.523575797,37492,4.630256544,46779.48186,14.95772698,10103,16.82583154,46775.81167,24.65826793,2780,1.537826144,13.78,0.002171285,21.94517816,0.059507511,10107,1.298938017,16.88619422,1.076173536,13
"KCAE20110718_103046",37205.05,"2011","07","18",0.52545996,36522.75,4.454087322,45004.09831,12.31505796,10104,12.33914509,45000.86214,17.97028988,3647,1.540784658,682.3,0.118841789,1200.302068,0.530764386,10100,1.617876122,1195.610454,1.194665082,739
"KCAE20110718_104025",33947.41,"2011","07","18",0.522644333,30858.76,3.666672603,37048.05999,8.607835178,10104,7.927527934,37045.33804,11.24472084,4673,1.531764642,3088.65,0.513493086,5190.901604,1.643590628,10109,3.027842169,5186.693636,2.886749856,1713
"KCAE20110718_105005",33346.98,"2011","07","18",0.522782331,28069.32,3.187213554,32206.79297,8.520780205,10105,7.494503624,32203.88207,11.76750995,4297,1.532647678,5277.66,0.84170235,8505.40225,2.622707134,10105,3.876624194,8501.436856,4.465165254,2193
"KCAE20110718_105944",19577.53,"2011","07","18",0.525867017,14007.91,1.634182008,16510.14082,5.069568186,10103,5.552158547,16506.56736,8.099319618,2973,1.540719177,5569.62,0.884790275,8940.805727,2.564312874,10105,4.315199995,8936.779189,4.157969151,2071
"KCAE20110718_110923",11540.92,"2011","07","18",0.523008243,6004.98,0.698971143,7064.501343,2.753417379,10107,4.116790309,7060.29538,5.533857603,1715,1.541267993,5535.94,0.831611941,8402.607049,2.520053954,10104,4.65287961,8398.447696,4.216400953,1805
"KCAE20110718_111903",6585.7,"2011","07","18",0.525713145,2012.39,0.256943712,2595.902318,1.812872253,10103,3.243102969,2591.239272,5.648832062,799,1.534119438,4573.31,0.606444786,6125.092337,1.826457617,10100,3.847157596,6120.827735,2.952077654,1591
"KCAE20110718_112842",2939.94,"2011","07","18",0.526585041,680.63,0.085515386,863.7053956,0.682736638,10100,2.084587121,858.8498937,2.697638065,412,1.541473624,2259.31,0.284090397,2869.88119,1.227465471,10102,3.219398037,2865.264253,2.767675763,890
"KCAE20110718_113822",1578.59,"2011","07","18",0.525149638,262.7,0.042993504,434.3203822,0.410504674,10102,1.804103661,429.3766713,1.998091128,238,1.539847034,1315.89,0.157104212,1587.223855,0.912060517,10103,3.108871247,1582.415465,2.710879297,509
"KCAE20110718_114801",981.83,"2011","07","18",0.525155726,403.75,0.068576517,692.9657085,0.919206903,10105,2.136840354,688.0625938,4.70782672,322,1.537712626,578.08,0.069147129,699.0083238,0.603249541,10109,2.609305029,694.0751378,2.68867686,266
"KCAE20110718_115838",624.47,"2011","07","18",0.534730508,371.67,0.058489349,590.8009092,0.511417744,10101,1.883904457,585.8942862,2.25218184,311,1.537955951,252.8,0.030313178,306.1630937,0.394780016,10100,2.688903889,301.1572356,2.639678684,112
"KCAE20110718_120817",615.9,"2011","07","18",0.524767946,509.59,0.085708292,865.6537508,0.585807869,10100,2.064270395,860.8007548,2.058605453,417,1.538688435,106.31,0.012325243,124.5096021,0.184745334,10102,1.991277999,119.4766799,1.35531849,60
"KCAE20110718_121757",564.24,"2011","07","18",0.524207362,509.18,0.084336818,852.1392108,0.647967004,10104,2.036739685,847.2837088,2.497239927,416,1.541600475,55.06,0.006954374,70.23917367,0.128488584,10100,1.590188568,65.19773129,1.260325743,41
"KCAE20110718_122736",493.04,"2011","07","18",0.524331913,458.07,0.083748899,846.3663702,0.567746307,10106,1.980033827,841.5143766,1.979766067,425,1.540674314,34.97,0.005017068,50.69245916,0.085110088,10104,1.267958502,45.64650609,0.666704005,36
"KCAE20110718_123716",839.12,"2011","07","18",0.525399772,779.36,0.14214868,1435.985961,1.098181475,10102,2.089439826,1431.266281,3.706207877,685,1.545267926,59.76,0.008060657,81.46099647,0.40019557,10106,3.820301101,76.40602203,8.357604362,20
"KCAE20110718_124655",809.84,"2011","07","18",0.523535562,793.14,0.13956864,1410.061971,0.680040959,10103,1.861426322,1405.376873,1.728417545,755,1.538346818,16.7,0.002227991,22.51830712,0.062956434,10107,1.745781962,17.45781962,1.034158023,10
"KCAE20110718_125636",1089.12,"2011","07","18",0.526021694,1078.88,0.185444216,1873.913799,0.887964539,10105,2.107433884,1869.293856,2.22211926,887,1.541081517,10.24,0.001504331,15.19976012,0.037443603,10104,1.014077619,10.14077619,0.65840198,10
"KCAE20110719_100822",1341.19,"2011","07","19",0.517063204,1337.54,0.203999192,1595.681683,1.652554244,7822,5.831129013,1591.898221,6.7523413,273,1.545590593,3.65,0.000501187,4.333264822,0,8646,NA,0,NA,0
"KCAE20110719_101812",12472.7,"2011","07","19",0.525065076,12464.63,1.375995273,13908.56022,5.555944825,10108,10.24625964,13904.17433,11.79534468,1357,1.541709794,8.07,0.000879664,8.884603016,0.027285118,10100,1.911807166,3.823614331,0.462326174,2
"KCAE20110719_102749",14020.35,"2011","07","19",0.525709663,13983.46,1.497219702,15129.40509,3.903224414,10105,6.339286014,15125.53643,5.817021394,2386,1.540752617,36.89,0.005161008,52.15714609,0.10414925,10106,1.472130809,47.1081859,1.143379891,32
"KCAE20110719_103727",17677.21,"2011","07","19",0.525437126,17022.12,1.747065366,17652.34845,4.953234899,10104,6.227489352,17648.70482,7.719150258,2834,1.545033542,655.09,0.110278695,1114.14566,0.52865754,10103,1.709410534,1109.407436,1.272771706,649
"KCAE20110719_104705",17212.61,"2011","07","19",0.525266416,15197.61,1.490362227,15058.61994,3.583681642,10104,5.350023555,15054.96628,5.046844867,2814,1.538746074,2015,0.338751907,3422.071766,1.024843219,10102,2.096825588,3417.825708,1.680744177,1630
"KCAE20110719_105644",11862.03,"2011","07","19",0.524703486,9641.59,0.9712149,9810.241705,2.909155296,10101,4.439242343,9806.286335,4.828280086,2209,1.540863239,2220.44,0.366517195,3702.923223,1.088754949,10103,2.07097136,3698.754848,1.782572103,1786
"KCAE20110719_110622",3747.41,"2011","07","19",0.526130055,2732.06,0.354983438,3586.042688,1.76239036,10102,2.686907559,3581.647777,4.157497378,1333,1.541670658,1015.35,0.163270322,1649.520067,0.676204324,10103,1.789898981,1644.917163,1.455304481,919
"KCAE20110719_111600",952.21,"2011","07","19",0.526174332,594.48,0.093450623,944.2250941,0.547962605,10104,1.875074238,939.4121931,1.6494397,501,1.538500085,357.73,0.056433184,570.3701938,0.362140034,10107,1.428038294,565.5031646,1.179981382,396
"KCAE20110719_112539",396.5,"2011","07","19",0.52367856,252.46,0.039801259,402.2315229,0.354242912,10106,1.83076167,397.2752824,1.605469716,217,1.541210834,144.04,0.024272031,245.2931449,0.253733735,10106,1.405344151,240.3138498,1.369404495,171
"KCAE20110719_113518",137.35,"2011","07","19",0.524082983,85.68,0.013849676,139.8955785,0.187319272,10101,1.550306777,134.8766896,1.308419486,87,1.541027228,51.67,0.009679283,97.76076158,0.107119571,10100,1.042060407,92.74337618,0.478890164,89
"KCAE20110719_114457",162.71,"2011","07","19",0.523600981,116.03,0.015248816,154.0435353,0.360152981,10102,2.224091365,149.0141214,3.855589931,67,1.541190958,46.68,0.008779287,88.732255,0.133709014,10107,1.372087345,83.69732805,1.053664398,61
"KCAE20110719_115436",135.96,"2011","07","19",0.526691899,107.7,0.0137892,139.3260806,0.180898343,10104,1.814853684,134.2991726,1.102910386,74,1.539536716,28.26,0.005816816,58.76147053,0.094769251,10102,1.24930298,53.72002815,0.755076442,43
"KCAE20110719_120416",119.23,"2011","07","19",0.525038078,71.71,0.010531525,106.4105261,0.198798376,10104,1.912699873,101.3730933,1.992777446,53,1.54247786,47.52,0.00961801,97.19961185,0.164748839,10106,1.562104809,92.16418372,1.504212233,59
"KCAE20110719_121453",140.26,"2011","07","19",0.53530229,99.65,0.012827949,129.6777358,0.207659128,10109,2.077355088,124.6413053,1.73994481,60,1.538712842,40.61,0.008070666,81.53793726,0.131191942,10103,1.443415199,76.50100556,1.110280958,53
"KCAE20110719_122431",169.71,"2011","07","19",0.524824464,126.97,0.020666809,208.7761057,0.250442999,10102,1.852438571,203.7682428,1.54562396,110,1.542884576,42.74,0.008771725,88.6645952,0.126934576,10108,1.327463007,83.63016944,0.921141929,63
"KCAE20110719_123411",187.23,"2011","07","19",0.527255142,149.07,0.019810389,200.1839815,0.205816195,10105,1.640160721,195.1791258,0.973577236,119,1.539312983,38.16,0.007155842,72.302629,0.164102603,10104,1.724568705,67.25817949,2.029998089,39
"KCAE20110719_124350",105.22,"2011","07","19",0.525834095,68.24,0.012487791,126.1391759,0.21273152,10101,1.70580659,121.1122679,1.897558734,71,1.541295494,36.98,0.007323329,73.98759781,0.13178666,10103,1.641551263,68.94515305,1.237730516,42
"KCAE20110719_125329",97.02,"2011","07","19",0.527380712,79.95,0.014070594,142.1974244,0.173239458,10106,1.444000411,137.180039,1.067810462,95,1.537705767,17.07,0.003051376,30.81890084,0.073884351,10100,1.610308048,25.76492877,0.956780652,16
"KCAE20110720_100359",18906.99,"2011","07","20",0.53187364,18902.81,2.224398724,22477.5491,19.59805677,10105,29.68674241,22472.86401,65.70371925,757,1.479361838,4.18,0.000501187,5.06199106,0,10100,NA,0,NA,0
"KCAE20110720_100945",8090.72,"2011","07","20",0.531773511,8086.54,0.946787476,9566.340661,6.356991447,10104,13.93822227,9561.620479,20.36388202,686,1.480603938,4.18,0.000501187,5.064998183,0,10106,NA,0,NA,0
"KCAE20110720_101530",1662.39,"2011","07","20",0.531740348,1654.13,0.21872053,2208.85863,2.12517909,10099,6.369857084,2203.970551,9.638481198,346,1.494462921,8.26,0.000898535,9.081497544,0.028430353,10107,2.008500274,4.017000549,0.325581469,2
"KCAE20110720_102114",6179.73,"2011","07","20",0.533258042,6175.55,0.770893453,7782.9403,5.584211062,10096,11.80305098,7778.210596,18.65499254,659,1.501476983,4.18,0.000501187,5.064998183,0,10106,NA,0,NA,0
"KCAE20110720_102701",14207.02,"2011","07","20",0.530769501,14202.84,1.540928513,15566.45984,7.250371189,10102,12.01702385,15562.04588,16.86306113,1295,1.480243817,4.18,0.000501187,5.064496996,0,10105,NA,0,NA,0
"KCAE20110720_103246",17678.73,"2011","07","20",0.532945733,17634.68,1.839644854,18573.05445,6.660520837,10096,9.88235029,18568.9362,12.60742781,1879,1.484104733,44.05,0.006878976,69.45702423,0.10572084,10097,1.533752062,64.4175866,0.595032351,42
"KCAE20110720_103832",21495.95,"2011","07","20",0.531366889,21119.05,2.17929168,22028.28031,7.791027199,10108,9.689552796,22024.3535,14.04369234,2273,1.491665629,376.9,0.061714399,623.5005689,0.485716221,10103,2.249363276,618.5749008,1.939169033,275
"KCAE20110720_104417",17198.31,"2011","07","20",0.531534815,16559.36,1.709453922,17279.16025,5.444134297,10108,7.115037533,17275.31113,9.216991163,2428,1.492669727,638.95,0.106442291,1075.280021,0.626540653,10102,2.234774731,1070.457096,1.878864023,479
"KCAE20110720_105004",14932.62,"2011","07","20",0.53174013,13622.55,1.429777127,14443.60853,4.467322378,10102,6.294548938,14439.69526,7.568415007,2294,1.491873424,1310.07,0.207272784,2093.662392,0.886587876,10101,2.243895279,2089.066505,1.990648809,931
"KCAE20110720_105550",9616.58,"2011","07","20",0.532853216,8489.85,0.92692916,9370.326877,3.003876113,10109,4.916648366,9366.215137,5.317763516,1905,1.483001558,1126.73,0.181872231,1838.000768,0.828099579,10106,2.193008089,1833.354762,1.970807887,836
"KCAE20110720_110135",5210.55,"2011","07","20",0.53253207,4317.27,0.512067916,5176.494559,2.03315311,10109,3.930157765,5172.087619,4.281639178,1316,1.484826059,893.28,0.138000368,1394.355714,0.723565385,10104,2.241294282,1389.602455,1.955607971,620
"KCAE20110720_110720",3180.07,"2011","07","20",0.533282085,2543.22,0.326026088,3294.81965,1.393342895,10106,3.313446456,3290.252331,3.141490623,993,1.481454977,636.85,0.094025149,950.1241304,0.581476859,10105,2.208584443,945.2741416,1.822274832,428
"KCAE20110720_111306",2093.46,"2011","07","20",0.530631276,1622.18,0.241410503,2439.211726,1.194575958,10104,3.141336969,2434.536151,3.08330714,775,1.481325599,471.28,0.071427486,721.5604647,0.549601814,10102,2.488339629,716.6418131,2.144126068,288
"KCAE20110720_111853",1514.6,"2011","07","20",0.533556652,1054.9,0.183235387,1851.593586,0.948899166,10105,2.62714285,1846.881423,2.55564641,703,1.480884731,459.7,0.060133627,607.6502984,0.573126794,10105,2.816322689,602.6930555,2.790042787,214
"KCAE20110720_112439",803.34,"2011","07","20",0.531664974,688.39,0.129087643,1303.914278,0.923713365,10101,2.712091555,1299.091855,3.318153817,479,1.490411645,114.95,0.017163262,173.4176026,0.209225771,10104,1.850540822,168.3992148,1.218411426,91
"KCAE20110720_113748",253.17,"2011","07","20",0.52870739,233.43,0.049860597,503.7416113,0.437047818,10103,2.113544055,498.7963969,1.957503049,236,1.478107979,19.74,0.00324858,32.82689636,0.0753777,10105,1.542856708,27.77142074,0.928809087,18
"KCAE20110720_114335",267.67,"2011","07","20",0.530849481,244.46,0.05159238,521.3410011,0.555282274,10105,2.42433454,516.383257,2.986179013,213,1.482385787,23.21,0.003404776,34.41207291,0.071417932,10107,1.39795707,29.35709847,0.728715782,21
"KCAE20110720_114920",214.92,"2011","07","20",0.530545741,200.52,0.040758385,411.9857523,0.383906677,10108,2.005031984,407.0214928,1.84861704,203,1.484518207,14.4,0.001808475,18.26740184,0.073072443,10101,2.641483107,13.20741553,2.183638708,5
"KCAE20110720_115508",200.05,"2011","07","20",0.533964805,193.75,0.039254635,396.5110694,0.337229514,10101,2.018277358,391.5458075,1.39191633,194,1.482291536,6.3,0.001002424,10.12248167,0.023123578,10098,0.844083351,5.064500108,0.475734422,6
"KCAE20110720_120053",248.81,"2011","07","20",0.531554506,241.13,0.051170983,517.2874637,0.490436897,10109,2.4166378,512.3272137,2.404201371,212,1.490965637,7.68,0.001203108,12.15620142,0.036305314,10104,1.77355259,7.094210361,0.49888324,4
"KCAE20110720_120640",393.13,"2011","07","20",0.53170664,374.92,0.073986292,747.5574973,0.834875779,10104,2.710331485,742.6308268,4.31561578,274,1.493523385,18.21,0.002385289,24.09380814,0.070799166,10101,2.379415674,19.03532539,0.877370659,8
"KCAE20110720_121225",278.3,"2011","07","20",0.533295358,272.35,0.055878239,564.4260912,0.568936855,10101,2.453850305,559.4778696,2.914283586,228,1.485208456,5.95,0.000956681,9.665345559,0.026596877,10103,1.5344515,4.603354499,0.211161164,3
"KCAE20110720_121819",334.24,"2011","07","20",0.532127365,329.05,0.065414756,660.8852827,0.606766651,10103,2.420507785,655.9576098,2.838028313,271,1.491202459,5.19,0.000755625,7.637104641,0.019365562,10107,1.286303822,2.572607645,0.695758548,2
"KCAE20110720_122406",322.32,"2011","07","20",0.527188806,312.96,0.059757576,603.7905451,0.612894304,10104,2.697467625,598.8378128,3.166437472,222,1.476200312,9.36,0.000944224,9.540435711,0.031488328,10104,2.238721139,4.477442277,0,2
"KCAE20110720_122954",550.77,"2011","07","20",0.533582966,546.22,0.089575983,904.8965796,0.643660191,10102,2.647070558,900.0039898,2.357132554,340,1.486651379,4.55,0.000600069,6.06549937,0.009941448,10108,1,1,NA,1
"KCAE20110720_123541",1194.95,"2011","07","20",0.527883553,1188.37,0.192390734,1944.108369,1.539115749,10105,3.61138363,1939.313009,5.682120245,537,1.478777806,6.58,0.000997589,10.08463145,0.033273536,10109,1.255033613,5.020134454,1.277750141,4
"KCAE20110720_124126",1568.43,"2011","07","20",0.530637582,1563.06,0.263079923,2657.89646,2.443996814,10103,4.496828248,2653.128666,9.131099068,590,1.488088908,5.37,0.000785744,7.943876026,0.014535772,10110,0.719719461,2.878877843,0.150151155,4
"KCAE20110720_124711",1418.08,"2011","07","20",0.533026109,1407.43,0.240322686,2428.220419,1.220610061,10104,3.347402324,2423.519283,3.22580531,724,1.481618755,10.65,0.001902805,19.22975031,0.043184927,10106,1.180897197,14.17076637,0.441591545,12
"KCAE20110720_125256",1740.38,"2011","07","20",0.53244808,1735.76,0.295194307,2981.757691,1.448614018,10101,3.578259839,2977.112186,3.707407711,832,1.494082447,4.62,0.000613148,6.194636825,0.008009317,10103,0.566072289,1.132144578,0.091761325,2
"KCAE20110720_125842",2040.22,"2011","07","20",0.53179461,2036.04,0.348716723,3523.085057,1.729930304,10103,3.84113608,3518.48065,4.428599697,916,1.494279844,4.18,0.000501187,5.062492247,0,10101,NA,0,NA,0
"KCAE20110721_100337",85.83,"2011","07","21",0.530687155,81.65,0.011682099,118.0592875,0.297887329,10106,3.42457056,113.0108285,3.996283707,33,1.481196569,4.18,0.000501187,5.063995809,0,10104,NA,0,NA,0
"KCAE20110721_100923",666.57,"2011","07","21",0.531386423,659.1,0.08005203,808.8457076,1.133005195,10104,7.655565109,803.8343364,8.13360197,105,1.481322155,7.47,0.000874669,8.835031597,0.026584739,10101,1.886770863,3.773541725,0.153430083,2
"KCAE20110721_101507",2705.46,"2011","07","21",0.532526421,2701.28,0.311878645,3150.598068,2.372667364,10102,8.786912011,3145.7145,9.198339593,358,1.482034685,4.18,0.000501187,5.06549937,0,10107,NA,0,NA,0
"KCAE20110721_102055",5938.91,"2011","07","21",0.527895458,5934.73,0.688505376,6958.035335,3.804692186,10106,9.551284617,6953.335201,10.79088029,728,1.501528265,4.18,0.000501187,5.064496996,0,10105,NA,0,NA,0
"KCAE20110721_102640",10432.8,"2011","07","21",0.530764535,10420.68,1.191984968,12037.85619,4.70445862,10099,9.171838612,12033.45226,9.860518381,1312,1.494959461,12.12,0.001546112,15.62036773,0.056923659,10103,2.639719465,10.55887786,1.275758508,4
"KCAE20110721_103227",17029.62,"2011","07","21",0.53327017,16956.6,1.803815397,18227.55459,6.565562575,10105,10.23210708,18223.3827,12.58599064,1781,1.480968453,73.02,0.011075766,111.8652391,0.181308742,10100,2.136566149,106.8283074,1.463667007,50
"KCAE20110721_103812",13336.64,"2011","07","21",0.533901405,12972.07,1.359699867,13738.40746,4.490825383,10104,7.145841178,13734.30674,8.043650891,1922,1.483701819,364.57,0.057315274,579.0562092,0.445715932,10103,2.324358331,574.1165078,1.693632643,247
"KCAE20110721_104359",15027.45,"2011","07","21",0.533415485,13925.73,1.42230083,14368.08299,4.308374426,10102,7.125015073,14364.03039,7.238834967,2016,1.483062409,1101.72,0.168221398,1699.540781,0.866632044,10103,2.724741198,1694.789025,2.28949624,622
"KCAE20110721_104943",12514.53,"2011","07","21",0.531251511,11041.54,1.131311477,11426.24592,3.628444199,10100,6.438598104,11422.07304,6.387733744,1774,1.479586213,1472.99,0.226041433,2284.600768,1.068778678,10107,2.766927484,2279.948247,2.643665893,824
"KCAE20110721_105529",9143.81,"2011","07","21",0.533627395,7126.61,0.766164257,7746.686799,2.624601715,10111,5.076972856,7742.383606,4.878473346,1525,1.480640946,2017.2,0.265768462,2685.324544,1.139021931,10104,3.113463497,2680.692071,2.523096598,861
"KCAE20110721_110113",5116.92,"2011","07","21",0.532537326,3848.99,0.429698202,4341.240936,1.681179463,10103,4.03791035,4336.715716,3.46814621,1074,1.479829058,1267.93,0.181679946,1836.784249,0.847443671,10110,2.580384633,1832.073089,2.010599042,710
"KCAE20110721_110658",3194.93,"2011","07","21",0.533654259,2053.42,0.252500126,2552.271272,1.268129482,10108,3.681433661,2547.552094,3.298773738,692,1.485289712,1141.51,0.154489582,1561.426207,0.859934571,10107,2.764907418,1556.642876,2.463436751,563
"KCAE20110721_111243",2239.16,"2011","07","21",0.531032856,1261.91,0.163258651,1649.891925,1.022689374,10106,3.283588865,1645.078021,3.297378117,501,1.482681451,977.25,0.119963637,1212.472477,0.770039116,10107,2.909915591,1207.61497,2.517498531,415
"KCAE20110721_111828",1449.21,"2011","07","21",0.531217121,686.63,0.101993403,1030.745335,0.701290767,10106,2.881625728,1025.858759,2.442991183,356,1.47685931,762.58,0.095898965,969.0590464,0.684885547,10105,2.878096857,964.1624471,2.481935704,335
"KCAE20110721_112414",734.39,"2011","07","21",0.534014254,378.1,0.064422424,651.0530176,0.602885775,10106,3.062055782,646.0937699,2.875547007,211,1.498420942,356.29,0.044738601,451.859875,0.392388585,10100,2.428750556,446.8901023,1.6359343,184
"KCAE20110721_113002",536.05,"2011","07","21",0.531657827,255.81,0.042452663,428.9841569,0.495343637,10105,2.569711247,424.0023558,2.929888636,165,1.490739733,280.24,0.033827678,341.9301728,0.486206648,10108,2.83129255,336.9238135,3.501691872,119
"KCAE20110721_113548",219.31,"2011","07","21",0.531262004,134.19,0.023514071,237.680225,0.278776471,10108,2.077413905,232.6703574,1.664988,112,1.495352448,85.12,0.011732288,118.5430412,0.209980582,10104,2.182790521,113.5051071,1.975786225,52
"KCAE20110721_114134",160.93,"2011","07","21",0.531592543,89.67,0.017008152,171.9354065,0.21936904,10109,2.086362496,166.9089997,1.336508417,80,1.490034069,71.26,0.008685148,87.77210261,0.159479954,10106,2.433063082,82.72414479,1.308432251,34
"KCAE20110721_114819",136.01,"2011","07","21",0.534927373,70.2,0.013897097,140.374581,0.197271197,10101,2.020084602,135.3456683,1.357300262,67,1.49509286,65.81,0.008694803,87.82620842,0.38091282,10101,3.762488286,82.77474229,7.415483561,22
"KCAE20110721_115404",79.16,"2011","07","21",0.531132495,52.79,0.009001253,90.97566873,0.210000965,10107,2.386894781,85.9282121,2.62620563,36,1.483788082,26.37,0.002594993,26.2249956,0.07915738,10106,2.645500865,21.16400692,1.027684326,8
"KCAE20110721_115950",84.09,"2011","07","21",0.533534502,61.79,0.010851157,109.6292405,0.171320934,10103,1.834987957,104.5943135,1.37425426,57,1.481526673,22.3,0.00174952,17.68414507,0.088741425,10108,6.309573445,12.61914689,0,2
"KCAE20110721_120537",60.25,"2011","07","21",0.533067427,44.67,0.007830334,79.11769878,0.133249032,10104,1.851843761,74.07375046,1.047901684,40,1.480814133,15.58,0.002073414,20.9622109,0.058273099,10110,1.590021984,15.90021984,1.004816464,10
"KCAE20110721_121122",61.45,"2011","07","21",0.53298479,37.24,0.006222431,62.87144424,0.138651016,10104,1.993861478,57.82198286,1.683117665,29,1.487308686,24.21,0.002836519,28.66586376,0.115094294,10106,3.372053413,23.60437389,3.009469334,7
"KCAE20110721_121707",38.89,"2011","07","21",0.532979269,32.01,0.005681068,57.43559394,0.101856789,10110,1.587428187,52.38513018,0.830004523,33,1.479799236,6.88,0.00089115,9.002392445,0.030174102,10102,1.970200693,3.940401386,1.199510825,2
"KCAE20110721_122254",65.39,"2011","07","21",0.532563398,54.23,0.008779008,88.68553606,0.196130924,10102,2.613705644,83.63858061,2.346775452,32,1.479965489,11.16,0.001689962,17.07706386,0.056426745,10105,2.403014561,12.0150728,0.911706782,5
"KCAE20110721_122839",39.87,"2011","07","21",0.533077709,35.69,0.00631904,63.86021828,0.109625618,10106,1.729772367,58.81226047,0.78061378,34,1.504365901,4.18,0.000501187,5.064496996,0,10105,NA,0,NA,0
"KCAE20110721_123424",49.77,"2011","07","21",0.533686283,45.59,0.006959388,70.30373654,0.167052046,10102,2.416825006,65.25427516,2.189669655,27,1.485526296,4.18,0.000501187,5.063995809,0,10104,NA,0,NA,0
"KCAE20110721_124012",36.93,"2011","07","21",0.533553532,31.27,0.005134232,51.87114355,0.117096958,10103,2.035616358,46.81917623,1.405726526,23,1.484036573,5.66,0.000729073,7.367283104,0.016607447,10105,1.151894241,2.303788483,0.368605294,2
"KCAE20110721_124151",75.03,"2011","07","21",0.534847576,57.94,0.009426595,95.23688514,0.135710378,10103,1.36676468,90.20646887,0.989606419,66,1.539631807,17.09,0.002084943,21.07043549,0.054877978,10106,1.601044918,16.01044918,0.733339981,10
"KCAE20110721_125130",36.05,"2011","07","21",0.527131743,31.87,0.004451274,44.98012301,0.112516679,10105,2.218035966,39.92464739,1.525471024,18,1.541277235,4.18,0.000501187,5.063995809,0,10104,NA,0,NA,0
"KCAE20110722_100759",3194.58,"2011","07","22",0.526729472,3190.4,0.360342059,3641.256502,2.211946752,10105,7.033754581,3636.451119,6.98421764,517,1.540647421,4.18,0.000501187,5.064496996,0,10105,NA,0,NA,0
"KCAE20110722_101737",4768.48,"2011","07","22",0.526443356,4763.98,0.523066027,5284.536074,2.623037838,10103,6.013567906,5279.912621,6.797118101,878,1.536740373,4.5,0.00057989,5.859207775,0.005593707,10104,0.398107171,0.796214341,0,2
"KCAE20110722_102715",10283.74,"2011","07","22",0.524647729,10261.32,1.063524819,10745.85477,3.503345235,10104,6.281665385,10741.64781,6.305629449,1710,1.537507538,22.42,0.003270416,33.04755396,0.094012805,10105,1.866038318,27.99057478,1.629577712,15
"KCAE20110722_103653",9909.53,"2011","07","22",0.525739561,9253.7,0.912964932,9225.510643,2.829550657,10105,5.030750039,9221.364822,4.840716959,1833,1.536058679,655.83,0.102748548,1038.479575,0.613419938,10107,2.088206391,1033.662163,1.882653735,495
"KCAE20110722_104631",7378.73,"2011","07","22",0.526448793,6014.27,0.576842915,5827.843972,2.128335061,10103,4.1596301,5823.48214,4.218679205,1400,1.540523961,1364.46,0.214044132,2162.487865,0.972393897,10103,2.25722124,2157.903506,2.320846773,956
"KCAE20110722_105610",3603.81,"2011","07","22",0.525708634,2533.7,0.266307903,2690.242432,1.472159885,10102,3.344435731,2685.581892,4.121913102,803,1.534056312,1070.11,0.158197402,1598.426545,0.758941026,10104,2.116520509,1593.739944,1.894463948,753
"KCAE20110722_110548",1855.84,"2011","07","22",0.52378404,887.95,0.112095502,1132.500857,0.892138867,10103,2.840393789,1127.636334,3.54064251,397,1.536197085,967.89,0.13751644,1389.741139,0.718632306,10106,2.191444448,1384.992891,1.939874439,632
"KCAE20110722_111527",1230.04,"2011","07","22",0.525230744,594.09,0.078195981,790.1703912,0.784817299,10105,2.626273409,785.2557492,3.764425896,299,1.540460816,635.95,0.086417416,872.9023207,0.56214733,10101,2.214378301,868.0362939,1.85467403,392
"KCAE20110722_112505",561.51,"2011","07","22",0.525130614,272.55,0.043362633,438.2661269,0.424086406,10107,2.006059648,433.308884,2.121117786,216,1.54069337,288.96,0.03707502,374.6801537,0.330129384,10106,1.987679443,369.7083763,1.433809168,186
"KCAE20110722_113443",316.82,"2011","07","22",0.525075366,146.85,0.023286695,235.2654804,0.259589992,10103,1.798954201,230.2661377,1.463414528,128,1.53895182,169.97,0.02385032,241.0313333,0.329660186,10106,2.205794039,236.0199622,2.345819412,107
"KCAE20110722_114422",209.03,"2011","07","22",0.526001037,151.81,0.024713555,249.7304764,0.354735866,10105,2.091663405,244.7246183,2.569298411,117,1.540823275,57.22,0.009852602,99.53098734,0.182572846,10102,1.92841943,94.49255208,1.79960585,49
"KCAE20110722_115458",164.7,"2011","07","22",0.533983068,140.05,0.021569804,217.9197307,0.342914956,10103,2.172503597,212.9053525,2.743429356,98,1.537878258,24.65,0.003484321,35.20557586,0.07685853,10104,1.50758019,30.1516038,0.868905996,20
"KCAE20110722_120437",161.76,"2011","07","22",0.525294346,136.17,0.023211287,234.5500551,0.386913701,10105,1.82181514,229.5487077,2.966260325,126,1.542291293,25.59,0.003106306,31.38922056,0.076761009,10105,1.755482758,26.33224138,0.978500832,15
"KCAE20110722_121415",100.96,"2011","07","22",0.525110266,86.32,0.011625216,117.4263062,0.177224779,10101,1.97179617,112.3923817,1.315938019,57,1.533969869,14.64,0.001730782,17.494742,0.049489284,10108,1.554093867,12.43275094,0.88317898,8
"KCAE20110722_122353",265.83,"2011","07","22",0.524945923,248.85,0.034200738,345.8378644,1.472366739,10112,4.369345535,340.8089517,16.29356671,78,1.534834193,16.98,0.002718311,27.46037586,0.058062776,10102,1.244800211,22.40640379,0.605561296,18
"KCAE20110722_123332",122.39,"2011","07","22",0.524859951,109.68,0.017835269,180.2610609,0.325402683,10107,2.872559573,175.226134,3.082093574,61,1.532025678,12.71,0.001963891,19.84119352,0.057632555,10103,1.478271077,14.78271077,1.142000443,10
"KCAE20110722_124310",118.25,"2011","07","22",0.52561147,92.9,0.01484251,149.9538833,0.191485049,10103,1.685273149,144.9334908,1.228944462,86,1.540003055,25.35,0.004370507,44.16834786,0.212818803,10106,3.555351157,39.10886273,5.646404457,11
"KCAE20110722_125248",178.66,"2011","07","22",0.525501096,153.9,0.024933382,251.9019533,0.284747835,10103,2.057488343,246.8986012,1.633089707,120,1.532916253,24.76,0.003113518,31.45898316,0.078651452,10104,1.553147502,26.40350754,1.161479253,17
"KCAE20110723_100507",888.84,"2011","07","23",0.525049406,879.41,0.104189463,1052.938714,1.000615462,10106,4.943301735,1047.979968,4.890586638,212,1.535890194,9.43,0.00104983,10.60538727,0.040492133,10102,2.771698104,5.543396207,1.098046023,2
"KCAE20110723_101443",4150.77,"2011","07","23",0.526015171,4143.36,0.452450992,4572.017275,2.170661961,10105,5.617909278,4567.360243,5.438568011,813,1.538677986,7.41,0.000833703,8.423733027,0.024904673,10104,1.680369796,3.360739593,0.789628041,2
"KCAE20110723_102419",10374.05,"2011","07","23",0.525063897,10369.87,1.066602874,10783.35506,4.173471478,10110,7.485423446,10779.00976,8.618760825,1440,1.53657866,4.18,0.000501187,5.064998183,0,10106,NA,0,NA,0
"KCAE20110723_103355",11894.17,"2011","07","23",0.527023565,11621.18,1.133926712,11458.32943,3.794422591,10105,5.846986605,11454.24676,6.835804435,1959,1.540956759,272.99,0.045389069,458.5657675,0.387106618,10103,1.800113381,453.6285721,1.691352187,252
"KCAE20110723_104331",9427.43,"2011","07","23",0.525543319,8610.35,0.805202565,8136.571919,2.327804963,10105,4.434256597,8132.426599,3.710810643,1834,1.541499725,817.08,0.132834392,1341.893025,0.594494169,10102,1.729906144,1337.21745,1.36334103,773
"KCAE20110723_105307",5546.48,"2011","07","23",0.526165401,4632.52,0.449073813,4536.543654,1.624643684,10102,3.808468129,4532.077074,3.101618831,1190,1.542564728,913.96,0.140687751,1421.649722,0.629066349,10105,1.751533603,1416.990685,1.457525549,809
"KCAE20110723_110244",2471.7,"2011","07","23",0.526633324,1694.17,0.180365196,1822.770667,1.019418189,10106,3.167235803,1817.993351,2.975173665,574,1.541945778,777.53,0.111932163,1130.850645,0.598613866,10103,1.858235759,1126.09087,1.653431187,606
"KCAE20110723_111221",1219.08,"2011","07","23",0.526110724,558.7,0.07077457,715.1062542,0.52652148,10104,2.407424097,710.1901086,1.970602779,295,1.534986519,660.38,0.090952821,918.9873066,0.574585576,10104,2.17650907,914.1338094,1.847046711,420
"KCAE20110723_112159",548.93,"2011","07","23",0.524753743,214.15,0.034060374,344.1460208,0.34309842,10104,2.043163988,339.1652221,1.754715098,166,1.543454072,334.78,0.045616061,460.9503006,0.358171344,10105,1.688967126,456.0211241,1.426030596,270
"KCAE20110723_113137",323.07,"2011","07","23",0.526384566,130.77,0.022481774,227.2457735,0.229974907,10108,1.696529989,222.2454285,1.118391669,131,1.541259838,192.3,0.025766016,260.3398216,0.261142689,10104,1.713761763,255.3505027,1.320510411,149
"KCAE20110723_114115",169.74,"2011","07","23",0.526335401,86.34,0.016767796,169.3547358,0.185492578,10100,1.494071594,164.3478753,0.980409069,110,1.542476445,83.4,0.014057147,142.0193546,0.150051828,10103,0.951583548,137.0280309,0.832270308,144
"KCAE20110723_115053",180.02,"2011","07","23",0.525550752,88.35,0.015614093,157.7647983,0.210148114,10104,1.678531984,152.7464105,1.461514093,91,1.543216951,91.67,0.016274224,164.4022069,0.150177873,10102,0.880828334,159.4299284,0.707320678,181
"KCAE20110723_120128",141.61,"2011","07","23",0.534276933,59.95,0.010835275,109.4904531,0.160509731,10105,1.632156752,104.4580321,1.201883993,64,1.537111502,81.66,0.014426733,145.7388536,0.132465345,10102,0.832902727,140.7605609,0.607997864,169
"KCAE20110723_121106",83.29,"2011","07","23",0.523769006,35.79,0.006573002,66.40046803,0.12766734,10102,1.496537153,61.35802327,1.353191166,41,1.543535069,47.5,0.00855117,86.40956938,0.097618602,10105,0.856765107,81.39268517,0.538782592,95
"KCAE20110723_122046",81.64,"2011","07","23",0.526414815,40.38,0.006466294,65.34836544,0.132176982,10106,1.884356414,60.29940524,1.42937426,32,1.541315292,41.26,0.007499054,75.77044234,0.085772307,10104,0.930849168,70.74453676,0.347176043,76
"KCAE20110723_123024",92.48,"2011","07","23",0.524198041,44.15,0.006711566,67.80024309,0.120294757,10102,1.792994035,62.75479121,1.001519275,35,1.543967392,48.33,0.00739275,74.6741703,0.088688144,10101,0.941199539,69.6487659,0.444734337,74
"KCAE20110723_124002",61.79,"2011","07","23",0.524640937,36.82,0.006281514,63.4621342,0.10371233,10103,1.358609084,58.42019063,0.840712869,43,1.542311699,24.97,0.004184892,42.27996382,0.073510392,10103,0.866000471,37.23802025,0.732172735,43
"KCAE20110723_124940",108.44,"2011","07","23",0.525470821,33.81,0.006048301,61.09388688,0.109880273,10101,1.514863204,56.04993856,1.019301346,37,1.541561715,74.63,0.009772122,98.71797831,0.165485244,10102,1.076995266,93.69858816,1.433278944,87
"KCAE20110723_125919",241.86,"2011","07","23",0.524641463,220.93,0.020217897,204.3422821,0.585191402,10107,5.861583033,199.2938231,8.342554122,34,1.533531227,20.93,0.003687709,37.25692218,0.063688957,10103,0.870593824,32.21197149,0.602492374,37
"KCAE20110724_100346",196.42,"2011","07","24",0.524539795,176.99,0.026965994,272.3835044,0.332622862,10101,2.475695744,267.3751403,2.079824233,108,1.542623532,19.43,0.001978859,19.99834646,0.072904055,10106,2.489392566,14.9363554,1.820036964,6
"KCAE20110724_101324",1793.3,"2011","07","24",0.525191817,1786.16,0.200166534,2022.882992,1.27315746,10106,4.898117678,2018.024483,4.097321676,412,1.539889809,7.14,0.000788133,7.963291298,0.020910353,10104,1.450148932,2.900297864,0.464046572,2
"KCAE20110724_102301",9540.53,"2011","07","24",0.525523752,9536.35,0.982249035,9922.679753,3.274598508,10102,7.140614045,9918.312909,5.833711058,1389,1.540213078,4.18,0.000501187,5.064496996,0,10105,NA,0,NA,0
"KCAE20110724_103240",16092.34,"2011","07","24",0.526146062,15973.28,1.529381698,15452.87268,4.095631068,10104,7.294084136,15448.8702,6.16332809,2118,1.538272976,119.06,0.018681398,188.7381598,0.195536356,10103,1.446758393,183.7383159,0.991803772,127
"KCAE20110724_104218",15873.78,"2011","07","24",0.526468997,15002.36,1.361211078,13753.67673,3.353906449,10104,5.745847085,13749.81207,4.723227543,2393,1.539676765,871.42,0.129372775,1307.570638,0.551897263,10107,1.712071671,1302.886542,1.156627951,761
"KCAE20110724_105156",8744.94,"2011","07","24",0.526660843,7663.45,0.712375093,7197.125569,2.201049063,10103,4.304547911,7192.899559,3.719602614,1671,1.540892576,1081.49,0.162614839,1643.548177,0.664678019,10107,1.804997528,1638.937755,1.398449123,908
"KCAE20110724_110134",3219.68,"2011","07","24",0.524710748,2471.14,0.258939724,2617.362728,1.195648865,10108,3.136511665,2612.714217,2.886401924,833,1.538165848,748.54,0.1122892,1134.682366,0.574382607,10105,1.727745635,1129.945645,1.519962386,654
"KCAE20110724_111113",1577.87,"2011","07","24",0.525106801,997.57,0.122789868,1240.791617,0.716907717,10105,2.414030718,1235.983728,2.149805336,512,1.541721775,580.3,0.08605077,869.6290816,0.524250964,10106,1.82833223,864.8011449,1.640932236,473
"KCAE20110724_112051",1054.76,"2011","07","24",0.525852484,516.78,0.084721541,856.0264506,0.543544557,10104,2.133239169,851.1624284,1.766256623,399,1.539763136,537.98,0.077634794,784.4219633,0.505448192,10104,1.924841848,779.5609483,1.680889549,405
"KCAE20110724_113029",749.12,"2011","07","24",0.525297608,371.83,0.071205709,719.5336911,0.495249442,10105,1.89063133,714.6586429,1.767901866,378,1.544902638,377.29,0.052757943,532.9607429,0.446727981,10102,2.146426998,528.0210416,1.927853691,246
"KCAE20110724_114007",370.75,"2011","07","24",0.524778787,249.72,0.049850647,503.5912323,0.369867502,10102,1.749723078,498.6710772,1.371750034,285,1.541263015,121.03,0.016018514,161.8831021,0.217906843,10106,1.823967512,156.861206,1.519677003,86
"KCAE20110724_114945",216.16,"2011","07","24",0.52384217,169.1,0.033627295,339.837441,0.301938975,10106,1.594655677,334.8776921,1.381100579,210,1.540375209,47.06,0.006401922,64.67222049,0.103585641,10102,1.419768498,59.63027692,0.767223214,42
"KCAE20110724_115923",131.01,"2011","07","24",0.522650472,100.65,0.020877649,210.9060085,0.187092189,10102,1.271137083,205.9242074,0.773043721,162,1.531123507,30.36,0.004217819,42.60841254,0.079993776,10102,1.341409012,37.55945234,0.731080817,28
"KCAE20110724_120959",1625.35,"2011","07","24",0.533962072,1599.67,0.21632272,2186.157412,10.90626517,10106,10.90596326,2181.192651,76.95983749,200,1.53970458,25.68,0.00272901,27.57118407,0.085063412,10103,2.813962368,22.51169894,1.184514561,8
"KCAE20110724_121937",160.97,"2011","07","24",0.525420463,140.32,0.027785673,280.7742289,0.236045348,10105,1.400042974,275.8084658,0.970545768,197,1.538590506,20.65,0.001746508,17.644974,0.076192066,10103,3.145871032,12.58348413,2.522347085,4
"KCAE20110724_122915",60.59,"2011","07","24",0.525133763,56.41,0.011169288,112.8544815,0.125017198,10104,1.159538668,107.8370961,0.608986355,93,1.540025213,4.18,0.000501187,5.062492247,0,10101,NA,0,NA,0
"KCAE20110724_123853",72.6,"2011","07","24",0.525178113,66.56,0.012955123,130.9503871,0.150423398,10108,1.285035744,125.9335029,0.840704218,98,1.53368412,6.04,0.000786825,7.948504313,0.021734698,10102,1.443256627,2.886513253,0.780653931,2
"KCAE20110724_124831",63.45,"2011","07","24",0.525495476,54.8,0.010379353,104.8522262,0.136460074,10102,1.313517407,99.82732295,0.879811563,76,1.53946684,8.65,0.001281397,12.9472332,0.039778195,10104,1.971310534,7.885242137,0.389793879,4
"KCAE20110724_125809",83.44,"2011","07","24",0.525215101,51.55,0.009831151,99.32411444,0.128719369,10103,1.309676463,94.2967053,0.794811872,72,1.54034834,31.89,0.004133949,41.76528194,0.249822759,10103,7.340858651,36.70429325,9.502751729,5
"KCAE20110725_100050",158.76,"2011","07","25",0.532771675,154.58,0.023667433,239.13574,0.293888597,10104,2.341218629,234.1218629,1.826095861,100,1.477776967,4.18,0.000501187,5.062492247,0,10101,NA,0,NA,0
"KCAE20110725_100634",993.67,"2011","07","25",0.533824455,989.49,0.113442099,1146.559296,1.262838558,10107,6.413387684,1141.583008,7.101089328,178,1.480549583,4.18,0.000501187,5.064998183,0,10106,NA,0,NA,0
"KCAE20110725_101219",2178.12,"2011","07","25",0.531221629,2171.47,0.230200952,2326.641026,1.642974274,10107,6.8286645,2321.74593,5.939951682,340,1.491166498,6.65,0.000874595,8.836033972,0.026582108,10103,1.886770863,3.773541725,0.153430083,2
"KCAE20110725_101802",2618.35,"2011","07","25",0.532789072,2614.17,0.27384085,2766.887948,1.539229492,10104,5.6599765,2762.068532,4.31337785,488,1.482928133,4.18,0.000501187,5.063995809,0,10104,NA,0,NA,0
"KCAE20110725_102346",2765.33,"2011","07","25",0.533879349,2760.39,0.273642499,2765.704737,1.409118998,10107,5.170237586,2760.906871,3.505264416,534,1.476590768,4.94,0.00069901,7.063494621,0.014060722,10105,1,2,0,2
"KCAE20110725_102930",4375.86,"2011","07","25",0.533663713,4370.21,0.408601327,4131.776616,2.088440821,10112,6.509505305,4127.026364,5.467602928,634,1.48327278,5.65,0.000755625,7.637104641,0.019365562,10107,1.286303822,2.572607645,0.695758548,2
"KCAE20110725_103519",5303.49,"2011","07","25",0.531769584,5299.31,0.474319486,4794.421365,2.193758161,10108,6.360866877,4789.732758,5.214536615,753,1.474506885,4.18,0.000501187,5.064998183,0,10106,NA,0,NA,0
"KCAE20110725_104102",4863.09,"2011","07","25",0.533434517,4755.71,0.411025317,4152.177755,2.030395398,10102,6.265024997,4147.446548,5.125389809,662,1.481310377,107.38,0.010368214,104.7708014,0.314091918,10105,3.988753362,99.71883404,5.000530115,25
"KCAE20110725_104648",8471.68,"2011","07","25",0.533972831,4883.3,0.410298996,4146.891952,7.947698073,10107,9.287107583,4142.049982,36.76797678,446,1.48710757,3588.38,0.305378323,3086.153327,11.42283865,10106,55.01993564,3081.116396,144.595522,56
"KCAE20110725_105235",10828.59,"2011","07","25",0.533894776,9602.51,0.809847443,8183.50841,20.8480923,10105,34.50870335,8178.562694,132.0636113,237,1.490063421,1226.08,0.105467358,1065.853117,2.861604248,10106,13.0966508,1060.828715,29.36126647,81
"KCAE20110725_105820",5337.33,"2011","07","25",0.533208199,5226.53,0.450452097,4551.818438,9.534361068,10105,26.74611261,4546.839143,68.75625983,170,1.47835539,110.8,0.013623867,137.6555506,0.186887046,10104,2.105129041,132.6231296,1.10387304,63
"KCAE20110725_110405",1279.37,"2011","07","25",0.531706528,1155.35,0.105544706,1066.31816,2.704175786,10103,8.040309258,1061.320822,22.35227036,132,1.486368654,124.02,0.016119023,162.8827281,0.262228932,10105,2.355997174,157.8518107,2.220824834,67
"KCAE20110725_110951",1371.87,"2011","07","25",0.533637333,551.57,0.057289204,579.1365615,1.046661406,10109,5.79918866,574.1196773,8.908298373,99,1.479133118,820.3,0.092698029,936.4354857,4.691393895,10102,13.3058225,931.4075753,55.16882561,70
"KCAE20110725_111537",6645.12,"2011","07","25",0.53376114,4599.97,0.451696094,4563.937339,10.09300901,10104,41.82502727,4558.927972,88.22136621,109,1.486324162,2045.15,0.22480208,2271.175413,4.944049116,10103,24.90282996,2266.157526,46.0683421,91
"KCAE20110725_112137",11653.98,"2011","07","25",0.533408247,8212.4,0.789663299,7979.547638,16.12962309,10105,51.11898286,7974.561326,119.8750488,156,1.483159733,3441.58,0.370584953,3744.390369,13.93653543,10104,31.68970774,3739.385513,125.5811502,118
"KCAE20110725_112722",9542.66,"2011","07","25",0.53379369,4002.32,0.41250534,4165.891426,7.16584447,10099,26.33486787,4160.909124,51.14404298,158,1.48567125,5540.34,0.656916276,6639.452798,19.90054795,10107,73.71591562,6634.432406,198.8053014,90
"KCAE20110725_113307",9146.86,"2011","07","25",0.534041245,8329.7,0.928907107,9384.748501,23.64994712,10103,56.50462773,9379.768203,176.3084053,166,1.476024385,817.16,0.092180572,931.2081371,1.58618034,10102,9.450961836,926.19426,13.13930268,98
"KCAE20110725_113852",3294.11,"2011","07","25",0.530555707,3093.62,0.288302558,2913.00905,6.869484111,10104,23.07943019,2908.008204,57.30503107,126,1.486340017,200.49,0.023324906,235.6048773,0.769117862,10101,6.78115957,230.5594254,11.56877951,34
"KCAE20110725_114438",1667.06,"2011","07","25",0.530933407,1445.66,0.143142935,1447.031935,3.901566391,10109,16.20235999,1442.010039,38.54002744,89,1.493238511,221.4,0.025575998,258.3687287,0.980476654,10102,9.047134588,253.3197685,16.58337737,28
"KCAE20110725_115023",3479.51,"2011","07","25",0.533623827,3471.95,0.263784522,2664.487461,12.78763712,10101,32.04176587,2659.466567,138.2414749,83,1.49279384,7.56,0.000963342,9.732644594,0.037015652,10103,2.335076173,4.670152347,1.715522678,2
"KCAE20110725_115608",3014.09,"2011","07","25",0.531361017,2996.43,0.21650911,2187.824555,9.113103968,10105,24.80459276,2182.804163,95.01686562,88,1.478760418,17.66,0.002244082,22.67420076,0.058816463,10104,1.761521683,17.61521683,0.664064949,10
"KCAE20110725_120153",219.85,"2011","07","25",0.531238843,200.14,0.020014274,202.124155,0.443558048,10099,2.699989751,197.0992518,4.500918418,73,1.492018167,19.71,0.002535245,25.61611701,0.086510206,10104,2.569516338,20.5561307,1.806895692,8
"KCAE20110725_120740",293.82,"2011","07","25",0.533281586,285.68,0.022784026,230.2325821,1.11025463,10105,6.08612511,225.1866291,17.55117892,37,1.477982917,8.14,0.001021111,10.31934958,0.026477222,10106,1.314089037,5.256356149,0.248141054,4
"KCAE20110725_121428",86.9,"2011","07","25",0.534549316,79.45,0.01091226,110.3011277,0.188548269,10108,2.288221343,105.2581818,1.63064735,46,1.496223676,7.45,0.000879664,8.884603016,0.027285118,10100,1.911807166,3.823614331,0.462326174,2
"KCAE20110725_122012",101.42,"2011","07","25",0.533426846,97.24,0.010238067,103.4351943,0.232141182,10103,3.279557844,98.38673532,2.771676156,30,1.482627928,4.18,0.000501187,5.062993434,0,10102,NA,0,NA,0
"KCAE20110725_122557",1964.95,"2011","07","25",0.532204948,1887.03,0.150956135,1526.015569,7.721419465,10109,38.99919521,1520.968613,119.5997697,39,1.476260254,77.92,0.006717972,67.88510879,0.224878154,10105,4.487687744,62.82762841,4.201317366,14
"KCAE20110725_123142",5847.2,"2011","07","25",0.533352153,4159.53,0.322969238,3264.250087,8.657514576,10107,39.74665469,3259.225685,88.1203925,82,1.483391924,1687.67,0.127075594,1283.717646,3.296756413,10102,25.57359425,1278.679712,39.704636,50
"KCAE20110725_123727",38408.76,"2011","07","25",0.533479772,24641.51,1.795363742,18102.65261,30.96041024,10083,153.3699854,18097.65828,243.2144798,118,1.484342596,13767.25,1.0085209,10182.027,16.62801337,10096,67.39763375,10177.0427,118.7584412,151
"KCAE20110725_124312",49799.84,"2011","07","25",0.533446779,21062.82,1.535705967,15423.09503,29.66958625,10043,105.6036629,15418.13478,223.3798258,146,1.476002881,28737.02,2.128470757,21448.59982,31.40913983,10077,95.305165,21443.66212,188.2992275,225
"KCAE20110725_124857",96599.41,"2011","07","25",0.531005859,43378.14,3.435575331,34537.8388,43.16404191,10053,122.4572401,34532.9417,228.082497,282,1.479218138,53221.27,4.387585063,44178.59399,49.64656005,10069,158.3286286,44173.68737,254.5647459,279
"KCAE20110725_125442",83260.11,"2011","07","25",0.526833192,39967.95,3.324170243,33261.64746,41.98017053,10006,120.4955468,33256.7709,223.4883233,276,1.474964907,43292.16,3.416153626,34284.51779,44.12699521,10036,121.1294336,34279.62971,234.482362,283
"KCAE20110726_100156",4189231.2,"2011","07","26",0.527338554,2149736.62,333.5201106,2468382.338,336.2451085,7401,360.4003594,2468382.062,335.3882289,6849,0.897513484,2039494.58,326.6252545,2348435.58,335.2846838,7190,352.1948588,2348435.318,334.9786809,6668
"KCAE20110726_100609",4130484.55,"2011","07","26",0.527366488,2105796.41,318.1846502,2382884.845,325.7272431,7489,342.1226967,2382884.582,325.4083458,6965,0.898593756,2024688.14,318.2548798,2303528.82,334.8800456,7238,341.0108923,2303528.578,335.2659826,6755
"KCAE20110726_101021",4188589.05,"2011","07","26",0.527626694,2121025.32,310.7302235,2358753.126,317.0437006,7591,332.1251593,2358752.881,316.7520451,7102,0.896791722,2067563.73,317.9616437,2324299.616,326.2828841,7310,340.1579653,2324299.377,326.1013414,6833
"KCAE20110726_101435",4021447.75,"2011","07","26",0.52734375,2021024.94,301.0797115,2246957.887,316.0608901,7463,323.0708314,2246957.632,316.3640726,6955,0.896138523,2000422.81,308.9059409,2222578.245,325.28169,7195,333.2200872,2222577.982,325.6293781,6670
"KCAE20110726_101848",3875957.47,"2011","07","26",0.527360257,1972852.98,298.8350721,2187771.563,318.7847599,7321,321.0229361,2187771.309,319.4469275,6815,0.897994701,1903104.49,300.1665616,2102666.764,324.0828247,7005,325.6918353,2102666.489,325.0351359,6456
"KCAE20110726_102300",3664964.05,"2011","07","26",0.52734375,1840298.07,284.2798485,2027768.159,312.8783074,7133,307.3772761,2027767.89,314.2404367,6597,0.891622243,1824665.98,289.3942843,2017367.556,318.9654222,6971,314.6727929,2017367.276,320.4239734,6411
"KCAE20110726_102713",3521673.03,"2011","07","26",0.52734375,1771441.17,283.5529962,1956799.227,316.7247303,6901,313.0878241,1956798.901,318.6165892,6250,0.897475318,1750231.86,294.2889128,1963495.626,328.7772977,6672,325.7831928,1963495.303,330.7605489,6027
"KCAE20110726_103126",3401815.37,"2011","07","26",0.52734375,1708801.44,280.1879692,1882582.965,318.1416753,6719,310.9137295,1882582.632,320.5629767,6055,0.899332831,1693013.93,285.9643117,1879643.421,328.9623068,6573,318.907886,1879643.08,331.9296532,5894
"KCAE20110726_103540",3365873.71,"2011","07","26",0.52734375,1720256.47,288.196067,1906128.787,330.327432,6614,321.0051277,1906128.448,333.1768183,5938,0.882448563,1645617.24,284.8567888,1850429.7,328.3131366,6496,319.2597221,1850429.349,331.3977528,5796
"KCAE20110726_103952",3282068.38,"2011","07","26",0.52734375,1642285.16,279.413157,1824567.915,324.1416272,6530,311.0942169,1824567.582,327.3002053,5865,0.893190669,1639783.22,282.7063115,1841548.913,326.8110351,6514,318.1116859,1841548.549,330.0288202,5789
"KCAE20110726_104405",3250619.58,"2011","07","26",0.527378458,1627789.63,282.98573,1836294.402,327.0594857,6489,318.138261,1836294.043,330.2612872,5772,0.898568418,1622829.95,287.8982322,1854928.31,331.4397751,6443,328.3058253,1854927.913,334.6713146,5650
"KCAE20110726_104818",2980485.64,"2011","07","26",0.527474291,1522776.5,271.9805928,1716741.502,319.6142014,6312,304.7649852,1716741.162,323.2269324,5633,0.881846487,1457709.14,268.35408,1686068.684,316.2370753,6283,304.2895348,1686068.313,320.099109,5541
"KCAE20110726_105230",2957952.21,"2011","07","26",0.527406213,1467823.46,269.1866037,1657112.732,317.8496252,6156,301.7320465,1657112.399,321.5952139,5492,0.894809141,1490128.75,278.4979759,1732535.908,325.3901979,6221,310.9918475,1732535.582,328.8272287,5571
"KCAE20110726_105649",2824117.72,"2011","07","26",0.52734375,1409669.08,268.8676142,1595729.29,317.9859379,5935,296.1635145,1595729.016,321.3982239,5388,0.895076804,1414448.64,274.7323502,1626690.245,323.7237535,5921,303.6002171,1626689.963,327.1772047,5358
"KCAE20110726_110102",2898202.6,"2011","07","26",0.527344665,1451367.02,277.2862226,1665381.053,320.6795401,6006,298.2415547,1665380.841,323.0440894,5584,0.895588501,1446835.58,285.5131964,1678532.082,323.1517383,5879,307.9874985,1678531.867,325.1546226,5450
"KCAE20110726_110514",3040691.76,"2011","07","26",0.52734375,1471201.08,286.3330242,1682206.517,319.5692081,5875,303.3188518,1682206.352,320.9840506,5546,0.893684945,1569490.68,305.3182997,1802599.241,332.5653736,5904,321.8926945,1802599.089,333.5695791,5600
"KCAE20110726_110927",3199461.19,"2011","07","26",0.527349334,1557269.41,307.28907,1813620.091,328.6137009,5902,321.2220975,1813619.963,329.2533625,5646,0.878512206,1642191.78,322.4784837,1888111.522,338.050879,5855,338.1893938,1888111.385,338.4268807,5583
"KCAE20110726_111341",3266184.53,"2011","07","26",0.52734375,1563534.04,314.4775889,1797868.375,331.0664458,5717,325.5238599,1797868.278,331.4501251,5523,0.892210421,1702650.49,336.4616398,1952823.357,338.4015498,5804,348.5939407,1952823.256,338.2537766,5602
"KCAE20110726_111753",3438618.51,"2011","07","26",0.527454975,1672309.38,333.1525975,1908631.231,331.9711382,5729,340.8878667,1908631.166,331.8535077,5599,0.880969189,1766309.13,355.1847625,2030591.287,341.0317431,5717,363.1243248,2030591.224,340.6160743,5592
"KCAE20110726_112206",3581628.57,"2011","07","26",0.52734375,1753691.41,355.5130184,1982696.104,339.6255936,5577,359.1190139,1982696.076,339.4414554,5521,0.893239503,1827937.16,370.8002368,2091684.136,338.959125,5641,374.116278,2091684.111,338.6445795,5591
"KCAE20110726_112619",3690984.2,"2011","07","26",0.52734375,1817607.26,369.7172768,2058216.08,335.8661705,5567,372.0564104,2058216.062,335.6329425,5532,0.921573946,1873376.94,382.9800091,2143922.091,334.5314111,5598,384.0089707,2143922.083,334.3901811,5583
"KCAE20110726_113031",3854187.12,"2011","07","26",0.527511129,1890220.58,384.5642688,2158174.677,336.5938568,5612,387.9515822,2158174.652,336.1237631,5563,0.894177111,1963966.54,396.1344637,2263116.191,336.034667,5713,398.0855192,2263116.177,335.7063114,5685
"KCAE20110726_113444",3822702.73,"2011","07","26",0.52734375,1858929.29,380.3846848,2117981.925,332.3927902,5568,385.3678837,2117981.889,331.6804485,5496,0.900373574,1963773.44,405.690947,2279983.122,338.9823211,5620,408.3064298,2279983.104,338.4994176,5584
"KCAE20110726_113857",3776476.61,"2011","07","26",0.527613986,1862301.46,380.8993294,2129227.251,331.7189035,5590,385.8693757,2129227.215,330.9914628,5518,0.89992075,1914175.15,397.8870632,2221801.361,340.6941894,5584,400.3245665,2221801.344,340.3054021,5550
"KCAE20110726_114312",3642038.75,"2011","07","26",0.52734375,1838762.37,378.506022,2109414.06,336.7071697,5573,383.2510948,2109414.026,336.1165869,5504,0.895720372,1803276.38,387.7123755,2113032.447,339.028904,5450,390.1463127,2113032.43,338.6923786,5416
"KCAE20110726_114725",3583356.28,"2011","07","26",0.527586285,1773564.09,373.5779267,2072983.915,338.1662071,5549,376.2221226,2072983.896,337.8919433,5510,0.902039749,1809792.19,396.629558,2143386.131,344.7104003,5404,398.1768755,2143386.121,344.4890187,5383
"KCAE20110726_115141",3503238.13,"2011","07","26",0.527359742,1773614.29,380.7582404,2092647.289,340.5608761,5496,383.7607313,2092647.268,340.2117161,5453,0.897373823,1729623.84,388.6748233,2057644.515,335.3499067,5294,390.6672681,2057644.501,335.0487074,5267
"KCAE20110726_115559",3620503.4,"2011","07","26",0.527366642,1801770.83,384.8097299,2123764.9,337.6406157,5519,388.9679249,2123764.87,337.0691224,5460,0.879047701,1818732.57,400.7618242,2163312.327,339.2203315,5398,403.9044634,2163312.306,338.6788819,5356
"KCAE20110726_120012",3714487.21,"2011","07","26",0.527441531,1854355.41,387.6785799,2199688.262,333.9819454,5674,391.752134,2199688.233,333.3468142,5615,0.898723057,1860131.8,405.9225682,2228920.822,336.6924329,5491,407.853762,2228920.809,336.3234001,5465
"KCAE20110726_120426",3713189.81,"2011","07","26",0.52734375,1918475.41,392.0231571,2271774.196,333.1966308,5795,396.1936109,2271774.165,332.4886032,5734,0.896715592,1794714.4,393.7218103,2153264.581,324.6031734,5469,396.330676,2153264.562,324.0854326,5433
"KCAE20110726_120839",3862772.69,"2011","07","26",0.52734375,1965551.16,389.5172524,2332818.825,329.9742279,5989,392.7304377,2332818.8,329.4225384,5940,0.896447097,1897221.53,400.616133,2278704.565,326.9717805,5688,402.4557668,2278704.552,326.5900579,5662
"KCAE20110726_121252",4030482.89,"2011","07","26",0.527360765,2040317.08,391.5038198,2401484.431,331.0195505,6134,393.7505187,2401484.413,330.6328313,6099,0.896259019,1990165.81,403.4717288,2378062.37,329.7662072,5894,404.8454817,2378062.36,329.4841789,5874
"KCAE20110726_121706",4203596.2,"2011","07","26",0.527396808,2104516.26,383.5326377,2461896.001,324.0701447,6419,384.0711384,2461895.997,323.9785226,6410,0.89615058,2099079.94,397.3126992,2491150.624,336.0705395,6270,397.6932665,2491150.621,336.0063022,6264
"KCAE20110726_122217",4372637.76,"2011","07","26",0.535964736,2197584.94,372.3948385,2599688.368,326.3524119,6981,372.6617496,2599688.365,326.3169677,6976,0.878742617,2175052.82,383.7458208,2576469.441,335.4265442,6714,384.1463303,2576469.437,335.3722307,6707
"KCAE20110726_122630",3969629.98,"2011","07","26",0.527348851,2006166.1,363.845528,2350805.957,323.5092032,6461,364.2965989,2350805.953,323.455753,6453,0.892093072,1963463.88,363.7726573,2228471.299,331.9954698,6126,364.486636,2228471.293,331.9293315,6114
"KCAE20110726_123046",4140151.08,"2011","07","26",0.527369219,2094137.44,336.0009677,2463895.096,319.8069092,7333,337.5198739,2463895.08,319.7282247,7300,0.894000312,2046013.64,343.4040505,2408636.01,329.7198318,7014,345.5718777,2408635.988,329.6245033,6970
"KCAE20110726_123459",3855303.79,"2011","07","26",0.527384385,1937433.72,311.1621515,2313490.596,311.1985609,7435,314.1195603,2313490.561,311.184857,7365,0.894519963,1917870.07,314.5832,2269403.205,320.088124,7214,318.2447291,2269403.163,320.1307132,7131
"KCAE20110726_123912",3477292.07,"2011","07","26",0.52734375,1744804.48,285.4627194,2105573.018,306.000959,7376,291.3078229,2105572.944,306.3514176,7228,0.895524923,1732487.59,285.0476403,2092534.727,309.1261673,7341,292.3350986,2092534.636,309.6315501,7158
"KCAE20110726_124325",3270621.85,"2011","07","26",0.52734375,1603254.52,265.952463,1958207.985,297.7825269,7363,276.5049201,1958207.844,298.7894682,7082,0.897077401,1667367.33,277.7104951,2017289.036,308.2382975,7264,290.9691145,2017288.871,309.3366715,6933
"KCAE20110727_100524",1099.58,"2011","07","27",0.532494441,975.14,0.117075867,1183.051634,1.27338399,10105,3.850132354,1178.1405,6.268895905,306,1.511529484,124.44,0.008849022,89.42821385,0.230123145,10106,4.963043285,84.37173585,2.706188601,17
"KCAE20110727_101111",609.84,"2011","07","27",0.531426933,466.79,0.052516896,530.7357557,0.622413006,10106,3.327531298,525.7499451,3.737464815,158,1.492332046,143.05,0.010008191,101.1027419,0.325857669,10102,6.403151082,96.04726623,5.723141443,15
"KCAE20110727_101657",768.73,"2011","07","27",0.532409009,405.04,0.043266883,437.1253194,0.665465307,10103,4.278341037,432.1124447,5.141786634,101,1.477476342,363.69,0.025776904,260.5271684,0.651402706,10107,7.299406016,255.4792106,8.454201735,35
"KCAE20110727_102243",1012.26,"2011","07","27",0.531576705,486.38,0.04082253,412.4708382,0.933979841,10104,5.361117534,407.4449326,9.413116832,76,1.48834147,525.88,0.036136181,365.2283859,1.189581084,10107,15.00728813,360.174915,19.68113111,24
"KCAE20110727_102831",3933.23,"2011","07","27",0.531707296,2985.41,0.211718142,2139.411829,4.844695206,10105,32.83661399,2134.379909,51.16133312,65,1.492296161,947.82,0.066843971,675.4583277,1.527080715,10105,17.19008659,670.413377,17.83179032,39
"KCAE20110727_103416",5995.53,"2011","07","27",0.532984878,4224.06,0.30105625,3040.06601,7.420345947,10098,36.13151335,3035.047121,73.40354636,84,1.495044192,1771.47,0.122805921,1240.831022,2.702957755,10104,22.88507574,1235.79409,29.35902028,54
"KCAE20110727_104001",9626.13,"2011","07","27",0.533463571,7448.26,0.524082784,5296.9047,17.35719228,10107,57.5204925,5291.88531,173.6182578,92,1.491939228,2177.87,0.15337007,1549.957929,3.503703816,10106,21.45734744,1544.929016,35.82744523,72
"KCAE20110727_104547",4868.26,"2011","07","27",0.532711835,3092.33,0.233991964,2363.55283,5.996282782,10101,12.15766788,2358.587568,41.66407346,194,1.48577638,1775.93,0.12567429,1269.813024,2.997751834,10104,18.33019725,1264.78361,31.56846412,69
"KCAE20110727_105134",3673.81,"2011","07","27",0.532157471,3121.58,0.262685047,2654.695088,5.408140961,10106,5.849574233,2649.857128,24.92234557,453,1.491695958,552.23,0.038726289,391.4065982,0.780383958,10107,8.399220726,386.3641534,8.061627249,46
"KCAE20110727_105721",2258.14,"2011","07","27",0.530876506,1928.36,0.204718988,2069.094812,3.007985965,10107,3.235656849,2064.34907,11.56396021,638,1.490147425,329.78,0.023370181,236.1323038,0.420966021,10104,5.374182769,231.0898591,3.631782899,43
"KCAE20110727_110306",1609.01,"2011","07","27",0.533583067,1326.47,0.206731725,2089.644275,1.039897267,10108,2.194794108,2085.054402,2.67393853,950,1.477967063,282.54,0.020635405,208.6033049,0.371115033,10109,4.523541258,203.5593566,3.287825558,45
"KCAE20110727_110853",1737.98,"2011","07","27",0.532278029,1468.65,0.238230246,2407.078403,1.201028897,10104,2.074779604,2402.594782,2.963602389,1158,1.477239209,269.33,0.019547787,197.4912879,0.43011074,10103,4.693862,192.448342,4.922788919,41
"KCAE20110727_111439",1395.25,"2011","07","27",0.533908472,1092.7,0.218413629,2206.851303,0.713602829,10104,1.811181538,2202.396751,1.161028491,1216,1.494180864,302.55,0.02227164,224.9881065,0.467488528,10102,5.115038701,219.9466641,5.08850471,43
"KCAE20110727_112027",1958.44,"2011","07","27",0.532471464,1343.58,0.251087805,2536.237922,0.761294802,10101,1.878227767,2531.85103,1.134947336,1348,1.489804889,614.86,0.046535586,470.428241,0.937385853,10109,5.540521892,465.4038389,8.729626963,84
"KCAE20110727_112613",3297.71,"2011","07","27",0.533523356,2496.15,0.366124417,3700.419481,1.963824234,10107,2.400081695,3696.12581,4.52116992,1540,1.480002838,801.56,0.06003557,606.4192966,1.440559054,10101,8.470315333,601.3923886,15.07222893,71
"KCAE20110727_113159",6269.13,"2011","07","27",0.534082741,4955.67,0.569898307,5759.392292,5.157266366,10106,3.346040311,5755.189336,12.12672712,1720,1.485828586,1313.46,0.099170898,1002.221098,2.465197495,10106,7.914438486,997.2192492,20.71077999,126
"KCAE20110727_113745",5525.62,"2011","07","27",0.534314191,4146.46,0.525166507,5305.757218,2.410314111,10103,2.862646826,5301.621923,5.001266968,1852,1.491331281,1379.16,0.10835448,1095.355441,2.456161678,10109,6.160325703,1090.377649,17.57782039,177
"KCAE20110727_114331",5772.48,"2011","07","27",0.532263407,5328.22,0.670053467,6770.89028,4.612035715,10105,3.197961387,6766.886295,9.671129335,2116,1.492877697,444.26,0.039634504,400.4670302,0.589785866,10104,2.426286674,395.4847279,3.983463076,163
"KCAE20110727_114917",5723.67,"2011","07","27",0.532217866,5129.2,0.689082691,6964.55876,1.870971189,10107,3.021114581,6960.647996,2.883362083,2304,1.491985431,594.47,0.06888604,696.1623251,0.92063018,10106,1.814404932,691.2882792,4.400439461,381
"KCAE20110727_115502",6503.33,"2011","07","27",0.533369476,6301.29,0.802783031,8106.503048,3.262862557,10098,3.271168147,8102.6835,5.94461276,2477,1.47701875,202.04,0.0282419,285.2149518,0.302138683,10099,1.234657407,280.2672314,1.607287829,227
"KCAE20110727_120047",5099.19,"2011","07","27",0.531736433,4990.64,0.660180925,6669.807885,1.771903835,10103,2.884423468,6665.902634,2.704226897,2311,1.492426797,108.55,0.019303411,195.0802765,0.169734756,10106,1.022088705,190.1084992,0.737341406,186
"KCAE20110727_120633",5064.86,"2011","07","27",0.533054422,4879.76,0.63416502,6406.335031,1.697937514,10102,2.868454609,6402.390687,2.577251506,2232,1.482599652,185.1,0.034794867,351.4977449,0.232152614,10102,1.093355293,346.5936278,0.749830403,317
"KCAE20110727_121220",4498.24,"2011","07","27",0.53328761,4338.36,0.54309771,5487.459261,1.450770064,10104,2.54689936,5483.474322,2.185463622,2153,1.486047439,159.88,0.027731797,280.1188851,0.212125094,10101,1.038449839,275.1892074,0.817576335,265
"KCAE20110727_121806",5156.46,"2011","07","27",0.531775877,4605.4,0.551888575,5580.145379,1.497606268,10111,2.603245293,5576.151418,2.291107698,2142,1.491593023,551.06,0.091778613,927.331101,0.52287437,10104,1.377019255,922.6029006,1.535236776,670
"KCAE20110727_122354",7367.53,"2011","07","27",0.528245783,6668.09,0.764846844,7731.836748,1.837927526,10109,3.030607166,7728.048274,2.554819754,2550,1.479050871,699.44,0.101800166,1028.487078,0.74722499,10103,1.555856178,1023.753365,2.513975503,658
"KCAE20110727_123045",8046.34,"2011","07","27",0.535647926,6296.35,0.726471065,7339.537168,1.916459223,10103,3.04891086,7335.679529,2.888712941,2406,1.489970322,1749.99,0.209258544,2114.139069,2.329961123,10103,2.218246271,2109.552204,7.298436078,951
"KCAE20110727_123630",9803.67,"2011","07","27",0.531103576,7357.86,0.830552232,8388.577543,2.31014782,10100,3.227412485,8384.817637,3.607742913,2598,1.480178584,2445.81,0.252566242,2552.181877,3.102407724,10105,3.10295841,2547.528855,10.4758751,821
"KCAE20110727_124216",11907.39,"2011","07","27",0.533658931,8218.08,0.913807352,9233.109483,2.664799987,10104,3.350063977,9229.426258,4.229316456,2755,1.485901966,3689.31,0.371219196,3750.056314,4.666423899,10102,3.615359605,3745.512551,14.16961308,1036
"KCAE20110727_124802",14374.41,"2011","07","27",0.533206061,10046.73,1.111484464,11230.43902,3.595054966,10104,3.516121301,11226.97531,5.696546987,3193,1.490884752,4327.68,0.45860501,4632.36921,6.574290943,10101,3.284608155,4628.01289,17.34219354,1409
"KCAE20110727_125349",15103.08,"2011","07","27",0.531589753,11317.06,1.295557044,13090.30838,4.421909458,10104,3.859316988,13086.94391,6.9553866,3391,1.476603605,3786.02,0.433330881,4377.941886,6.642254711,10103,2.995623373,4373.610125,17.2569001,1460
"KCAE20110727_125935",16596.14,"2011","07","27",0.530420509,12985.28,1.485091538,15009.82018,5.982602905,10107,4.014614264,15006.62812,9.307784028,3738,1.476577614,3610.86,0.565817693,5717.021972,2.133517291,10104,2.565367813,5713.07412,3.940622824,2227
"KCAE20110728_100339",1423.62,"2011","07","28",0.524732825,1419.44,0.181893337,1837.668385,1.467356731,10103,4.223093101,1832.822406,5.755819459,434,1.539487233,4.18,0.000501187,5.062993434,0,10102,NA,0,NA,0
"KCAE20110728_101318",17775.84,"2011","07","28",0.525361753,17771.66,1.84926412,18686.81393,12.37198991,10105,21.44912281,18682.18597,36.83483752,871,1.542018012,4.18,0.000501187,5.064998183,0,10106,NA,0,NA,0
"KCAE20110728_102257",37950.08,"2011","07","28",0.525445993,37945.9,4.279260552,43229.0901,13.23381623,10102,10.57389334,43226.07596,19.13819819,4088,1.54073168,4.18,0.000501187,5.064496996,0,10105,NA,0,NA,0
"KCAE20110728_103236",96491.01,"2011","07","28",0.525471748,96483.2,10.28011381,103890.8301,21.94790444,10106,15.79101116,103889.0624,25.55311183,6579,1.534745889,7.81,0.00115171,11.6357238,0.032626351,10103,0.93939107,6.575737491,0.87436076,7
"KCAE20110728_104216",121130.72,"2011","07","28",0.526548837,120743.09,12.44088493,125690.2605,19.53489769,10103,16.12639251,125689.1033,20.86242993,7794,1.533620499,387.63,0.071736287,724.6799711,0.43263533,10102,1.585560609,719.8445167,1.329960506,454
"KCAE20110728_105155",72715.18,"2011","07","28",0.525248218,71716.07,7.288395322,73671.09992,11.95196191,10108,10.33089439,73669.60789,13.07894886,7131,1.540797471,999.11,0.180576987,1825.452763,0.6605188,10109,1.630211359,1820.946088,1.25975589,1117
"KCAE20110728_110134",37211.69,"2011","07","28",0.526449792,36232.14,4.084827547,41264.92788,6.957092829,10102,7.013906744,41262.81337,7.910225088,5883,1.538209349,979.55,0.179312369,1811.772174,0.707982236,10104,1.706552347,1807.238936,1.475937786,1059
"KCAE20110728_111113",21185.53,"2011","07","28",0.526451879,20609.01,2.535454363,25610.62452,11.53865447,10101,5.77141893,25607.78579,16.86591711,4437,1.533790155,576.52,0.102651354,1036.983981,0.522336256,10102,1.585633272,1032.24726,1.373142285,651
"KCAE20110728_112053",17755.58,"2011","07","28",0.526848327,17479.07,2.05915245,20799.4989,11.16575963,10101,5.911369977,20796.19958,18.31006914,3518,1.537642765,276.51,0.052742869,532.8084635,0.375266947,10102,1.446379187,527.9284034,1.373804088,365
"KCAE20110728_113032",15392.62,"2011","07","28",0.525827626,15301.01,1.729673464,17478.35035,11.62544271,10105,5.638863838,17474.83903,20.46315303,3099,1.53350531,91.61,0.018150799,183.3412163,0.177784938,10101,1.181154989,178.3544033,0.863700134,151
"KCAE20110728_114011",19557.23,"2011","07","28",0.525404634,19477.11,2.068832567,20893.1401,13.44199807,10099,7.585133942,20889.45888,24.91799511,2754,1.533755239,80.12,0.016579736,167.5050732,0.172295669,10103,1.18620614,162.5102412,0.898896247,137
"KCAE20110728_114951",12935.98,"2011","07","28",0.525476629,12903.42,1.352513536,13664.44425,13.17863845,10103,7.052323984,13660.35156,29.42830128,1937,1.541906465,32.56,0.006984108,70.55345667,0.105652518,10102,1.110509039,65.52003329,0.835439132,59
"KCAE20110728_115930",8063.3,"2011","07","28",0.525852632,8046.02,0.888308008,8976.352424,5.081221763,10105,5.296420861,8972.136938,11.43374693,1694,1.53275803,17.28,0.003596869,36.34636086,0.062891238,10105,0.86944185,31.2999066,0.606610861,36
"KCAE20110728_120909",5962.27,"2011","07","28",0.525796556,5947.64,0.66145054,6685.942062,3.783643149,10108,4.728651266,6681.584239,9.122975466,1413,1.541262412,14.63,0.002949353,29.79141312,0.053616119,10101,0.798208312,24.74445767,0.558821828,31
"KCAE20110728_121848",5362.22,"2011","07","28",0.525613474,5345.84,0.601557474,6076.933603,4.890104619,10102,5.243912767,6072.450984,13.57964682,1158,1.541839726,16.38,0.00356415,36.01930233,0.061506929,10106,0.860342969,30.97234688,0.578353756,36
"KCAE20110728_122828",4831.43,"2011","07","28",0.526156935,4809.6,0.542471306,5481.130078,4.571375585,10104,5.099259178,5476.604357,13.17223759,1074,1.54218012,21.83,0.004016102,40.57467501,0.070318975,10103,0.866627538,35.53172906,0.694974781,41
"KCAE20110728_123808",6330.5,"2011","07","28",0.524763306,6310.93,0.727516144,7348.640574,4.419644098,10101,5.193979321,7344.28676,10.78930442,1414,1.540547997,19.57,0.003887243,39.28836134,0.069621948,10107,0.951136242,34.24090471,0.688028013,36
"KCAE20110728_124847",3748.87,"2011","07","28",0.534682104,3738.1,0.417371778,4217.124444,3.66358007,10104,5.908019348,4212.417795,12.56855902,713,1.539310327,10.77,0.001814883,18.32850717,0.045706,10099,1.02104098,13.27353274,0.794408599,13
"KCAE20110728_125825",4701.92,"2011","07","28",0.525919093,4690.82,0.521767237,5272.9797,4.225972493,10106,6.161804933,5268.343217,13.28627226,855,1.54278846,11.1,0.001986513,20.0677496,0.040203206,10102,0.883133903,15.01327635,0.440512655,17
"KCAE20110729_100211",554.07,"2011","07","29",0.52544455,547.89,0.079619418,804.3949812,0.701186997,10103,2.766354082,799.4763297,3.128714503,289,1.54132965,6.18,0.000847577,8.564766266,0.017593272,10105,0.875568505,3.502274019,0.147945657,4
"KCAE20110729_101149",4726.93,"2011","07","29",0.525370409,4722.75,0.505540158,5106.966681,4.363245285,10102,9.483593543,5102.173326,16.51683636,538,1.541334221,4.18,0.000501187,5.064998183,0,10106,NA,0,NA,0
"KCAE20110729_102129",9634.34,"2011","07","29",0.525165408,9630.16,0.965774577,9756.254777,5.427483642,10102,9.560493132,9751.702995,14.48298563,1020,1.534900533,4.18,0.000501187,5.062993434,0,10102,NA,0,NA,0
"KCAE20110729_103108",15627.93,"2011","07","29",0.525181721,15619.39,1.582478107,15986.19384,5.867976936,10102,6.088551032,15982.44646,10.25210308,2625,1.540911894,8.54,0.000938658,9.484196506,0.033853339,10104,2.210601536,4.421203072,1.345873282,2
"KCAE20110729_104047",15642.51,"2011","07","29",0.523729297,15637,1.588813343,16054.95883,4.178676123,10105,4.332456472,16051.75123,5.978591619,3705,1.545327174,5.51,0.00071385,7.214172158,0.015335953,10106,1.075088175,2.15017635,0.259985114,2
"KCAE20110729_105025",12233.17,"2011","07","29",0.525113001,12161.36,1.298041126,13118.00362,2.817824752,10106,3.262426217,13114.95339,3.681666667,4020,1.538853121,71.81,0.011572582,116.917792,0.159428175,10103,1.216308768,111.9004066,1.157921015,92
"KCAE20110729_110004",6912.23,"2011","07","29",0.525962441,6788.27,0.810736686,8192.494208,1.933511765,10105,2.543971119,8189.043033,2.707099004,3219,1.540298643,123.96,0.022147579,223.7791394,0.204228263,10104,1.250302008,218.8028513,0.937016261,175
"KCAE20110729_110943",3687.53,"2011","07","29",0.52606627,3569.84,0.519665294,5251.217793,1.220067823,10105,2.119303003,5247.394236,1.638984793,2476,1.542563783,117.69,0.021934198,221.5573372,0.192194878,10101,1.170743592,216.5875646,0.822150172,185
"KCAE20110729_111922",1632.92,"2011","07","29",0.525979566,1560.14,0.257413017,2600.643713,0.799461258,10103,1.763802966,2596.317966,1.315756933,1472,1.540526196,72.78,0.011694555,118.1734817,0.14953594,10105,1.347036719,113.1510844,0.94992911,84
"KCAE20110729_112901",912.76,"2011","07","29",0.526426139,861.58,0.160367082,1620.509368,0.606300098,10105,1.582719474,1615.956583,1.178440558,1021,1.540693084,51.18,0.008578062,86.68131957,0.143898072,10105,1.218662718,81.65040212,1.293672113,67
"KCAE20110729_113840",804.14,"2011","07","29",0.527043134,757,0.149383276,1509.518003,0.589975927,10105,1.594201935,1504.926626,1.19350171,944,1.533656598,47.14,0.00900618,90.96241757,0.165246326,10100,1.263742754,85.93450724,1.58342348,68
"KCAE20110729_114819",828.93,"2011","07","29",0.527094234,794.98,0.154945723,1565.726533,0.56604969,10105,1.523098296,1561.175753,1.037491346,1025,1.533951251,33.95,0.006024717,60.8797685,0.115304192,10105,1.509022039,55.83381543,1.18372117,37
"KCAE20110729_115758",879.3,"2011","07","29",0.526181599,839.18,0.159334367,1609.436442,0.598421113,10101,1.544653208,1604.894684,1.158997478,1039,1.538423042,40.12,0.00629902,63.63899874,0.097098642,10103,1.302179056,58.59805754,0.662918942,45
"KCAE20110729_120737",1255.83,"2011","07","29",0.524053613,1214.92,0.225355246,2277.440113,0.764201847,10106,1.799689719,2273.008114,1.356993573,1263,1.533272693,40.91,0.007333494,74.11962858,0.122652986,10107,1.233610637,69.08219569,1.106613894,56
"KCAE20110729_121717",951.65,"2011","07","29",0.525599854,912.08,0.167842565,1696.049122,0.651729451,10105,1.663219599,1691.494333,1.317293862,1017,1.538896618,39.57,0.007273427,73.48342816,0.105659177,10103,1.140833413,68.45000477,0.772616416,60
"KCAE20110729_122719",1015.17,"2011","07","29",0.526130176,894.81,0.16269878,1643.745777,0.610105526,10103,1.599215609,1639.195999,1.171879246,1025,1.533342088,120.36,0.019272497,194.6907629,0.218815127,10102,1.529757393,189.6899167,1.266217084,124
"KCAE20110729_123658",829.32,"2011","07","29",0.526746206,755.12,0.139884556,1413.25367,0.561880842,10103,1.573898031,1408.638738,1.143965562,895,1.541298664,74.2,0.01228302,124.119918,0.163295723,10105,1.29458185,119.1015302,1.132746907,92
"KCAE20110729_124637",1044.88,"2011","07","29",0.526019258,954.44,0.169228798,1709.718544,0.619067858,10103,1.649103749,1705.173277,1.142704799,1034,1.533294098,90.44,0.015429045,155.8950713,0.171586611,10104,1.197573215,150.8942251,0.976311822,126
"KCAE20110729_125714",694.71,"2011","07","29",0.533932502,625.25,0.121236141,1224.848736,0.844250035,10103,1.603372726,1220.166645,2.663692088,761,1.537431498,69.46,0.011898466,120.2458963,0.139404538,10106,1.057206674,115.2355275,0.838744896,109
"KCAE20110730_100040",3275.66,"2011","07","30",0.52600117,3270.48,0.54537808,5511.59088,2.179268712,10106,3.368406925,5507.345323,4.456076061,1635,1.534216754,5.18,0.00067453,6.817472795,0.012796928,10107,0.876487899,1.752975799,0.347232641,2
"KCAE20110730_101018",3711.72,"2011","07","30",0.525240911,3703.45,0.448999807,4534.44905,2.595505171,10099,4.803669331,4529.860179,7.160776949,943,1.541393252,8.27,0.001213428,12.26168943,0.032886523,10105,1.028671535,7.200700745,0.767343743,7
"KCAE20110730_101957",3830.21,"2011","07","30",0.524125269,3810.03,0.426471169,4309.064695,2.034219133,10104,4.20362687,4304.513914,4.997537315,1024,1.53711435,20.18,0.002943848,29.75935867,0.088261688,10109,2.058239264,24.69887117,1.595205149,12
"KCAE20110730_102935",10343.35,"2011","07","30",0.525449462,10304.8,1.208783057,12215.96157,3.481133382,10106,4.388175127,12212.29138,5.482869504,2783,1.536498057,38.55,0.004999492,50.51987029,0.282855514,10105,7.576396737,45.45838042,9.635688705,6
"KCAE20110730_103914",16406.84,"2011","07","30",0.524311389,16397.77,1.995674701,20158.31015,3.901995509,10101,4.382594611,20155.55262,4.794018545,4599,1.53931425,9.07,0.001444929,14.60389307,0.037584071,10107,1.363128858,9.541902006,0.46315555,7
"KCAE20110730_104852",20502.64,"2011","07","30",0.525533713,20474.13,2.489336383,25157.23349,4.03358105,10106,4.337081962,25155.07538,4.509599258,5800,1.541611937,28.51,0.004371381,44.1640604,0.081119516,10103,1.222393868,39.11660377,0.779776398,32
"KCAE20110730_105831",18525.72,"2011","07","30",0.525450549,18390.99,2.357478018,23824.67285,3.591316514,10106,3.830020134,23822.72523,3.913652564,6220,1.540009034,134.73,0.023539839,237.8936141,0.237214042,10106,1.370081281,232.9138178,1.228603958,170
"KCAE20110730_110810",15788.17,"2011","07","30",0.523754115,15588.09,2.192194104,22154.31361,3.653939568,10106,3.952901011,22152.05727,4.137479741,5604,1.537908739,200.08,0.037325097,377.2074253,0.277874903,10106,1.306264089,372.2852654,1.041440803,285
"KCAE20110730_111749",14449.34,"2011","07","30",0.524735055,14236.09,2.006594364,20264.59648,2.851706584,10099,3.511077342,20262.42734,2.991586627,5771,1.538453997,213.25,0.040183585,406.0149466,0.262952233,10104,1.117356203,401.130877,0.863064572,359
"KCAE20110730_112728",13249.35,"2011","07","30",0.525602744,13089.23,1.892061478,19121.1733,2.732611213,10106,3.365420796,19118.95554,2.885453938,5681,1.531786906,160.12,0.032946612,332.8266713,0.301866061,10102,1.24203027,327.8959913,1.411712164,264
"KCAE20110730_113707",13329.46,"2011","07","30",0.525886047,13213.02,1.895436574,19149.5957,2.928434432,10103,3.368645489,19147.38096,3.206432447,5684,1.541237396,116.44,0.0233999,236.3623926,0.192514501,10101,1.076314677,231.4076556,0.78175884,215
"KCAE20110730_114646",13732.51,"2011","07","30",0.524346193,13644.81,1.940461815,19600.60479,2.831648212,10101,3.407236636,19598.42513,3.01396192,5752,1.534706992,87.7,0.018211942,184.0681008,0.155056039,10107,1.017561423,179.0908104,0.605149743,176
"KCAE20110730_115625",16196.67,"2011","07","30",0.526356612,16138.8,2.177742944,21995.20373,3.046263776,10100,3.45318477,21993.3338,3.211278216,6369,1.533740217,57.87,0.011252866,113.7214624,0.147542238,10106,1.194528267,108.7020723,1.007760521,91
"KCAE20110730_120604",15565.99,"2011","07","30",0.526199884,15518.49,2.087360591,21090.69141,2.714401874,10104,3.267564623,21088.86208,2.771121766,6454,1.540826539,47.5,0.009967748,100.7141255,0.117175736,10104,1.028997205,95.69674008,0.669567005,93
"KCAE20110730_121543",17447.98,"2011","07","30",0.525833755,17404.48,2.350017263,23749.27446,2.957875169,10106,3.466303182,23747.6431,3.006163405,6851,1.533688036,43.5,0.009058034,91.54048926,0.107967334,10106,0.972135918,86.52009674,0.62623332,89
"KCAE20110730_122522",17617.11,"2011","07","30",0.526848179,17560.06,2.259382833,22815.24785,2.77917326,10098,3.267032314,22813.68665,2.806736181,6983,1.540719721,57.05,0.010585502,106.9665013,0.162755507,10105,1.213620286,101.944104,1.321995515,84
"KCAE20110730_123501",13864.99,"2011","07","30",0.526018151,13822.23,1.819856313,18393.28776,2.21985333,10107,2.814307194,18391.49752,2.196138667,6535,1.533580315,42.76,0.008759092,88.52814274,0.112463452,10107,0.959841916,83.50624665,0.750512107,87
"KCAE20110730_124440",19284,"2011","07","30",0.526546425,19224.97,2.49478596,25197.3382,3.293143775,10100,3.593751252,25195.79003,3.416753155,7011,1.545620274,59.03,0.011388633,115.0251923,0.133245602,10100,1.182901201,110.0098117,0.740727593,93
"KCAE20110730_125418",16454.53,"2011","07","30",0.525729841,16397.52,2.137202475,21590.0194,2.760082468,10102,3.240512656,21588.29531,2.824365688,6662,1.534260186,57.01,0.009104207,91.98891174,0.163802084,10104,1.297887992,86.95849547,1.552356029,67
"KCAE20110731_100039",1651.18,"2011","07","31",0.52734375,1645.11,0.253364456,2561.261281,1.048041731,10109,2.812596654,2556.650358,2.241146308,909,0.880977808,6.07,0.000963032,9.729517046,0.023422671,10103,1.167006793,4.668027174,0.183837237,4
"KCAE20110731_100450",2538.24,"2011","07","31",0.523317495,2511.04,0.347398729,3511.158959,1.80643468,10107,3.766444752,3506.560065,4.750830995,931,0.873081386,27.2,0.00411762,41.59619219,0.119652338,10102,2.28382611,36.54121776,2.022008277,16
"KCAE20110731_100903",2183.87,"2011","07","31",0.52734375,2169.01,0.262688854,2654.733562,2.1652464,10106,5.626124464,2649.904623,8.400084048,471,0.879318645,14.86,0.002215405,22.3977419,0.057855992,10110,1.733575084,17.33575084,0.652539692,10
"KCAE20110731_101315",3202.15,"2011","07","31",0.52734375,3178.74,0.374017179,3777.199492,2.856965743,10099,7.842783936,3772.379073,10.63104872,481,0.875259907,23.41,0.002708202,27.36367797,0.079596983,10104,2.230469404,22.30469404,1.261877159,10
"KCAE20110731_101729",3549.04,"2011","07","31",0.52734375,3544.86,0.394128461,3985.821131,3.078245955,10113,9.279644833,3980.967633,11.88399988,429,0.881379615,4.18,0.000501187,5.063494621,0,10103,NA,0,NA,0
"KCAE20110731_102142",5056.6,"2011","07","31",0.497012782,4739.11,0.516911776,5220.808933,3.521286036,10100,9.518287578,5216.021592,11.96225029,548,0.886875849,317.49,0.034026578,343.8725976,0.475910463,10106,3.986472945,338.8502003,3.362202998,85
"KCAE20110731_102555",5561.78,"2011","07","31",0.52734375,5462.82,0.58281352,5892.244684,3.682279583,10110,9.271647142,5887.495935,11.64112914,635,0.891080172,98.96,0.010188834,102.9276045,0.19081637,10102,2.878872101,97.88165145,1.624096942,34
"KCAE20110731_103007",12555.32,"2011","07","31",0.52734375,9893.49,1.055087484,10658.49376,6.060785381,10102,9.79225741,10653.97606,15.99103948,1088,0.871793774,2661.83,0.27688073,2798.987298,1.894931977,10109,6.364785461,2794.140817,6.635718899,439
"KCAE20110731_103420",12148.09,"2011","07","31",0.52734375,11217.25,1.189333655,12008.70192,5.118669968,10097,8.698792078,12004.33307,11.2452472,1380,0.874593534,930.84,0.094622405,955.4970495,0.825344558,10098,4.380390869,950.5448185,3.603408421,217
"KCAE20110731_103841",14583.93,"2011","07","31",0.533019131,14550.99,1.5392966,15545.35636,5.280302651,10099,7.152040474,15541.38395,9.45875661,2173,1.480513185,32.94,0.002924819,29.55237132,0.109592764,10104,4.081897106,24.49138263,2.071493312,6
"KCAE20110731_104426",16585.3,"2011","07","31",0.533128317,16562.61,1.737107556,17551.73474,4.970322825,10104,6.525852897,17548.01844,7.848051852,2689,1.479819802,22.69,0.003117861,31.50598481,0.080078129,10105,1.889178888,26.44850443,1.071365345,14
"KCAE20110731_105010",19360.47,"2011","07","31",0.530991907,19279.03,2.042233373,20636.76824,5.187366492,10105,6.153708387,20633.38422,7.47029697,3353,1.493790912,81.44,0.014433273,145.7760617,0.175906742,10100,1.655960842,140.7566715,0.985062044,85
"KCAE20110731_105553",18655.44,"2011","07","31",0.533578543,18529.8,2.005338178,20259.93161,4.378072037,10103,5.53461816,20256.70246,5.777725167,3660,1.479252204,125.64,0.024611041,248.6207345,0.264441601,10102,1.624219461,243.6329191,1.458047457,150
"KCAE20110731_110136",11076.33,"2011","07","31",0.533028729,10909.29,1.666129291,12119.42446,3.708234812,7274,4.806442808,12117.04232,4.958707206,2521,1.502798591,167.04,0.044735162,316.4117991,0.33527178,7073,1.557052938,312.9676405,1.268442559,201
"KCAE20110731_110728",11662.88,"2011","07","31",0.527707168,11433.4,1.360563566,13737.61033,3.057529366,10097,4.369750262,13734.12507,4.109362189,3143,1.4770799,229.48,0.041487167,419.1448449,0.372361163,10103,1.899956922,414.1906091,1.705390313,218
"KCAE20110731_111311",7369.91,"2011","07","31",0.533887733,7178.71,0.887440535,8972.023814,2.306851259,10110,3.976978709,8968.086988,3.40232724,2255,1.47932871,191.2,0.035340876,357.0488678,0.354635358,10103,2.046927776,352.0715774,1.813596091,172
"KCAE20110731_111855",2700.61,"2011","07","31",0.531427588,2631.41,0.366490864,3701.191235,1.350254619,10099,3.047599081,3696.737685,2.648373293,1213,1.492543573,69.2,0.013274097,134.0949271,0.175557872,10102,1.744175966,129.0690215,1.097799329,74
"KCAE20110731_112438",1284.34,"2011","07","31",0.530658347,1222.02,0.190548238,1925.680489,0.864878166,10106,2.551119369,1920.992884,2.005621899,753,1.476992707,62.32,0.0094092,95.032917,0.177772723,10100,1.999855097,89.99347936,1.784261133,45
"KCAE20110731_113021",670.81,"2011","07","31",0.533393734,617.53,0.097036962,980.2673951,0.592779714,10102,2.232090207,975.4234205,1.834465359,437,1.479852202,53.28,0.007721846,78.03697468,0.134706958,10106,1.737929199,72.99302636,1.180205875,42
"KCAE20110731_113605",423.25,"2011","07","31",0.533300023,403.58,0.06627458,669.7709078,0.448883188,10106,2.165667017,664.8597741,1.446925629,307,1.48220795,19.67,0.002861281,28.89894176,0.057575176,10100,1.192348722,23.84697444,0.519282428,20
"KCAE20110731_114150",624.73,"2011","07","31",0.533480194,597.42,0.076529746,773.1034972,0.544619297,10102,2.393150732,768.2013849,1.950000529,321,1.493053516,27.31,0.003691876,37.31010151,0.077834485,10106,1.697611889,32.25462588,0.605417957,19
"KCAE20110731_114734",604.77,"2011","07","31",0.533325715,568.3,0.067395088,680.8925715,0.542055,10103,2.467030665,675.9664022,2.220832722,274,1.476909248,36.47,0.004969718,50.21402596,0.106405471,10104,1.963545977,45.16155746,1.086228742,23
"KCAE20110731_115320",438.27,"2011","07","31",0.533121278,409.29,0.054074253,546.3121768,0.464055295,10103,2.449590247,541.3594445,1.998714042,221,1.482539715,28.98,0.003518294,35.53477032,0.088835337,10100,2.032019805,30.48029707,1.130245592,15
"KCAE20110731_115905",303.18,"2011","07","31",0.531209189,257.08,0.03897151,393.7681375,0.36172797,10104,2.148037882,388.7948566,1.670238939,181,1.474121928,46.1,0.00489128,49.40681889,0.117253045,10101,2.772021603,44.35234564,1.037659624,16
"KCAE20110731_120451",317.45,"2011","07","31",0.527645423,276.23,0.041880339,423.2427063,0.34529091,10106,2.091389728,418.2779456,1.321864251,200,1.475686747,41.22,0.005078861,51.32189385,0.138027986,10105,2.891588491,46.26541585,1.982863364,16
"KCAE20110731_121035",257.56,"2011","07","31",0.531135251,229.4,0.037157372,375.4380838,0.327911602,10104,1.981111283,370.46781,1.403423632,187,1.478407111,28.16,0.003682744,37.20675928,0.09626232,10103,2.296448663,32.15028128,1.237632251,14
"KCAE20110731_121621",355.22,"2011","07","31",0.533205371,329.01,0.048151575,486.7161232,0.385591705,10108,2.251202695,481.7573767,1.439905202,214,1.481813771,26.21,0.004327653,43.71361982,0.080467324,10101,1.288872106,38.66616319,0.73691597,30
"KCAE20110731_122205",416.1,"2011","07","31",0.532913004,234.26,0.036539198,369.3016757,0.308324267,10107,2.0240355,364.32639,1.150169407,180,1.480906129,181.84,0.026723186,269.9309045,1.042341775,10101,4.730294264,264.8964788,13.29906626,56
"KCAE20110731_122750",481.08,"2011","07","31",0.530476332,396.96,0.05309462,536.4680433,0.424561999,10104,2.310953567,531.5193205,1.647095593,230,1.492342365,84.12,0.013007619,130.7265693,0.253408454,10050,2.372003784,125.7162005,2.589934835,53
"KCAE20110731_123336",425.6,"2011","07","31",0.533393679,342.98,0.049323551,498.3158405,0.395871946,10103,2.273553472,493.3611035,1.50003741,217,1.482954229,82.62,0.013966101,141.113489,0.203661056,10104,1.972232973,136.0840752,1.498181534,69
"KCAE20110731_123924",555.08,"2011","07","31",0.53349081,519.02,0.062732889,633.9785715,0.564799807,10106,2.898720419,629.022331,2.581892109,217,1.480723342,36.06,0.005517005,55.7382968,0.117265228,10103,2.027493274,50.68733186,1.23238769,25
"KCAE20110731_124509",584.86,"2011","07","31",0.530285254,536.43,0.065446186,661.2028206,0.538919363,10103,2.646224276,656.2636205,2.241145495,248,1.47547616,48.43,0.006642302,67.08060962,0.184004977,10099,2.696984654,62.03064705,2.820732646,23
"KCAE20110731_125056",418.3,"2011","07","31",0.533679924,382.37,0.049801117,502.9912861,0.409511308,10100,2.502658449,498.0290313,1.5443737,199,1.481808866,35.93,0.004804601,48.55049538,0.101639947,10105,1.977137478,43.49702451,0.941435454,22
"KCAE20110731_125646",262.48,"2011","07","31",0.53197312,231.18,0.030497888,308.1811547,0.309470022,10105,2.296839503,303.1828144,1.463842339,132,1.476590118,31.3,0.004278034,43.22525193,0.101448476,10104,2.120570972,38.17027749,1.168649039,18
"KCAE20110801_100353",147299.44,"2011","08","01",0.533373705,78927.57,10.20034148,100208.1547,78.13528616,9824,178.2980654,100203.5127,277.2628103,562,1.488827066,68371.87,8.850510993,87974.07927,66.05716795,9940,151.933312,87969.38766,230.7744334,579
"KCAE20110801_100940",159128.03,"2011","08","01",0.531874872,85942.3,11.01633724,108632.1016,78.0191019,9861,195.7251126,108627.4375,268.5474896,555,1.50384914,73185.73,9.419914638,94029.58791,73.39758213,9982,156.1875196,94024.88678,257.8870065,602
"KCAE20110801_101530",136590.82,"2011","08","01",0.533668926,73798.94,9.267868376,91844.5756,70.80680626,9910,165.4772739,91839.887,252.5451294,555,1.483485323,62791.88,7.701546463,77192.6002,65.18905363,10023,144.2763457,77187.84493,244.9785621,535
"KCAE20110801_102117",108225.93,"2011","08","01",0.533196579,59553.2,7.440693443,74094.42531,63.64480058,9958,145.5593116,74089.68959,243.4144326,509,1.491629495,48672.73,5.872311326,59116.55812,57.01702362,10067,133.1345387,59111.7352,238.5117001,444
"KCAE20110801_102704",73700.11,"2011","08","01",0.533683283,53223.63,6.454090956,64592.54228,60.66682777,10008,150.204051,64587.74191,253.3962725,430,1.492713109,20476.48,2.535046109,25616.64093,31.30180091,10105,71.54121749,25611.75586,150.9314688,358
"KCAE20110801_103251",48812.86,"2011","08","01",0.533636476,34227.3,4.100733122,41245.17374,46.39444989,10058,87.93255407,41240.36786,197.1479538,469,1.47962356,14585.56,1.660704608,16781.42006,24.59077239,10105,59.70283416,16776.4964,135.4386379,281
"KCAE20110801_103837",30399.1,"2011","08","01",0.533040385,26657.94,3.003014676,30321.43918,39.56520311,10097,56.35064746,30316.64834,162.5393512,538,1.480444959,3741.16,0.42238245,4267.329894,9.675290212,10103,34.37361731,4262.328546,80.69573214,124
"KCAE20110801_104422",16058.54,"2011","08","01",0.533234993,13967.62,1.500693606,15158.50611,24.12587855,10101,30.49032739,15153.69271,104.722109,497,1.481741987,2090.92,0.208843947,2109.532705,6.165899128,10101,28.82886027,2104.5068,67.05666964,73
"KCAE20110801_105008",8394.84,"2011","08","01",0.533425894,7958.32,0.769361156,7778.241284,11.0598895,10110,16.46909077,7773.410842,48.64420478,472,1.477168575,436.52,0.042695822,431.3985855,0.948271035,10104,9.47460318,426.3571431,10.72767306,45
"KCAE20110801_105554",4007.65,"2011","08","01",0.533013078,3898.48,0.348415708,3520.043897,2.333980527,10103,7.675130888,3515.209947,8.0039695,458,1.480957792,109.17,0.012459201,125.9126849,0.313715759,10106,4.476341437,120.8612188,4.183574927,27
"KCAE20110801_110140",4591.02,"2011","08","01",0.533932068,4509.28,0.386055549,3901.863433,2.753609397,10107,8.471801042,3897.028479,9.914543516,460,1.475974902,81.74,0.010591526,106.995593,0.343628737,10102,5.097131167,101.9426233,5.957079078,20
"KCAE20110801_110726",2228.57,"2011","08","01",0.532958187,2172.01,0.18208869,1839.277861,1.610397483,10101,6.347267168,1834.360211,7.189129867,289,1.490719492,56.56,0.007198549,72.74853856,0.229369913,10106,2.820648703,67.69556887,3.851625344,24
"KCAE20110801_111312",500.89,"2011","08","01",0.528257646,479.6,0.045784971,462.611349,0.499424211,10104,3.660880013,457.6100016,2.642486281,125,1.502216506,21.29,0.002588405,26.16100604,0.077744659,10107,2.110051855,21.10051855,1.359125489,10
"KCAE20110801_111859",389.89,"2011","08","01",0.518677398,322.85,0.036408774,368.0198845,0.425434977,10108,3.270355997,363.0095157,2.441203035,111,1.498671316,67.04,0.00869866,87.87386822,0.449369781,10102,6.370568478,82.81739022,11.22829479,13
"KCAE20110801_112447",218.85,"2011","08","01",0.533476551,198.79,0.025228319,255.0078457,0.362224506,10108,2.940993483,249.9844461,2.666666617,85,1.481570222,20.06,0.00252611,25.52633968,0.070906563,10105,2.046685456,20.46685456,0.998500281,10
"KCAE20110801_113034",164.68,"2011","08","01",0.533744466,145.54,0.020047718,202.5220492,0.283423723,10102,2.668866806,197.4961437,1.987529544,74,1.491112781,19.14,0.002342989,23.68059482,0.080432518,10107,2.327388118,18.61910494,1.776783523,8
"KCAE20110801_113620",219.3,"2011","08","01",0.533698534,192.88,0.026930325,272.1309363,0.329024211,10105,2.543991085,267.1190639,2.013429871,105,1.490346198,26.42,0.002899051,29.28621328,0.077829957,10102,2.019102841,24.2292341,1.059497382,12
"KCAE20110801_114206",219.33,"2011","08","01",0.533204321,192.71,0.02874641,290.5399686,0.764643424,10107,3.359024355,285.5170702,7.682743781,85,1.484568626,26.62,0.003616443,36.54776997,0.120872413,10106,2.86257135,31.48828485,2.400575784,11
"KCAE20110801_114752",214.24,"2011","08","01",0.532602052,185,0.026438654,267.1361637,0.282988467,10104,1.83317369,262.1438376,1.537279128,143,1.539988756,29.24,0.003776174,38.15446578,0.083699347,10104,1.655024686,33.10049371,0.921577385,20
"KCAE20110801_115731",104.58,"2011","08","01",0.52517541,58.08,0.009298987,93.94766352,0.134260171,10103,1.481904002,88.91424013,0.93160418,60,1.53284224,46.5,0.004945606,49.98523605,0.147595075,10107,2.642838639,44.92825687,2.520648937,17
"KCAE20110801_120710",115.86,"2011","08","01",0.525177041,83.95,0.012154651,122.7984384,0.200317583,10103,1.962750251,117.765015,1.725732677,60,1.543558446,31.91,0.004132307,41.7610975,0.103642498,10106,2.039173371,36.70512069,1.411455017,18
"KCAE20110801_121648",83.79,"2011","08","01",0.52734538,46.57,0.008351739,84.42773073,0.132361288,10109,1.526678668,79.38729072,1.053387819,52,1.539953961,37.22,0.005318149,53.73457519,0.137715691,10104,2.028441995,48.68260788,2.012385167,24
"KCAE20110801_122627",60.03,"2011","08","01",0.525513964,42.18,0.007749533,78.30903537,0.12935608,10105,1.592773761,73.26759298,1.085007096,46,1.544731666,17.85,0.002904397,29.34602565,0.061318169,10104,1.156788323,24.29255477,0.705967653,21
"KCAE20110801_123605",61.9,"2011","08","01",0.524413664,27.06,0.005518858,55.75702569,0.102853679,10103,1.584674033,50.70956906,0.930051812,32,1.533160901,34.84,0.005060419,51.13047693,0.097414864,10104,1.589000536,46.08101556,0.904501518,29
"KCAE20110801_124544",129.2,"2011","08","01",0.524785603,68.67,0.012085139,122.0719855,0.201712343,10101,1.721229029,117.043574,1.77445144,68,1.532516668,60.53,0.008208637,82.94827539,0.175802963,10105,2.225751998,77.90131994,2.02608329,35
"KCAE20110801_125523",73.06,"2011","08","01",0.526350034,66.38,0.010303673,104.1186206,0.232181289,10105,2.752004621,99.07216636,2.793416619,36,1.540274395,6.68,0.000838813,8.474528604,0.019875605,10103,1.137512515,3.412537545,0.238178662,3
"KCAE20110802_100142",13587.35,"2011","08","02",0.526560254,13583.17,1.896014844,19168.71008,7.295816933,10110,6.710460247,19165.07447,12.49629141,2856,1.532950101,4.18,0.000501187,5.06199106,0,10100,NA,0,NA,0
"KCAE20110802_101121",17480.05,"2011","08","02",0.525647108,17475.87,1.9636463,19848.5368,15.3359107,10108,13.11581566,19844.22909,37.75941287,1513,1.536644172,4.18,0.000501187,5.066000558,0,10108,NA,0,NA,0
"KCAE20110803_100441",932.11,"2011","08","03",0.525845713,920.2,0.111156242,1123.344983,1.764800921,10106,6.861114591,1118.361678,12.15230112,163,1.541768342,11.91,0.001409116,14.23911747,0.044927572,10105,1.835425282,9.177126412,0.944508817,5
"KCAE20110803_101419",7461.23,"2011","08","03",0.525181721,7452.94,0.814096243,8224.000249,6.546129922,10102,20.59934143,8219.13723,26.05717112,399,1.541532213,8.29,0.001269491,12.82693466,0.032016001,10104,1.109492451,7.766447157,0.540486475,7
"KCAE20110803_102357",4855.8,"2011","08","03",0.526109759,4843.29,0.525461927,5309.792772,2.543372916,10105,5.052623354,5305.254521,6.278023635,1050,1.540383316,12.51,0.002052713,20.74676792,0.06889141,10107,1.74286436,15.68577924,1.607218388,9
"KCAE20110803_103335",8096.34,"2011","08","03",0.526395959,8083.89,0.947452474,9571.164895,2.598854575,10102,3.571274573,9567.444582,4.012809027,2679,1.540420423,12.45,0.001371886,13.86153577,0.050602708,10104,2.933014508,8.799043523,0.198547714,3
"KCAE20110803_104314",10378.77,"2011","08","03",0.524389448,10367.75,1.166601496,11785.00831,2.761801888,10102,3.365238496,11781.69997,3.822716147,3501,1.533664663,11.02,0.001652937,16.70457889,0.041234448,10106,1.293787933,11.6440914,0.517375193,9
"KCAE20110803_105252",7278.06,"2011","08","03",0.525965295,7218.7,0.827248154,8360.16984,1.842444725,10106,2.784608099,8356.608905,2.445983877,3001,1.533806771,59.36,0.011833497,119.5656563,0.131827938,10104,0.9961678,114.559297,0.742613549,115
"KCAE20110803_110231",4689.25,"2011","08","03",0.525489685,4533.62,0.573660303,5797.411018,1.393475339,10106,2.364724052,5793.573928,1.943165558,2450,1.541483827,155.63,0.031866242,321.9765141,0.250894359,10104,1.253119837,317.0393187,0.993895823,253
"KCAE20110803_111208",3704.49,"2011","08","03",0.524566729,3536.92,0.48381774,4889.462081,1.252592988,10106,2.225739038,4885.497189,1.829864738,2195,1.535499512,167.57,0.035385095,357.424846,0.270312494,10101,1.254459741,352.5031874,1.049556569,281
"KCAE20110803_112147",2533.18,"2011","08","03",0.525538426,2387.18,0.356720608,3604.661743,1.023616678,10105,2.059767346,3600.473321,1.597185376,1748,1.533211278,146,0.030884362,312.1482475,0.220732565,10107,1.101156198,307.2225793,0.767438184,279
"KCAE20110803_113125",3431.99,"2011","08","03",0.524788575,2818.55,0.413716231,4179.361361,1.30568397,10102,2.224421468,4175.239096,2.269416135,1877,1.540315615,613.44,0.090677962,915.938092,6.28110563,10101,3.349308539,911.0119227,38.20221497,272
"KCAE20110803_114104",2087.97,"2011","08","03",0.524416454,1962.87,0.312728846,3160.750446,0.872108712,10107,1.8203887,3156.554006,1.299975,1734,1.544720566,125.1,0.027379126,276.6934504,0.262568649,10106,1.181494458,271.7437252,1.293536728,230
"KCAE20110803_115043",2467.04,"2011","08","03",0.524656415,2355.86,0.351815682,3555.449282,1.069150791,10106,1.991743074,3551.277901,1.792941243,1783,1.539640422,111.18,0.022443656,226.74826,0.201343552,10103,1.103410468,221.785504,0.921665302,201
"KCAE20110803_120021",2412.05,"2011","08","03",0.523697219,2316.76,0.352833586,3566.441888,1.029598773,10108,2.059099966,3562.242942,1.637739605,1730,1.534340648,95.29,0.020223784,204.3411173,0.206228603,10104,1.152392063,199.3638269,1.089238443,173
"KCAE20110803_121000",2502.82,"2011","08","03",0.525517406,2417.06,0.356831918,3606.143364,1.037247487,10106,2.038462911,3601.963963,1.651401502,1767,1.537613448,85.76,0.016378442,165.4714007,0.189660545,10103,1.114444979,160.480077,1.144282612,144
"KCAE20110803_121939",2492.37,"2011","08","03",0.525230744,2422.27,0.359169157,3629.404332,1.027920004,10105,2.04930833,3625.226435,1.604300824,1769,1.533436704,70.1,0.014115244,142.5921964,0.172955871,10102,1.2284405,137.585336,1.103448469,112
"KCAE20110803_122917",3018.3,"2011","08","03",0.525780098,2957.85,0.446125452,4508.989944,1.14747688,10107,2.165849478,4504.966914,1.635508956,2080,1.533188568,60.45,0.010963265,110.7837935,0.149519174,10105,1.2897609,105.7603938,1.05813294,82
"KCAE20110803_123855",3240.97,"2011","08","03",0.526134341,3183.36,0.448733614,4534.901904,1.228504637,10106,2.22318858,4530.858325,1.881714887,2038,1.533803509,57.61,0.011248783,113.6576987,0.133518741,10104,1.143592796,108.6413157,0.779684333,95
"KCAE20110803_124834",2845.59,"2011","08","03",0.527345924,2635.04,0.363582789,3674.367661,1.16446553,10106,2.292382925,3670.105063,2.03482587,1601,1.532980872,210.55,0.030722088,310.4774187,1.258169876,10106,2.588742039,305.4715606,11.40358221,118
"KCAE20110803_125812",1754.13,"2011","08","03",0.525473193,1651.77,0.258062936,2607.725972,0.896538273,10105,2.024343703,2603.306002,1.656110263,1286,1.531861004,102.36,0.015835716,160.0040724,0.192838687,10104,1.383894728,154.9962095,1.214516767,112
"KCAE20110804_100313",102187.97,"2011","08","04",0.527359015,51095.97,6.966438986,70193.83923,64.64430971,10076,91.8706442,70189.17217,217.6454513,764,0.892489366,51092,6.886422041,69194.76867,60.10419992,10048,94.26444225,69190.10061,203.1447001,734
"KCAE20110804_100727",97241.3,"2011","08","04",0.52734375,43365.6,5.760414637,57944.01083,52.08197273,10059,76.740858,57939.34779,175.298578,755,0.893182032,53875.7,7.139354979,71807.63237,55.88531069,10058,93.25061993,71802.97735,181.120225,770
"KCAE20110804_101141",108132.51,"2011","08","04",0.52734375,52811.51,6.8873291,69389.84068,55.75289211,10075,84.41022287,69385.2032,177.7342871,822,0.894798221,55321,7.191422288,72482.34524,56.10018768,10079,87.7454089,72477.70775,177.1130769,826
"KCAE20110804_101555",102435.72,"2011","08","04",0.52734375,49470.1,6.233126284,62867.3117,48.30014789,10086,65.96299513,62862.73436,144.1163504,953,0.897032711,52965.62,6.703057962,67607.0426,50.729114,10086,76.21469243,67602.43218,154.8830771,887
"KCAE20110804_102009",90538.5,"2011","08","04",0.52734375,44935.8,5.546123273,55949.29158,46.10293137,10088,53.74136152,55944.75734,134.2481694,1041,0.893256107,45602.7,5.605465046,56547.93138,44.74075863,10088,58.59415446,56543.35905,133.557193,965
"KCAE20110804_102422",88359.41,"2011","08","04",0.52734375,30137.94,3.680717717,37149.48391,33.90844438,10093,41.64223373,37144.87249,106.9605973,892,0.895862129,58221.47,7.046536082,71014.99064,51.99385278,10078,75.62344013,71010.41029,154.437297,939
"KCAE20110804_102835",98950.27,"2011","08","04",0.52734375,40180.03,4.913005958,49567.31711,46.31461504,10089,55.19232817,49562.7107,146.1022482,898,0.893949521,58770.24,7.021784909,70793.63545,53.90810974,10082,76.61152119,70789.04558,162.4903597,924
"KCAE20110804_103248",145440.36,"2011","08","04",0.527531723,57185.77,6.771578099,68271.05039,53.46418739,10082,65.76735805,68266.51765,154.6087841,1038,0.894651356,88254.59,10.22902254,102985.7989,67.28215158,10068,98.83039848,102981.2752,187.1160989,1042
"KCAE20110804_103701",155229.51,"2011","08","04",0.52734375,66926.48,7.7799099,78421.49179,53.89215543,10080,61.794386,78417.07583,140.5191648,1269,0.895381376,88303.03,10.0953373,101619.6653,65.92187697,10066,98.55978374,101615.137,183.6790352,1031
"KCAE20110804_104114",141696.45,"2011","08","04",0.527351376,64951.19,7.450761084,75140.92553,49.74270914,10085,53.06255702,75136.58074,123.3345115,1416,0.878209181,76745.26,8.71646355,87853.23612,59.75215162,10079,89.4589377,87848.67682,171.6045325,982
"KCAE20110804_104528",111887.57,"2011","08","04",0.533817758,54318.07,6.268128517,63257.953,48.33072556,10092,38.99735385,63253.70794,115.169417,1622,1.478297808,57569.5,6.379238332,64340.99782,48.31053871,10086,64.72478976,64336.44102,141.1496018,994
"KCAE20110804_105111",64880.91,"2011","08","04",0.532850518,34579.63,3.906036993,39431.44344,39.25797015,10095,24.90661866,39427.17733,96.4895103,1583,1.537701568,30301.28,3.31212471,33465.70806,27.59587513,10104,43.11988787,33461.03299,90.60205565,776
"KCAE20110804_110045",29575.74,"2011","08","04",0.520992602,15086.53,1.704428038,17219.83647,18.19578626,10103,13.72839032,17215.40147,50.04106401,1254,1.536245823,14489.21,1.540056658,15562.27253,17.73585151,10105,33.74715635,15557.43908,76.28986518,461
"KCAE20110804_111019",13490.83,"2011","08","04",0.519715503,10561.86,1.160810214,11731.14802,15.84094647,10106,10.79799936,11726.62731,47.25358208,1086,1.537266176,2928.97,0.29356429,2966.467147,2.956374666,10105,11.13359386,2961.535966,14.56395073,266
"KCAE20110804_111954",2911.88,"2011","08","04",0.526204121,1898.37,0.245732254,2482.632962,1.408816128,10103,2.974774257,2477.986956,3.996495386,833,1.537822831,1013.51,0.096853405,978.7036536,1.238142563,10105,6.905743433,973.709824,7.95523179,141
"KCAE20110804_112929",656.33,"2011","08","04",0.524222585,546.37,0.090450372,913.9105637,0.590666821,10104,2.228066305,909.0510523,1.971569066,408,1.540584115,109.96,0.010705049,108.1852285,0.331383968,10106,3.819768975,103.1337623,5.250979397,27
"KCAE20110804_113904",351.76,"2011","08","04",0.525454897,346.51,0.049688794,502.1549542,0.943708835,10106,2.511056521,497.1891911,6.282622092,198,1.533813718,5.25,0.000674564,6.81647042,0.012798194,10105,0.876487899,1.752975799,0.347232641,2
"KCAE20110804_114839",171.43,"2011","08","04",0.526243487,157.81,0.024749653,250.2189877,0.294687534,10110,1.993606754,245.2136308,1.799826591,123,1.532216127,13.62,0.00197585,19.96992099,0.055187873,10107,1.656548034,14.90893231,0.874601044,9
"KCAE20110804_115815",283.53,"2011","08","04",0.525575954,276.91,0.037807528,381.9316523,0.378603094,10102,2.141800385,376.9568678,1.934574791,176,1.534636602,6.62,0.000962285,9.721962784,0.019949205,10103,0.776912548,4.661475286,0.284802164,6
"KCAE20110804_120751",256.62,"2011","08","04",0.525633558,242.63,0.029029156,293.3396204,0.42536982,10105,2.574386218,288.3312564,3.140048515,112,1.54238347,13.99,0.002059573,20.80787021,0.057898719,10103,1.749876253,15.74888628,0.890664399,9
"KCAE20110804_121727",236.62,"2011","08","04",0.52618532,206.17,0.037585738,379.8038815,0.39764383,10105,1.883613672,374.8391208,2.138950145,199,1.532449247,30.45,0.004278083,43.2257508,0.286553587,10104,7.632852186,38.16426093,11.60245061,5
"KCAE20110804_122703",187.63,"2011","08","04",0.524310414,177.05,0.037333754,377.2575872,0.340333163,10105,1.715676718,372.3018478,1.589381627,217,1.53950842,10.58,0.001611352,16.28432647,0.041777551,10106,1.122434016,11.22434016,0.749964725,10
"KCAE20110804_123640",149.43,"2011","08","04",0.526063008,135.25,0.024038893,242.9130116,0.295622466,10105,1.736621732,237.9171773,1.870199691,137,1.536522519,14.18,0.002241264,22.64797095,0.095790639,10105,2.512426038,17.58698227,2.845317349,7
"KCAE20110804_124617",313.09,"2011","08","04",0.525748803,300.42,0.046601931,470.9125126,0.564675886,10105,2.876106222,465.9292079,3.4385745,162,1.542065546,12.67,0.001811079,18.29914233,0.056202583,10104,1.654894502,13.23915602,1.197249886,8
"KCAE20110804_125553",723.37,"2011","08","04",0.520936327,696.88,0.105451694,1065.694815,1.144179953,10106,3.80204175,1060.769648,5.786434308,279,1.535834088,26.49,0.003529679,35.66388066,0.081457999,10104,1.70049479,30.60890622,0.942792043,18
"KCAE20110805_100331",1259.64,"2011","08","05",0.527102244,1117.36,0.242885802,2452.903716,1.530042738,10099,3.492430184,2448.193559,4.733672216,701,0.892010477,142.28,0.033331718,336.8170068,0.324440979,10105,1.853867164,331.8422224,1.606866465,179
"KCAE20110805_100744",1035.37,"2011","08","05",0.52734375,990.06,0.20215105,2041.725608,1.367768241,10100,3.683437204,2036.940774,4.624074322,553,0.875345543,45.31,0.010280697,103.7733548,0.158526855,10094,1.702473099,98.74343975,1.23260592,58
"KCAE20110805_101157",1195.51,"2011","08","05",0.494079227,1115.73,0.19499851,1970.26495,1.853514545,10104,4.310152402,1965.429495,7.64916364,456,0.891057877,79.78,0.016829978,170.0164384,0.220854555,10102,1.833317243,164.9985518,1.472817233,90
"KCAE20110805_101618",3751.19,"2011","08","05",0.495681974,3025.01,0.420172666,4247.105305,5.433854817,10108,9.75231568,4242.257321,24.42140735,435,0.895616799,726.18,0.097243495,982.5482699,2.060186918,10104,6.982531716,977.5544403,16.12688236,140
"KCAE20110805_102032",921.62,"2011","08","05",0.52734375,853.9,0.314979876,1101.799606,4.830900334,3498,10.1861165,1100.100582,25.7146221,108,0.879312507,67.72,0.023914601,83.10323823,0.321012609,3475,2.543051581,81.37765059,2.221823638,32
"KCAE20110805_102458",6326.3,"2011","08","05",0.52734375,6020.2,0.763514217,7709.203051,5.277356282,10097,12.97043816,7704.440269,17.76436824,594,0.893319077,306.1,0.043187272,436.3210056,0.55157712,10103,3.594313779,431.3176534,3.599667844,120
"KCAE20110805_102911",2095.91,"2011","08","05",0.52734375,2074.01,0.271692242,2744.091641,1.809964251,10100,5.90358233,2739.262201,6.175635438,464,0.896111675,21.9,0.00253237,25.58200543,0.130330703,10102,3.42033652,20.52201912,4.504365736,6
"KCAE20110805_103324",1704.27,"2011","08","05",0.501515441,1664.87,0.207354808,2095.112978,1.618691928,10104,5.278402658,2090.247452,6.339103882,396,0.893277546,39.4,0.005304956,53.59066433,0.113588926,10102,2.022487475,48.53969939,1.187588318,24
"KCAE20110805_103737",1560.11,"2011","08","05",0.52734375,1550.65,0.211442499,2136.837891,1.516438497,10106,5.187296546,2131.978881,5.550197285,411,0.882971898,9.46,0.00180573,18.24690216,0.054216836,10105,1.648301833,13.18641466,1.068749519,8
"KCAE20110805_104151",1943.62,"2011","08","05",0.494189105,1805.51,0.243046863,2456.474639,1.663194611,10107,5.364634973,2451.638183,5.811413863,457,0.894769107,138.11,0.020777685,209.8961692,0.354108419,10102,3.057712766,204.8667553,3.124990507,67
"KCAE20110805_104605",1920.21,"2011","08","05",0.52734375,1900.62,0.274062715,2767.485301,1.621625059,10098,4.456024271,2762.735048,4.922567435,620,0.895416728,19.59,0.003445898,34.82080318,0.074410746,10105,1.566622565,29.76582874,0.723842826,19
"KCAE20110805_105019",1924.07,"2011","08","05",0.52734375,1893.96,0.290550496,2934.850559,1.624633084,10101,4.162131964,2930.140902,4.667516858,704,0.893317241,30.11,0.005345489,54.00013049,0.104330324,10102,1.52978672,48.95317505,1.067794549,32
"KCAE20110805_105431",2256.02,"2011","08","05",0.52734375,2164.08,0.336966263,3405.044092,1.76113768,10105,4.416059103,3400.365509,4.766292826,770,0.895764056,91.94,0.015407994,155.7131844,0.206571401,10106,1.732089535,150.6917895,1.416608339,87
"KCAE20110805_105844",2968.69,"2011","08","05",0.52734375,2848.14,0.448307669,4531.942224,2.286489835,10109,4.495909054,4527.380418,5.857994578,1007,0.894408684,120.55,0.020460631,206.7137534,0.2449042,10103,2.079369834,201.6988739,1.409487423,97
"KCAE20110805_110258",2211.39,"2011","08","05",0.52734375,2004.98,0.3403642,3438.018781,1.754579996,10101,3.672112191,3433.424898,4.587435068,935,0.895846905,206.41,0.037110616,374.8543356,0.315210933,10101,1.926500371,369.8880713,1.263325199,192
"KCAE20110805_110710",2680.81,"2011","08","05",0.52734375,2294.12,0.403424078,4076.196881,2.297824773,10104,4.245686678,4071.613524,6.273304371,959,0.896873802,386.69,0.067844066,685.97135,0.511758524,10111,2.324405098,681.0506938,1.950830023,293
"KCAE20110805_111123",1738.12,"2011","08","05",0.52734375,1468.49,0.275013407,2775.985326,1.658086951,10094,3.72486455,2771.299225,4.947764892,744,0.894646654,269.63,0.049840021,503.782937,0.422593843,10108,2.140917224,498.8337131,1.812443339,233
"KCAE20110805_111537",1089.11,"2011","08","05",0.52734375,846.79,0.172001161,1738.071737,1.033493771,10105,2.952813351,1733.301437,3.192624143,587,0.894587102,242.32,0.044630299,450.944541,0.397019417,10104,2.027230938,445.9908064,1.798625087,220
"KCAE20110805_111950",571.52,"2011","08","05",0.527368222,524.15,0.102219971,1032.523923,0.704625209,10101,2.500407346,1027.667419,2.494174424,411,0.898601598,47.37,0.008951748,90.43056287,0.130942516,10102,1.447409144,85.39713948,0.93212358,59
"KCAE20110805_112403",424.77,"2011","08","05",0.527098558,332.26,0.077343922,781.4829848,0.637291312,10104,2.257533132,776.5913974,2.650977214,344,0.894262746,92.51,0.01854764,187.3497145,0.214558482,10101,1.688345837,182.3413504,1.225027491,108
"KCAE20110805_112815",243.9,"2011","08","05",0.527379102,223.9,0.052817032,533.4520201,0.424634899,10100,1.972105773,528.5243472,1.738381557,268,0.897000803,20,0.004029588,40.71898315,0.076643134,10105,1.321037711,35.66801821,0.690467125,27
"KCAE20110805_113228",307.55,"2011","08","05",0.52734375,284.07,0.058403445,590.1668086,0.422070025,10105,2.082715819,585.2431452,1.482671448,281,0.893906688,23.48,0.005084075,51.3593262,0.090624066,10102,1.251753424,46.3148767,0.837331723,37
"KCAE20110805_113641",265.96,"2011","08","05",0.52734375,252.05,0.05921717,598.33029,1.491194882,10104,3.552993967,593.3499924,11.08372272,167,0.90047279,13.91,0.002329891,23.54122104,0.055793664,10104,1.421826205,18.48374066,0.659646886,13
"KCAE20110805_114054",142.44,"2011","08","05",0.503214269,117.54,0.024492007,247.5162197,0.262505171,10106,1.955752973,242.5133687,1.361755527,124,0.893823107,24.9,0.003989868,40.28170689,0.080838275,10096,1.355182748,35.23475144,0.857385277,26
"KCAE20110805_114506",82.78,"2011","08","05",0.527379074,75.9,0.015746226,159.1628503,0.212814911,10108,2.05512585,154.1344388,1.392479508,75,0.879141749,6.88,0.001173337,11.85070421,0.027145782,10100,0.970317351,6.792221459,0.379175977,7
"KCAE20110805_114919",56.4,"2011","08","05",0.527336136,47.5,0.00958254,96.78365062,0.144687777,10100,1.699050438,91.74872367,1.032100356,54,0.894986111,8.9,0.001491394,15.06755239,0.03306258,10103,1.000906964,10.00906964,0.340690548,10
"KCAE20110805_115345",52.68,"2011","08","05",0.52734375,46.15,0.00928064,93.77158171,0.13187094,10104,1.529942323,88.73665476,0.846005958,58,0.897553095,6.53,0.001100269,11.1127178,0.04715368,10100,3.025864557,6.051729114,2.037841247,2
"KCAE20110805_115758",99.26,"2011","08","05",0.52734375,90.03,0.016528403,167.0360359,0.185616975,10106,1.653266878,162.0201541,0.925303073,98,0.896054315,9.23,0.001390392,14.05130321,0.033795849,10106,1.123789316,8.990314528,0.455960806,8
"KCAE20110805_120211",74.96,"2011","08","05",0.52734375,65.01,0.013443991,135.8784194,0.186857776,10107,1.76824335,130.8500079,1.299678216,74,0.899032268,9.95,0.001257206,12.70406542,0.038412372,10105,1.528414872,7.64207436,0.900240347,5
"KCAE20110805_120625",103.31,"2011","08","05",0.52734375,89.78,0.017158209,172.9719001,0.232455732,10081,1.953052717,167.9625337,1.607355232,86,0.893870049,13.53,0.001447844,14.6188795,0.049488114,10097,2.390099189,9.560396756,0.794602477,4
"KCAE20110805_121038",73.6,"2011","08","05",0.52734375,69.42,0.013344335,134.8445095,0.174630685,10105,1.664347502,129.8191051,1.104084047,78,0.879246174,4.18,0.000501187,5.06199106,0,10100,NA,0,NA,0
"KCAE20110805_121456",92.87,"2011","08","05",0.52734375,84.7,0.015805281,159.759781,0.213695059,10108,1.983754783,154.7328731,1.428433204,78,0.879458067,8.17,0.001487721,15.03193363,0.047074886,10104,1.661824158,9.970944946,1.08060827,6
"KCAE20110805_121909",83.81,"2011","08","05",0.52734375,79.63,0.0140942,142.4218892,0.190975562,10105,1.935112345,137.3929765,1.222664901,71,0.894390643,4.18,0.000501187,5.062993434,0,10102,NA,0,NA,0
"KCAE20110805_122324",68.99,"2011","08","05",0.52741713,61.39,0.011923916,120.5030995,0.165811712,10106,1.832852003,115.4696762,1.044320875,63,0.897768922,7.6,0.001038719,10.49625281,0.029153106,10105,1.35844014,5.433760559,0.636226549,4
"KCAE20110805_122737",66.31,"2011","08","05",0.527351359,53.57,0.010152147,102.6077515,0.130804358,10107,1.456355697,97.57583167,0.694627496,67,0.899193429,12.74,0.001165485,11.77140024,0.047282914,10100,3.355205776,6.710411553,0.272841558,2
"KCAE20110805_123151",64.92,"2011","08","05",0.527480794,58.16,0.012436748,125.623596,0.167059313,10101,1.629705292,120.5981916,1.09105542,74,0.900608893,6.76,0.001111313,11.23648556,0.027944314,10111,1.028664761,6.171988568,0.557814627,6
"KCAE20110805_123605",100.99,"2011","08","05",0.52710357,92.96,0.018865418,190.7105084,0.212053329,10109,1.802870184,185.6956289,1.099611097,103,0.898547764,8.03,0.001333257,13.46856477,0.038032108,10102,1.401429743,8.408578456,0.753908799,6
"KCAE20110805_124017",78.05,"2011","08","05",0.527364963,65.83,0.013178517,133.0898441,0.184481878,10099,1.855984582,128.0629362,1.258731241,69,0.901282384,12.22,0.001274993,12.87997825,0.046819902,10102,1.954747392,7.818989567,1.513513602,4
"KCAE20110805_124431",75.62,"2011","08","05",0.527100045,56.59,0.011630966,117.449493,0.14675254,10098,1.423140482,112.4280981,0.868351366,79,0.892698951,19.03,0.003286926,33.21767129,0.070011128,10106,1.408134842,28.16269685,0.724751143,20
"KCAE20110805_124846",41.63,"2011","08","05",0.527360053,35.77,0.007440789,75.21149604,0.120568634,10108,1.594716994,70.16754772,0.909678133,44,0.89687923,5.86,0.00091751,9.26685209,0.021389159,10100,1.051716445,4.206865779,0.259351588,4
"KCAE20110805_125259",54.58,"2011","08","05",0.52734375,49.73,0.01051863,106.2697225,0.148551948,10103,1.581848498,101.2383039,1.007112381,64,0.895574824,4.85,0.000649681,6.568274577,0.010574628,10110,0.75113701,1.502274019,0.061081616,2
"KCAE20110805_125712",40.82,"2011","08","05",0.52734375,33.12,0.006792247,68.59490076,0.12767297,10099,1.588836459,63.55345838,1.281912087,40,0.894523952,7.7,0.001312888,13.26410913,0.029577254,10103,1.025578001,8.204624011,0.250076295,8
"KCAE20120624_100431",1573.42,"2012","06","24",0.523058005,1565.08,0.190986175,1948.058982,1.352876308,10200,2.587647488,1943.323264,4.322095483,751,1.535238168,8.34,0.001348989,13.7677768,0.036040416,10206,0.865767177,8.657671768,0.801101748,10
"KCAE20120624_101408",2961.32,"2012","06","24",0.533875899,2955.15,0.369558288,3770.972766,1.748427234,10204,2.870820281,3766.516209,4.075109967,1312,1.533592558,6.17,0.00094829,9.675398407,0.014034692,10203,0.41520892,4.567298121,0.109428704,11
"KCAE20120624_102345",5208.02,"2012","06","24",0.525245655,5198.13,0.629795539,6425.803884,5.712603316,10203,4.008422704,6421.493172,13.94280462,1602,1.53373707,9.89,0.001629878,16.62638602,0.032711427,10201,0.606489348,11.52329761,0.468458824,19
"KCAE20120624_103324",6355.52,"2012","06","24",0.532460545,6279.59,0.729585505,7443.231325,6.098321249,10202,4.27282641,7438.990779,14.24367716,1741,1.535357395,75.93,0.013300101,135.6743331,0.137887223,10201,0.865148354,130.6374014,0.742575098,151
"KCAE20120624_104303",2908.29,"2012","06","24",0.525121506,2717.35,0.313584078,3199.811937,1.589886911,10204,2.439201815,3195.354377,3.809824946,1310,1.535236513,190.94,0.034523177,352.2054517,0.389815093,10202,1.240116686,347.232672,2.013973511,280
"KCAE20120624_105241",1789.16,"2012","06","24",0.531736989,1675.69,0.242937262,2478.688884,1.078489205,10203,1.934492798,2474.216289,2.451749365,1279,1.537139453,113.47,0.020355499,207.6871611,0.223529574,10203,1.151487254,202.6617567,1.266288971,176
"KCAE20120624_110221",1439.19,"2012","06","24",0.532413245,1420.46,0.227575242,2322.177766,1.225849811,10204,1.926572385,2317.66658,3.079026082,1203,1.535560363,18.73,0.003595469,36.6845692,0.051872997,10203,0.658229434,31.59501284,0.379927252,48
"KCAE20120624_111158",1051.6,"2012","06","24",0.523773166,1026.07,0.174961764,1785.134881,0.837684652,10203,1.636550147,1780.56656,2.047558714,1088,1.53564166,25.53,0.004308987,43.96459237,0.103225665,10203,0.925524497,38.87202889,1.333596579,42
"KCAE20120624_112135",993.25,"2012","06","24",0.532426623,978.49,0.170552394,1739.975527,0.740107764,10202,1.605369286,1735.404199,1.693802641,1081,1.537586412,14.76,0.002727474,27.83387454,0.049741085,10205,0.63159171,22.73730156,0.559570194,36
"KCAE20120624_113115",1225.17,"2012","06","24",0.527825418,1180.23,0.215029963,2194.810831,1.130834594,10207,2.083940972,2190.221961,2.921016358,1051,1.533385895,44.94,0.006736495,68.72572602,0.213606113,10202,1.298717797,63.63717204,2.825702532,49
"KCAE20120624_114052",1353.1,"2012","06","24",0.52211114,1338.51,0.231263864,2359.81647,1.119942886,10204,1.969315865,2355.301775,2.698944901,1196,1.536578306,14.59,0.002818847,28.75788142,0.052565325,10202,0.717009347,23.66130844,0.594234027,33
"KCAE20120624_115030",958.66,"2012","06","24",0.525863185,947.65,0.155632194,1587.915274,0.789428295,10203,1.834570319,1583.234185,2.071917546,863,1.535664509,11.01,0.002035959,20.77492723,0.034220186,10204,0.540529211,15.67534713,0.354294411,29
"KCAE20120624_120008",779.33,"2012","06","24",0.523250393,767.61,0.123542381,1260.502911,0.641058,10203,1.58159602,1255.78724,1.725902962,794,1.534842032,11.72,0.001986975,20.27907008,0.042434228,10206,0.798603986,15.17347573,0.591415916,19
"KCAE20120624_120946",710.05,"2012","06","24",0.533510304,701.52,0.11665088,1190.422233,0.609781308,10205,1.703529373,1185.656444,1.659178633,696,1.534372871,8.53,0.001473242,15.0344352,0.027003741,10205,0.55160227,9.928840854,0.341587722,18
"KCAE20120624_121925",686.85,"2012","06","24",0.532303425,680.73,0.11015514,1124.023045,0.655393893,10204,1.685604998,1119.241719,1.98783005,664,1.535726418,6.12,0.000973847,9.937137762,0.021700278,10204,0.804338392,4.826030354,0.431269756,6
"KCAE20120624_122903",721.26,"2012","06","24",0.534154477,713.97,0.10996948,1121.908639,0.620568906,10202,1.684958996,1117.127814,1.810310635,663,1.534414676,7.29,0.00130198,13.28410444,0.023352219,10203,0.511156881,8.178510092,0.305248782,16
"KCAE20120624_123839",741,"2012","06","24",0.523795588,725.16,0.117049042,1194.368425,0.733191542,10204,1.861619044,1189.574569,2.311918028,639,1.535485782,15.84,0.002272515,23.18873914,0.044794803,10204,0.786354431,18.08615192,0.535175928,23
"KCAE20120624_124817",826.03,"2012","06","24",0.53241809,802.07,0.122178002,1246.704332,0.846540194,10204,1.934442337,1241.91198,2.810080271,642,1.53705459,23.96,0.003086507,31.4978022,0.077990872,10205,0.879940737,26.3982221,1.158661503,30
"KCAE20120624_125756",1262.62,"2012","06","24",0.525341197,1200.61,0.136678479,1395.077231,0.759694229,10207,2.017862019,1390.306931,2.181939003,689,1.535061762,62.01,0.009891459,100.9027763,0.086439163,10201,0.679864062,95.86083277,0.293194813,141
"KCAE20120625_100434",414.7,"2012","06","25",0.537158971,409.1,0.049783439,507.8906472,0.648312493,10202,3.780783406,502.844193,4.274404126,133,1.475237013,5.6,0.000734423,7.494056024,0.016686387,10204,1.190471933,2.380943866,0.096807838,2
"KCAE20120625_101021",1503.07,"2012","06","25",0.536726132,1498.94,0.175432583,1789.236912,1.646553404,10199,4.610644089,1784.319263,7.150349349,387,1.477107508,4.13,0.000501187,5.112109783,0,10200,NA,0,NA,0
"KCAE20120625_101609",2452.47,"2012","06","25",0.536466547,2448.34,0.293496554,2995.132337,1.758734706,10205,4.523977316,2990.349006,5.353173424,661,1.474169546,4.13,0.000501187,5.11261097,0,10201,NA,0,NA,0
"KCAE20120625_102156",2233.17,"2012","06","25",0.535927862,2228.52,0.261643405,2669.024377,1.280546869,10201,3.571428487,2664.285651,3.258234271,746,1.478586977,4.65,0.000605305,6.177141904,0.007449294,10205,0.531764279,1.063528559,0.043242473,2
"KCAE20120625_102745",2441.07,"2012","06","25",0.536530955,2427.38,0.286266416,2921.921308,1.400828092,10207,3.93150616,2917.17757,3.560727303,742,1.477481867,13.69,0.002031005,20.7243732,0.045795148,10204,1.041185098,15.61777648,0.608054392,15
"KCAE20120625_103331",2106.16,"2012","06","25",0.539845935,2047.63,0.238447234,2432.400234,1.374615567,10201,3.473015669,2427.637953,4.045296046,699,1.477600313,58.53,0.009831475,100.3400328,0.114725176,10206,1.147789331,95.26651443,0.562603936,83
"KCAE20120625_103916",1617.75,"2012","06","25",0.541987522,1415.91,0.164901377,1682.653653,1.26619889,10204,3.264196787,1677.797149,4.663923046,514,1.474278404,201.84,0.033758728,344.2715063,0.273170518,10198,1.535163626,339.2711613,1.069632045,221
"KCAE20120625_104715",1520.56,"2012","06","25",0.533251432,1011.29,0.137077841,1398.742285,1.348913559,10204,4.645928421,1393.778526,6.408968678,300,1.478759227,509.27,0.084001303,857.2333013,0.521964696,10205,1.865093497,852.3477282,1.663823488,457
"KCAE20120625_110723",289.22,"2012","06","25",0.513242458,67,0.008453167,86.28147628,0.15427932,10207,1.980156265,81.18640687,1.439525508,41,1.476331169,222.22,0.034122552,348.2547649,0.293880856,10206,1.546175277,343.2509116,1.280765038,222
"KCAE20120625_111310",165.66,"2012","06","25",0.530610261,43.76,0.005357042,54.67396741,0.131237153,10206,1.836014169,49.57238256,1.808499105,27,1.479365258,121.9,0.018065203,184.2470102,0.234159511,10199,1.706552631,179.1880262,1.571058464,105
"KCAE20120625_111856",134.6,"2012","06","25",0.530302519,52.49,0.007793219,79.490838,0.161599027,10200,2.010737085,74.39727214,1.805568329,37,1.48399795,82.11,0.011280809,115.0980931,0.17525721,10203,1.692570107,110.017057,1.416640041,65
"KCAE20120625_112444",106.52,"2012","06","25",0.53228076,42.2,0.005616507,57.30522175,0.113507116,10203,1.740221467,52.20664402,1.187715436,30,1.482119212,64.32,0.008889358,90.67145264,0.173326494,10200,1.820912737,85.58289866,1.813976994,47
"KCAE20120625_113029",40.8,"2012","06","25",0.532845527,25.78,0.004032305,41.14564221,0.096186882,10204,1.6382979,36.0425538,1.300406828,22,1.479006156,15.02,0.001867945,19.05677484,0.047197557,10202,1.394867455,13.94867455,0.605560162,10
"KCAE20120625_113616",22.88,"2012","06","25",0.536000085,7.05,0.000997247,10.17789898,0.022034647,10206,0.8442982,5.065789199,0.370227073,6,1.481552124,15.83,0.001868379,19.05746086,0.049566051,10200,1.54998464,13.94986176,0.658389273,9
"KCAE20120625_114204",32.04,"2012","06","25",0.531011243,13.95,0.002795713,28.52466418,0.092158536,10203,1.672719104,23.41806746,1.912568199,14,1.477716043,18.09,0.002213456,22.58610264,0.057051639,10204,1.456500196,17.47800236,0.842094605,12
"KCAE20120625_114751",32.14,"2012","06","25",0.531604964,25.84,0.0042316,43.17078353,0.088675493,10202,1.464257778,38.07070224,0.992950485,26,1.481916666,6.3,0.00079484,8.110542895,0.02100873,10204,1.498715369,2.997430737,0.121873847,2
"KCAE20120625_115337",29.54,"2012","06","25",0.53109682,9.94,0.001718722,17.54127355,0.05643106,10206,2.071527294,12.42916376,1.164276191,6,1.482442689,19.6,0.002149731,21.93800832,0.08914205,10205,2.804399954,16.82639972,2.60540749,6
"KCAE20120625_115925",21.5,"2012","06","25",0.530414409,17.37,0.003667676,37.42496875,0.077854499,10204,1.469176379,32.32188033,0.830715134,22,1.479590552,4.13,0.000501187,5.11261097,0,10201,NA,0,NA,0
"KCAE20120625_120512",26.69,"2012","06","25",0.532151682,17.13,0.00369163,37.67308469,0.140861088,10205,2.504998801,32.56498441,3.175786852,13,1.482058679,9.56,0.001138759,11.61875734,0.034694138,10203,1.626787187,6.507148746,0.753856518,4
"KCAE20120625_121059",34.74,"2012","06","25",0.536385424,30.61,0.004613346,47.06997243,0.132835668,10203,1.554440412,41.96989114,2.103041748,27,1.477607278,4.13,0.000501187,5.112109783,0,10200,NA,0,NA,0
"KCAE20120625_121646",3153.75,"2012","06","25",0.535833822,3148.6,0.246783031,2518.174046,14.30727226,10204,83.76916557,2513.074967,254.5203293,30,1.475630137,5.15,0.00067961,6.93337652,0.013643877,10202,0.910633368,1.821266737,0.492559331,2
"KCAE20120625_122234",3586.75,"2012","06","25",0.536076928,3582.15,0.282767656,2885.078393,8.992103161,10203,41.73912118,2879.999362,101.8591627,69,1.477640672,4.6,0.000619608,6.321242801,0.008580345,10202,0.604566509,1.209133018,0.146200373,2
"KCAE20120625_122820",4996.99,"2012","06","25",0.530602708,4992.85,0.398889654,4069.073363,10.91366231,10201,64.50781472,4063.992327,124.0685099,63,1.482453855,4.14,0.000501187,5.113613345,0,10203,NA,0,NA,0
"KCAE20120625_123407",9933.25,"2012","06","25",0.531715662,9917.56,0.784907148,8006.05291,18.47409511,10200,86.96724902,8000.98691,175.1388532,92,1.480488188,15.69,0.001718095,17.53316125,0.056020966,10205,2.070258775,12.42155265,1.125650317,6
"KCAE20120625_123954",13122.12,"2012","06","25",0.535878379,13115.93,1.027750413,10482.02646,20.96723898,10199,91.90326307,10476.97199,176.7754906,114,1.474826819,6.19,0.000656428,6.699508912,0.015683206,10206,1.584893192,1.584893192,NA,1
"KCAE20120625_124540",22101.45,"2012","06","25",0.536315182,22086.74,1.699985597,17338.1531,28.59736955,10199,118.7199635,17333.11467,208.6361229,146,1.477234688,14.71,0.001302319,13.28625978,0.058662112,10202,4.087074998,8.174149996,1.307860938,2
"KCAE20120625_125127",24728.47,"2012","06","25",0.536180322,24353.35,1.874140275,19112.48252,28.69173423,10198,106.7455929,19107.46113,189.4775759,179,1.47653687,375.12,0.02923237,298.2286396,0.702531547,10202,8.142599171,293.1335702,8.712151818,36
"KCAE20120625_125715",16248.42,"2012","06","25",0.536723912,16239.06,1.240868186,12659.33724,17.63461798,10202,63.58956714,12654.32386,109.7133554,199,1.473355112,9.36,0.000916063,9.346594424,0.029679964,10203,2.116991727,4.233983454,0.172151385,2
"KCAE20120626_100114",60281.25,"2012","06","26",0.537575914,59848.97,4.650483666,47388.42856,42.89054238,10190,68.87160796,47383.66628,151.1752129,688,1.475744449,432.28,0.057011907,581.5214473,1.663405199,10200,6.781787511,576.4519384,17.02363958,85
"KCAE20120626_100701",75202.43,"2012","06","26",0.536784315,74766.05,5.779475101,58719.46703,53.12051966,10160,74.98693154,58714.7674,177.3746021,783,1.474361573,436.38,0.064273023,655.7133799,1.514204619,10202,6.848925059,650.6478806,14.20777274,95
"KCAE20120626_101248",90827.61,"2012","06","26",0.535949383,90620.07,7.098422035,72148.36157,59.74144955,10164,57.03075218,72143.9015,160.7682312,1265,1.475269079,207.54,0.027921063,284.8786057,0.47514976,10203,3.253582494,279.8080945,4.059630228,86
"KCAE20120626_101834",86344.99,"2012","06","26",0.536120302,86305.15,6.927539308,70570.84293,53.49713059,10187,41.95397166,70566.58033,125.9823628,1682,1.477402143,39.84,0.004808332,49.0545984,0.113840164,10202,1.758160637,43.95401592,1.51596777,25
"KCAE20120626_102420",60842.12,"2012","06","26",0.534112161,60547.25,4.970731045,50616.95423,38.53970144,10183,25.61378593,50612.84099,84.42996895,1976,1.477150103,294.87,0.026076348,266.0048211,0.483133782,10201,2.83628608,260.9383194,4.255189895,92
"KCAE20120626_103007",56447.36,"2012","06","26",0.535079826,56231.41,4.496021244,45773.99228,37.99373204,10181,21.95200704,45769.93467,81.6578753,2085,1.477340223,215.95,0.022041681,224.8692305,0.363826759,10202,2.035280061,219.8102465,2.912884701,108
"KCAE20120626_103553",56058.78,"2012","06","26",0.530610306,55917.76,4.35429106,44344.10016,43.10723139,10184,23.22679562,44339.95283,97.35927001,1909,1.484247223,141.02,0.020601351,210.1955824,0.202906484,10203,1.199810948,205.1676721,1.023811612,171
"KCAE20120626_104139",48450.04,"2012","06","26",0.531952609,48141.9,3.735020521,38003.83381,39.62363553,10175,22.40541524,37999.58424,94.89649449,1696,1.481729585,308.14,0.037879874,386.4504731,0.323116387,10202,1.382158292,381.4756886,1.417300449,276
"KCAE20120626_104725",50420.72,"2012","06","26",0.53157848,49440.17,3.861366639,39289.40555,36.19273492,10175,25.0862649,39285.09083,89.34715387,1566,1.482100157,980.55,0.098207471,1001.519787,1.168302836,10198,2.8072862,996.586601,5.629536996,355
"KCAE20120626_105312",54547.57,"2012","06","26",0.534822038,53826.13,4.128474075,42098.05014,40.82375095,10197,31.20356978,42093.61564,108.4445101,1349,1.476630559,721.44,0.067348069,687.0850019,1.069625558,10202,3.46228743,682.0706236,6.90891874,197
"KCAE20120626_105859",49004.46,"2012","06","26",0.530253575,48175.93,3.737736622,38109.9626,35.56361684,10196,28.95555627,38105.51205,95.26196598,1316,1.478925971,828.53,0.072896456,743.9812311,1.622988129,10206,5.818344606,738.929765,13.40332116,127
"KCAE20120626_110445",29444.95,"2012","06","26",0.532433623,29004.19,2.372576569,24205.02616,20.9794204,10202,18.37553007,24200.57311,55.83408764,1317,1.480180943,440.76,0.04009081,408.8460847,0.777014477,10198,3.9978772,403.7855972,6.75170884,101
"KCAE20120626_111032",19186.19,"2012","06","26",0.531754218,18717.84,1.588826192,16210.79364,15.1921907,10203,13.3056572,16206.29047,42.1755293,1218,1.479968886,468.35,0.045622671,465.4424942,0.61945065,10202,2.692485878,460.4150851,3.982232389,171
"KCAE20120626_111618",10934.19,"2012","06","26",0.532555959,10602.68,0.941186071,9605.745042,8.833522029,10206,9.015177174,9601.16369,25.99146931,1065,1.474000279,331.51,0.034350081,350.5425809,0.707853894,10205,2.132772577,345.5091575,5.220559686,162
"KCAE20120626_112205",9333.91,"2012","06","26",0.531190149,9078.01,0.827170524,8440.448023,10.39956676,10204,10.53150482,8435.735359,35.73522838,801,1.482263441,255.9,0.028759911,293.4948911,0.451240019,10205,1.611564178,288.4699879,3.017983547,179
"KCAE20120626_112751",7157.99,"2012","06","26",0.535608793,6919.97,0.633072126,6461.134122,8.215268222,10206,11.20886752,6456.307689,32.84917743,576,1.479106816,238.02,0.027368497,279.3228792,0.391329816,10206,1.474736468,274.3009831,2.510415297,186
"KCAE20120626_113336",5742.04,"2012","06","26",0.532084787,5387.22,0.495437725,5054.951104,7.021093612,10203,11.12349126,5050.06503,31.4914528,454,1.478370518,354.82,0.040582372,414.1836882,0.487526017,10206,1.521202196,409.2033907,2.605867282,269
"KCAE20120626_113923",5192.47,"2012","06","26",0.534163778,4933.72,0.453390221,4626.84721,5.45275727,10205,11.49734844,4621.934071,25.08582969,402,1.475993911,258.75,0.0322446,329.0238939,0.304063993,10204,1.165644278,324.0491094,1.442268353,278
"KCAE20120626_114509",7540.78,"2012","06","26",0.536415386,7158.34,0.64076382,6537.072487,9.794587268,10202,17.46563321,6532.146819,48.25987393,374,1.476009199,382.44,0.044634283,455.358952,0.402275024,10202,1.305561592,450.4187494,1.774374718,345
"KCAE20120626_115055",10571.74,"2012","06","26",0.535037625,9808.28,0.846950381,8642.281686,10.31676219,10204,20.32324841,8637.380576,46.52404012,425,1.484286098,763.46,0.072282217,737.4231781,0.811706737,10202,1.979717582,732.4955052,3.798543643,370
"KCAE20120626_115643",16906.72,"2012","06","26",0.537391039,15817.56,1.300410345,13266.78634,14.15569299,10202,26.10615715,13261.92783,58.16300029,508,1.476021744,1089.16,0.099390613,1014.082426,0.859414988,10203,2.420090665,1009.177807,3.533365431,417
"KCAE20120626_120230",17451.51,"2012","06","26",0.536098026,16827.91,1.372738375,14003.30417,12.11252768,10201,23.92903376,13998.48475,44.96438066,585,1.478314388,623.6,0.062235638,634.8035118,0.545131566,10200,1.684168037,629.878846,2.321079455,374
"KCAE20120626_120816",16360.16,"2012","06","26",0.53689516,15897.18,1.307122622,13340.49348,12.52468389,10206,20.96807723,13335.69712,45.91413891,636,1.477092113,462.98,0.045865962,468.0162777,0.426450871,10204,1.696113507,463.0389873,2.003322561,273
"KCAE20120626_121404",12487.48,"2012","06","26",0.536447154,12200.12,1.034680435,10555.8098,9.778616496,10202,17.07282592,10551.00642,36.147987,618,1.474404329,287.36,0.033551728,342.2611727,0.310587336,10201,1.204603193,337.2888941,1.453113715,280
"KCAE20120626_121953",6331.51,"2012","06","26",0.536694023,6056.26,0.530103794,5410.76943,5.639314246,10207,9.1162749,5405.951016,21.67620938,593,1.47426855,275.25,0.031561208,322.0505651,0.285439617,10204,1.152997371,317.074277,1.317863418,275
"KCAE20120626_122540",4480.95,"2012","06","26",0.536403219,4173.32,0.362291666,3697.548747,5.598809503,10206,6.726245504,3692.708782,23.25651421,549,1.475197956,307.63,0.030192978,308.11934,0.384358673,10205,1.620847306,303.0984463,2.348045812,187
"KCAE20120626_123127",5295.06,"2012","06","26",0.534216262,4792.84,0.396014911,4040.540138,5.255231524,10203,7.672414733,4035.690149,21.92584617,526,1.476206664,502.22,0.043195172,440.6339504,0.791099723,10201,2.774522457,435.6000258,5.770173169,157
"KCAE20120626_123715",9805.38,"2012","06","26",0.535874311,9234.65,0.734251445,7489.364741,10.38548343,10200,14.7043374,7484.507735,44.26768082,509,1.478766655,570.73,0.047076139,480.4590789,0.839100422,10206,3.521567572,475.4116222,6.426191168,135
"KCAE20120626_124302",11533.55,"2012","06","26",0.53773289,10395.54,0.825314156,8419.029703,13.41659147,10201,19.98605247,8414.128091,63.14822676,421,1.479910294,1138.01,0.091749786,936.2148158,1.158324532,10204,5.173282861,931.190915,7.07426941,180
"KCAE20120626_124848",7695.78,"2012","06","26",0.537041053,7114.37,0.575512717,5871.380744,8.905357508,10202,11.63992109,5866.52023,38.46165958,504,1.475820565,581.41,0.04855905,495.350874,0.668435168,10201,3.891281053,490.3014127,4.624774583,126
"KCAE20120626_125435",7462.66,"2012","06","26",0.53597848,6895.75,0.563669967,5749.997328,9.050252342,10201,10.3703292,5745.162375,37.53513029,554,1.482708556,566.91,0.047960469,489.3886287,0.628088616,10204,3.535351655,484.3431768,4.14461111,137
"KCAE20120627_100829",46795.34,"2012","06","27",0.526782255,46788.28,5.244280245,53460.19281,34.26051783,10194,15.63521418,53456.79727,57.77451253,3419,1.533741466,7.06,0.00120578,12.30498319,0.026816456,10205,0.719537934,7.195379341,0.491353197,10
"KCAE20120627_101807",33429.74,"2012","06","27",0.525618851,33421.84,3.984138951,40614.31247,33.71163687,10194,12.61989316,40610.81618,59.09217121,3218,1.53533801,7.9,0.001333119,13.604484,0.01945838,10205,0.424994601,8.499892027,0.118476191,20
"KCAE20120627_102745",45676.1,"2012","06","27",0.525988245,45653.79,5.118077766,52163.44859,37.36651095,10192,17.11843374,52159.86761,66.82787171,3047,1.534405162,22.31,0.003023073,30.84138596,0.061624771,10202,0.695859939,25.74681773,0.762196167,37
"KCAE20120627_103723",57194.98,"2012","06","27",0.52482697,57152,5.864664598,59790.25558,42.98973645,10195,23.03909309,59786.44656,82.8672138,2595,1.536314626,42.98,0.005458846,55.71298735,0.07055468,10206,0.733803657,50.63245237,0.452889658,69
"KCAE20120627_104702",100269.21,"2012","06","27",0.527455251,100217.32,9.413830355,96002.24196,57.1727174,10198,39.07137251,95998.36227,111.4095632,2457,1.534043442,51.89,0.007243247,73.91733837,0.082931869,10205,0.740315409,68.84933307,0.463242802,93
"KCAE20120627_105641",162147.62,"2012","06","27",0.526064334,162071.81,15.39518003,155398.9472,85.48587137,10094,78.68095094,155394.8781,179.9523586,1975,1.535756108,75.81,0.0097768,99.74291292,0.129501481,10202,0.976066144,94.67841592,0.910800166,97
"KCAE20120627_110620",238894.69,"2012","06","27",0.527115164,238822.86,22.15211085,223049.6041,103.5400741,10069,101.0170581,223045.6643,202.3245848,2208,1.534735344,71.83,0.007501467,76.54496469,0.141009697,10204,1.488643899,71.45490715,1.437154995,48
"KCAE20120627_111557",235585.54,"2012","06","27",0.525814077,235416.23,22.05075986,223462.4004,97.1052089,10134,92.52941272,223458.5317,181.8155675,2415,1.535969538,169.31,0.022121127,225.7018614,0.992092435,10203,2.042984965,220.6423762,9.469830677,108
"KCAE20120627_112535",131263.72,"2012","06","27",0.525269037,131210.95,13.08144324,132515.02,75.45369715,10130,59.63593907,132511.0566,152.2724476,2222,1.537125011,52.77,0.006521252,66.54285087,0.086546713,10204,0.798276984,61.46732776,0.604667362,77
"KCAE20120627_113513",94571.31,"2012","06","27",0.524487738,94530.28,9.561736595,96956.00907,57.51089033,10140,50.02677933,96951.89833,123.6421229,1938,1.534919537,41.03,0.005131063,52.36763113,0.079984301,10206,0.875547747,47.27957833,0.675123923,54
"KCAE20120627_114452",41249.17,"2012","06","27",0.526628351,41215.5,4.107537888,41884.56384,31.46239678,10197,29.89304454,41880.1554,80.23607197,1401,1.535045723,33.67,0.003966675,40.47991699,0.074771376,10205,0.956320141,35.3838452,0.805671453,37
"KCAE20120627_115431",2576.94,"2012","06","27",0.524757053,2544.18,0.268758597,2742.412724,8.085549011,10204,7.378664555,2737.48455,41.83527676,371,1.535819011,32.76,0.003876919,39.56008426,0.07527154,10204,0.984671751,34.46351128,0.840584124,35
"KCAE20120627_120409",156.25,"2012","06","27",0.53242782,129.5,0.017264348,176.1826733,0.800950583,10205,3.802013578,171.090611,11.57842735,45,1.535487143,26.75,0.003592158,36.65079212,0.044703018,10203,0.618877242,31.56273933,0.140207802,51
"KCAE20120627_121349",141.25,"2012","06","27",0.527250627,62.16,0.008797173,89.77514922,0.178487084,10205,1.693711857,84.68559286,1.929521317,50,1.536127323,79.09,0.010397012,106.1119068,0.103352132,10206,0.759875547,101.0634478,0.50235391,133
"KCAE20120627_122327",210.24,"2012","06","27",0.526113238,66.33,0.009920616,101.2398869,0.319913379,10205,2.345019997,96.14581986,4.527311381,41,1.535953475,143.91,0.018947185,193.3749733,0.117389882,10206,0.708245008,188.3931722,0.202453952,266
"KCAE20120627_123305",231.27,"2012","06","27",0.525922009,29.6,0.004574101,46.67412532,0.085711087,10204,1.299251524,41.57604877,0.82595818,32,1.535067443,201.67,0.026114096,266.4160105,0.143210974,10202,0.747080897,261.4783139,0.244278384,350
"KCAE20120627_124243",327.29,"2012","06","27",0.525917562,30.93,0.004591008,46.84205065,0.092572078,10203,1.227808167,41.74547767,1.050021829,34,1.535547153,296.36,0.037216029,379.752356,0.175618179,10204,0.797603829,374.8737995,0.252104034,470
"KCAE20120627_125222",355.55,"2012","06","27",0.527100914,40.93,0.005823537,59.41172167,0.091491076,10202,1.234560494,54.32066175,0.658927176,44,1.536974386,314.62,0.037533109,383.0253801,0.197547252,10205,0.902436186,378.1207618,0.413162821,419
"KCAE20120628_100839",2079.26,"2012","06","28",0.524840495,2049.27,0.256314356,2615.431686,1.427100185,10204,3.417147223,2610.700478,4.052215653,764,1.525182413,29.99,0.005599221,57.12885433,0.058486429,10203,0.423389325,52.07688701,0.328510599,123
"KCAE20120628_101816",5860.05,"2012","06","28",0.525802735,5833.15,0.708475619,7227.868268,2.346672132,10202,3.214900456,7223.881324,4.117177758,2247,1.525281654,26.9,0.004657927,47.52948227,0.044984623,10204,0.461537793,42.46147696,0.11805333,92
"KCAE20120628_102754",6094.79,"2012","06","28",0.526416556,5827.89,0.682151125,6959.305775,2.097365003,10202,2.950943556,6955.373961,3.51421844,2357,1.526478849,266.9,0.040702417,415.2867634,0.299687214,10203,1.192864996,410.3455585,1.137333873,344
"KCAE20120628_103732",3215.39,"2012","06","28",0.525382213,2549.56,0.306243061,3124.291713,1.070822246,10202,1.953649967,3119.978997,2.027153573,1597,1.526040706,665.83,0.102432352,1045.219721,0.409617444,10204,1.124939681,1040.569205,0.837700384,925
"KCAE20120628_104711",2083.81,"2012","06","28",0.524230867,1082.56,0.129108634,1317.553613,0.865059097,10205,1.576058207,1312.856486,2.625892278,833,1.52463918,1001.25,0.155903424,1590.682636,0.526464143,10203,1.196254598,1586.233597,0.942931427,1326
"KCAE20120628_105648",1265.17,"2012","06","28",0.526654614,557.21,0.073795652,752.9370413,0.435894504,10203,1.317091729,748.1081023,1.333766508,568,1.529284599,707.96,0.112948501,1152.300606,0.426104906,10202,1.008574556,1147.757845,0.851661702,1138
"KCAE20120628_110626",734.84,"2012","06","28",0.525986476,375.46,0.05409544,551.9357707,0.790793153,10203,1.590100482,546.9945658,4.018883263,344,1.53165661,359.38,0.056850866,580.1062367,0.258467268,10204,0.825454017,575.3414497,0.586821279,697
"KCAE20120628_111604",863.56,"2012","06","28",0.524860413,687.38,0.163864445,1672.072792,6.481512217,10204,5.067244887,1667.123568,35.80325233,329,1.533609348,176.18,0.027184781,277.3391346,0.164604876,10202,0.752506774,272.4074522,0.467628479,362
"KCAE20120628_112542",1450.58,"2012","06","28",0.524880201,1118.53,0.289550459,2953.125128,14.96910224,10199,16.2878687,2948.104234,111.5034533,181,1.531137513,332.05,0.050229558,512.4921811,0.210981025,10203,0.670750286,507.7579664,0.429227549,757
"KCAE20120628_113520",575.49,"2012","06","28",0.527060558,140.96,0.021087173,215.1524219,0.520431558,10203,1.391486674,210.1144878,4.062318296,151,1.532807031,434.53,0.061498611,627.5318288,0.271190776,10204,0.734484341,622.842721,0.625600679,848
"KCAE20120628_114457",535.72,"2012","06","28",0.525741824,106.93,0.01686092,172.0656876,0.15007051,10205,0.938428557,167.0402832,0.655050737,178,1.529662045,428.79,0.060428015,616.4866099,0.328865158,10202,0.758089165,611.7779558,0.916305285,807
"KCAE20120628_115435",1217.16,"2012","06","28",0.525924422,733.28,0.154444614,1575.643954,10.17331156,10202,8.180349322,1570.62707,73.90245801,192,1.53496952,483.88,0.06758503,689.6376503,0.350238085,10204,0.852958891,684.9259891,0.943518126,803
"KCAE20120628_120414",789.99,"2012","06","28",0.526768214,183.55,0.026952777,274.999186,0.245941532,10203,1.349929051,269.9858101,1.143121409,200,1.534852923,606.44,0.081977589,836.4173401,0.625029737,10203,1.070390153,831.6931492,2.019194118,777
"KCAE20120628_121351",1731.21,"2012","06","28",0.526350821,1165.51,0.177361995,1808.382901,8.002548827,10196,7.773228755,1803.389071,52.60316234,232,1.53388826,565.7,0.090207547,920.2973962,0.506399076,10202,1.170813571,915.5762125,1.443334735,782
"KCAE20120628_122329",2234.81,"2012","06","28",0.524625433,942.77,0.181575913,1852.619043,2.849810319,10203,5.650364885,1847.669317,14.93863704,327,1.534107943,1292.04,0.257426496,2626.265116,2.259806518,10202,2.133253021,2621.767963,6.198197724,1229
"KCAE20120628_123307",5618.33,"2012","06","28",0.523690255,3328.62,0.695912238,7100.392562,10.03241197,10203,8.549030041,7095.694934,34.22595735,830,1.534525583,2289.71,0.432997352,4417.871985,3.60446888,10203,2.877136371,4413.527193,8.912160596,1534
"KCAE20120628_124245",8926.42,"2012","06","28",0.524600937,6485.85,1.21015907,12346.04284,12.9058924,10202,8.14095615,12341.68952,32.63526895,1516,1.533171058,2440.57,0.409387184,4176.568047,2.472187407,10202,2.320553988,4172.35607,5.500706354,1798
"KCAE20120628_125222",8500.3,"2012","06","28",0.526247163,5668.58,0.94053568,9597.226078,4.759678655,10204,5.149246203,9593.045675,10.12207598,1863,1.533992981,2831.72,0.415227719,4236.983645,2.461990058,10204,2.345027243,4232.774174,5.454800865,1805
"KCAE20120629_100723",1806.4,"2012","06","29",0.526275799,1767.11,0.244574229,2495.880007,1.035086792,10205,1.633789968,2491.529702,2.214306077,1525,1.53015047,39.29,0.009415692,96.04005551,0.067920729,10200,0.444052142,91.03068911,0.192120353,205
"KCAE20120629_101700",5575.24,"2012","06","29",0.526059032,5507.4,0.719363115,7338.942503,1.781972889,10202,2.156241749,7335.53443,2.534949004,3402,1.529842961,67.84,0.015680828,160.0071729,0.093466562,10204,0.496953297,155.0494288,0.216576879,312
"KCAE20120629_102636",7361.67,"2012","06","29",0.524907548,7276.95,0.900569337,9188.50895,1.78743316,10203,2.062795222,9185.627124,2.218994543,4453,1.532269203,84.72,0.018484959,188.6020344,0.116172481,10203,0.556526706,183.6538129,0.344131101,330
"KCAE20120629_103614",4771.53,"2012","06","29",0.526887108,4654.99,0.620646306,6331.212966,1.198922787,10201,1.569085456,6328.121643,1.465688968,4033,1.529897353,116.54,0.022017567,224.5791824,0.13278709,10200,0.563237271,219.6625356,0.396167564,390
"KCAE20120629_104552",4065.21,"2012","06","29",0.524566205,3833.89,0.519335372,5297.740129,1.055419828,10201,1.478888762,5294.421768,1.324994916,3580,1.530549194,231.32,0.0366843,374.2165486,0.202138428,10201,0.722818091,369.3600443,0.566234111,511
"KCAE20120629_105531",4141.91,"2012","06","29",0.526011111,3889.4,0.513497824,5238.704797,1.078167913,10202,1.523222073,5235.314265,1.383171318,3437,1.530025995,252.51,0.0387435,395.3386699,0.199212183,10204,0.728532074,390.4931917,0.503703395,536
"KCAE20120629_110508",3170.97,"2012","06","29",0.524370485,2955.05,0.400646099,4087.391502,1.005698694,10202,1.481197012,4083.660163,1.463945798,2757,1.534939833,215.92,0.034172233,348.6251192,0.169067476,10202,0.691672228,343.7610971,0.36401745,497
"KCAE20120629_111445",2694.14,"2012","06","29",0.526549168,2509.9,0.338236201,3451.362194,0.875374918,10204,1.38732134,3447.49353,1.300773941,2485,1.531063365,184.24,0.028344131,289.2235145,0.171726387,10204,0.7725376,284.2938369,0.493703182,368
"KCAE20120629_112423",3217.97,"2012","06","29",0.523839193,3025.79,0.415474881,4239.505691,1.241303032,10204,1.81549972,4235.560846,2.049229862,2333,1.535601576,192.18,0.030038116,306.4488577,0.200245772,10202,0.830627208,301.5176765,0.680829347,363
"KCAE20120629_113400",1609.49,"2012","06","29",0.525234224,1424.04,0.229473646,2341.778553,0.827755863,10205,1.485983665,2337.452305,1.606192831,1573,1.531794649,185.45,0.030168935,307.7231335,0.170925673,10200,0.709192109,302.8250307,0.46595316,427
"KCAE20120629_114337",1134.09,"2012","06","29",0.524731522,959.15,0.151922583,1549.762267,0.602608072,10201,1.299617803,1545.245568,1.274987673,1189,1.533971448,174.94,0.028140165,287.142245,0.155320755,10204,0.683378016,282.2351208,0.385876714,413
"KCAE20120629_115315",960.2,"2012","06","29",0.523832389,782.63,0.120487554,1229.334516,0.477686817,10203,1.173126573,1224.744142,0.998213924,1044,1.535967176,177.57,0.028480665,290.5597452,0.165738509,10202,0.688324399,285.6546257,0.471055144,415
"KCAE20120629_120252",1615.83,"2012","06","29",0.524246174,1479.71,0.192222332,1961.436676,0.935216797,10204,1.718080258,1956.893414,2.284428889,1139,1.535768181,136.12,0.021341461,217.7469227,0.136852723,10203,0.669159393,212.7926869,0.410132691,318
"KCAE20120629_121230",4216.35,"2012","06","29",0.526010426,4093.14,0.540849376,5519.367885,1.846323108,10205,1.808453079,5515.78189,3.019267947,3050,1.532786593,123.21,0.018944678,193.2925536,0.138416097,10203,0.741363157,188.3062418,0.485017975,254
"KCAE20120629_122206",7578.46,"2012","06","29",0.524631621,7435.29,0.881380763,8993.60931,2.294193218,10204,2.157567469,8990.583643,3.183863298,4167,1.535268295,143.17,0.023651737,241.3423201,0.157137496,10204,0.727357204,236.3910914,0.514299722,325
"KCAE20120629_123143",11376.06,"2012","06","29",0.525798579,11148.62,1.297538716,13238.78752,8.681846119,10203,3.553165323,13235.54083,14.08810634,3725,1.542547013,227.44,0.038017898,387.8966107,0.203642968,10203,0.738040681,383.0431135,0.547237355,519
"KCAE20120629_124120",29521.55,"2012","06","29",0.524310364,29326.35,3.308009048,33738.38428,15.02886675,10199,6.101653777,33736.04373,19.99073235,5529,1.535936696,195.2,0.031483325,321.2243691,0.227399931,10203,0.817324845,316.3047152,0.850388356,387
"KCAE20120629_125057",68914.3,"2012","06","29",0.526068974,68722.26,7.769030589,79275.18813,32.10728529,10204,12.51748745,79273.24803,40.02059512,6333,1.535793934,192.04,0.028337182,289.1809458,0.182373985,10205,0.831104492,284.2377361,0.571432922,342
"KCAE20120630_100355",11875.31,"2012","06","30",0.522546182,11730.18,1.357707211,13852.68667,7.073687964,10203,4.273124778,13849.19741,12.04552377,3241,1.531613543,145.13,0.023744391,242.2877637,0.172074429,10204,0.76805345,237.328516,0.638525967,309
"KCAE20120630_101332",15283.68,"2012","06","30",0.526907742,15141.99,1.747009322,17828.23013,4.084676346,10205,2.921844494,17826.17326,4.947432519,6101,1.545240401,141.69,0.022334907,227.9053881,0.150919691,10204,0.692399552,222.9526559,0.508821425,322
"KCAE20120630_102308",14063.28,"2012","06","30",0.523506289,13720.76,1.580584311,16125.12114,3.527964279,10202,2.641393721,16123.06727,4.242888167,6104,1.532139901,342.52,0.045222514,461.3148622,0.231857387,10201,0.866160108,456.4663769,0.574847425,527
"KCAE20120630_103244",18031.17,"2012","06","30",0.523076734,16995.52,1.927853418,19666.03272,3.296171807,10201,2.801601074,19664.43794,3.652818426,7019,1.531893409,1035.65,0.142458394,1453.502996,0.464307928,10203,1.099430916,1449.049948,0.785835702,1318
"KCAE20120630_104221",26370.17,"2012","06","30",0.527590355,25071.47,2.74720957,28027.03203,4.739874082,10202,3.331685081,28026.1349,5.029950546,8412,1.535611214,1298.7,0.191353123,1952.567265,0.707029991,10204,1.235411238,1948.243522,1.395046022,1577
"KCAE20120630_105156",28922.97,"2012","06","30",0.523851771,27519.43,2.842559751,29002.63714,4.006610521,10203,3.500081628,29001.67637,4.179229384,8286,1.545215959,1403.54,0.202622805,2067.157855,0.62530788,10202,1.241948955,2062.877214,1.054409966,1661
"KCAE20120630_110132",36633.7,"2012","06","30",0.524195722,35835.32,3.624079958,36969.23965,5.226102305,10201,4.284706917,36968.45128,5.427845119,8628,1.534937909,798.38,0.123707574,1261.940959,0.442262089,10201,1.054887385,1257.425763,0.832153753,1192
"KCAE20120630_111109",27336.86,"2012","06","30",0.524622203,26647.14,2.825007744,28823.55401,4.526756656,10203,3.542590715,28822.51805,4.812079202,8136,1.534367852,689.72,0.094654787,966.0467547,0.381405186,10206,1.046128649,961.3922289,0.788133085,919
"KCAE20120630_112047",16598.08,"2012","06","30",0.523324152,15983.01,1.654763322,16883.55017,2.723777527,10203,2.618530745,16881.66771,3.036171011,6447,1.531960169,615.07,0.075516778,770.4976833,0.308907145,10203,1.002312797,765.766977,0.588394652,764
"KCAE20120630_113022",12024.87,"2012","06","30",0.523259545,11181.78,1.160627488,11841.88226,2.450652407,10203,2.352800204,11839.29062,3.061635784,5032,1.543916132,843.09,0.095692772,976.3533571,0.349241223,10203,1.091781798,971.6858004,0.55808899,890
"KCAE20120630_113958",4365.38,"2012","06","30",0.523799704,3359.46,0.357750164,3650.840426,1.038065475,10205,1.670554238,3646.819902,1.686945333,2183,1.53791044,1005.92,0.114740913,1170.816279,0.390548003,10204,1.132250861,1166.218387,0.599746474,1030
"KCAE20120630_114934",2445.9,"2012","06","30",0.521874282,1013.31,0.13279963,1354.556225,0.485675897,10200,1.215122353,1350.000935,0.922792998,1111,1.532677292,1432.59,0.161894898,1651.975535,0.476747134,10204,1.233181891,1647.531007,0.644630086,1336
"KCAE20120630_115911",3062.04,"2012","06","30",0.525502105,1342.7,0.169307504,1727.105849,0.693157802,10201,1.493990553,1722.571107,1.507986746,1153,1.543833245,1719.34,0.197849556,2018.461175,0.537066291,10202,1.301954363,2014.123399,0.682165727,1547
"KCAE20120630_120847",3899.88,"2012","06","30",0.524484634,2004.52,0.264397795,2697.386307,0.861117934,10202,1.437146435,2693.21242,1.533907135,1874,1.544829359,1895.36,0.219110242,2235.362685,0.528070759,10202,1.19251058,2231.187294,0.600228203,1871
"KCAE20120630_121824",7778.95,"2012","06","30",0.523401141,5651.79,0.666475395,6800.048458,2.215103526,10203,2.18677366,6796.492535,3.575821731,3108,1.533236811,2127.16,0.239482898,2442.965045,0.531657781,10201,1.172545627,2438.894904,0.540990629,2080
"KCAE20120630_122802",7779.05,"2012","06","30",0.526370346,5945.74,0.647586258,6607.32259,1.977741152,10203,2.177292805,6603.729078,3.135320598,3033,1.53602701,1833.31,0.2224575,2270.178787,0.494475832,10205,1.05647516,2266.139218,0.531577163,2145
"KCAE20120630_123739",7808.12,"2012","06","30",0.523691692,5935.16,0.659056674,6723.03713,2.16974438,10201,2.524139249,6719.25868,3.651997283,2662,1.533495022,1872.96,0.229776906,2344.643547,0.474971964,10204,1.005453692,2340.696196,0.457502733,2328
"KCAE20120630_124714",8454.76,"2012","06","30",0.526805416,6406.63,0.733069341,7480.239556,13.55325422,10204,3.31688337,7476.255117,28.69310405,2254,1.544190171,2048.13,0.254121305,2592.799679,0.508988587,10203,0.992331799,2588.993663,0.530065696,2609
"KCAE20120630_125651",9874.69,"2012","06","30",0.522623096,7599.55,0.902562327,9209.745987,5.975311168,10204,3.336721511,9206.014648,11.13380089,2759,1.544457577,2275.14,0.285196402,2910.429287,0.521564088,10205,0.995131338,2906.778639,0.494213272,2921
"KCAE20120701_100358",79657.4,"2012","07","01",0.532096953,79548.27,8.367579266,85349.30851,37.60075569,10200,11.77698751,85347.82851,44.15699888,7247,1.535840961,109.13,0.018501546,188.7342716,0.145112436,10201,0.614620453,183.7715156,0.594514557,299
"KCAE20120701_101335",101247.91,"2012","07","01",0.525049587,101101.16,10.41246536,106134.2594,44.19357982,10193,13.26664504,106133.1603,49.50410827,8000,1.536314817,146.75,0.020973534,214.0139416,0.160682559,10204,0.68095665,209.0536916,0.640566855,307
"KCAE20120701_102311",113685.35,"2012","07","01",0.524011734,113251.53,12.09045642,123201.7509,52.24862444,10190,14.89731422,123200.7886,57.63650923,8270,1.53619423,433.82,0.056419054,575.7000248,0.287768555,10204,0.954658228,570.8856203,0.746174356,598
"KCAE20120701_103248",89216.91,"2012","07","01",0.523775536,87776.59,8.920220721,90977.33114,29.42593021,10199,10.98615745,90976.36986,32.30731835,8281,1.53553829,1440.32,0.199125519,2031.677672,0.647332261,10203,1.345268313,2027.319348,1.138574124,1507
"KCAE20120701_104224",84607.31,"2012","07","01",0.522653938,82207.57,8.513427312,86853.98544,30.06154952,10202,10.33473159,86853.0843,32.83653183,8404,1.535560073,2399.74,0.327075677,3337.480205,0.923400497,10204,1.46270658,3333.508296,1.468940742,2279
"KCAE20120701_105200",26002.23,"2012","07","01",0.523477971,24103.95,2.543838936,25957.33251,7.450583574,10204,4.029097647,25955.44704,9.052581226,6442,1.536674701,1898.28,0.255683513,2609.505935,0.727813841,10206,1.333352169,2605.370138,1.153602669,1954
"KCAE20120701_110135",21375.16,"2012","07","01",0.522615559,20345.67,2.17464531,22190.08074,10.57159331,10204,3.796696709,22187.89557,13.74748238,5844,1.535515139,1029.49,0.140078641,1429.222375,0.595242891,10203,1.238856632,1424.685126,1.335702772,1150
"KCAE20120701_111112",22650.26,"2012","07","01",0.528222312,21871.06,2.304533882,23515.46373,15.05562813,10204,4.190547456,23513.16178,20.10840917,5611,1.53626278,779.2,0.0882498,900.3244591,0.394316836,10202,1.264923994,895.5661875,0.868054954,708
"KCAE20120701_112048",24924.25,"2012","07","01",0.52395804,24341.95,2.758829729,28145.5809,14.85252355,10202,4.865727291,28143.36665,19.46467363,5784,1.534932524,582.3,0.058598014,597.7583432,0.471010235,10201,1.323371125,592.8702641,1.839970188,448
"KCAE20120701_113025",82739.06,"2012","07","01",0.523695285,82310.45,9.05010546,92302.02559,35.54583753,10199,12.41935398,92300.6388,41.13559068,7432,1.545316109,428.61,0.042267431,431.212329,0.476561763,10202,1.311575701,426.2621027,2.34119655,325
"KCAE20120701_114001",192070.46,"2012","07","01",0.53196554,191843.32,20.50260039,208736.9746,75.06910267,10181,25.69373998,208735.9436,83.24079634,8124,1.532205135,227.14,0.022443446,228.9904758,0.200096759,10203,1.251209916,223.966575,0.865644429,179
"KCAE20120701_114938",257401.72,"2012","07","01",0.524461215,257233.86,25.08176719,255382.5535,80.2923306,10182,28.97785855,255381.8674,85.6475766,8813,1.542335966,167.86,0.016248283,165.7812298,0.262872206,10203,1.275641001,160.7307661,2.005258892,126
"KCAE20120701_115914",264250.22,"2012","07","01",0.523241957,264076.59,25.28270255,257327.3466,87.66357912,10178,29.15222267,257326.6695,93.532983,8827,1.530586546,173.63,0.016017584,163.4113937,0.997117428,10202,3.044698908,158.3243432,13.76471724,52
"KCAE20120701_120851",176236.11,"2012","07","01",0.52373408,176193.41,17.38288381,176627.4824,68.16150421,10161,20.36747419,176626.7361,73.36903024,8672,1.532611075,42.7,0.005164691,52.70567017,0.080900471,10205,0.835431967,47.61962212,0.697837521,57
"KCAE20120701_121827",186901.75,"2012","07","01",0.532051173,186784.55,18.70744785,190161.2074,74.79363266,10165,21.67565368,190160.5098,80.10899632,8773,1.530552286,117.2,0.01206628,123.1122506,0.436299577,10203,1.532951022,118.0372287,4.815767769,77
"KCAE20120701_122803",139473.16,"2012","07","01",0.524668312,139425.75,13.85329898,141192.8232,58.80062132,10192,15.94670799,141192.1526,62.82260199,8854,1.543885952,47.41,0.005788444,59.06528081,0.121421298,10204,0.84348816,53.98324226,1.292403294,64
"KCAE20120701_123740",108588.27,"2012","07","01",0.532055947,108524.57,10.4962215,107050.9631,48.04436181,10199,12.18279907,107050.2554,51.5623221,8787,1.53632272,63.7,0.006932612,70.73344029,0.159536075,10203,0.979901589,65.65340649,1.722457689,67
"KCAE20120701_124716",118334.12,"2012","07","01",0.522131388,118285.86,11.46712199,116872.9074,46.15144014,10192,13.18058456,116872.2433,49.25124816,8867,1.534873158,48.26,0.006414572,65.45429644,0.206054069,10204,0.914746368,60.37326026,2.412763881,66
"KCAE20120701_125651",157009.45,"2012","07","01",0.522764855,156970.51,15.22345084,155035.6234,50.65368013,10184,17.43533242,155034.9758,53.85236288,8892,1.533779684,38.94,0.00667332,68.10122875,0.065933128,10205,0.543489231,63.04475075,0.302832749,116
"KCAE20120702_100004",20222.26,"2012","07","02",0.541233123,9666.73,0.817617338,8338.879234,4.760540113,10199,10.72607085,8334.157047,13.8353674,777,0.898630551,10555.53,0.903241192,9206.73747,4.5599373,10193,9.625635987,9202.108003,11.74164751,956
"KCAE20120702_100421",8623.65,"2012","07","02",0.541134548,7789.64,0.680734053,6944.168075,4.038875412,10201,8.851337238,6939.448395,11.83601126,784,1.480932579,834.01,0.084082543,857.5578527,1.363230277,10199,6.177647884,852.5154079,10.02096109,138
"KCAE20120702_101009",7880.67,"2012","07","02",0.536684067,7710.68,0.712369927,7267.597998,3.78353008,10202,8.698087876,7262.903377,10.27395591,835,1.481097456,169.99,0.017584759,179.3997148,0.347368454,10202,3.873536801,174.3091561,3.563901346,45
"KCAE20120702_101554",8984.04,"2012","07","02",0.536674162,8961.03,0.826493388,8433.538534,3.772095509,10204,7.966875875,8428.954676,8.967158529,1058,1.479763867,23.01,0.002354844,24.02882473,0.085787998,10204,2.364839962,18.9187197,2.084092113,8
"KCAE20120702_102139",9575.16,"2012","07","02",0.536238906,9524.94,0.870088904,8874.906823,3.46331357,10200,6.92461884,8870.436734,7.322369669,1281,1.477488361,50.22,0.004907143,50.08229721,0.11155875,10206,1.799188399,44.97970998,1.389260529,25
"KCAE20120702_102725",12143.87,"2012","07","02",0.536569725,12137.84,1.062840358,10845.22302,4.856022375,10204,6.944837447,10840.89125,10.64686597,1561,1.476554964,6.03,0.000779758,7.957431949,0.020028247,10205,1.421909302,2.843818604,0.230494028,2
"KCAE20120702_103310",8271.41,"2012","07","02",0.540559859,8258.55,0.72002402,7347.125096,2.735823416,10204,4.849913988,7342.769779,5.516603568,1514,1.475621722,12.86,0.001912246,19.51064189,0.050125508,10203,1.200253566,14.4030428,0.872855813,12
"KCAE20120702_103858",3563.59,"2012","07","02",0.536614811,3520.83,0.323937818,3304.165744,1.246083107,10200,3.013335557,3299.602435,2.522975885,1095,1.475114195,42.76,0.005103339,52.09488563,0.083773608,10208,1.342751654,46.99630791,0.508510983,35
"KCAE20120702_104443",3072.17,"2012","07","02",0.537701842,2007.23,0.191372583,1952.765836,0.845169471,10204,2.553124676,1948.034128,1.878266724,763,1.474398507,1064.94,0.112904035,1151.959866,0.62469547,10203,2.374924071,1147.088326,1.696398723,483
"KCAE20120702_105030",1342.03,"2012","07","02",0.536635734,1151.64,0.117652535,1200.761769,0.65231802,10206,2.291012015,1195.908272,1.829513513,522,1.47817573,190.39,0.022043354,224.9524277,0.214967651,10205,1.653417067,219.9044698,0.924827351,133
"KCAE20120702_105619",845.56,"2012","07","02",0.536545136,667.32,0.080264955,819.1038623,0.46637718,10205,1.797386941,814.2162844,1.348326945,453,1.477446834,178.24,0.022227164,226.7615262,0.220774417,10202,1.74576429,221.7120648,0.956146256,127
"KCAE20120702_110207",718.73,"2012","07","02",0.53686606,589.35,0.080070922,816.8835466,0.483055067,10202,1.735053398,812.0049901,1.490051173,468,1.474005302,129.38,0.016435882,167.7610492,0.182157655,10207,1.506477401,162.6995593,0.948688416,108
"KCAE20120702_110755",605.71,"2012","07","02",0.53672122,522.06,0.075808863,773.4020237,0.501835334,10202,1.81678703,768.5009138,1.708240682,423,1.475971301,83.65,0.011096706,113.2307881,0.13888344,10204,1.48155151,108.1532603,0.724770126,73
"KCAE20120702_111343",671.79,"2012","07","02",0.533880718,468.35,0.075715782,772.2252579,0.427747239,10199,1.618884414,767.351212,1.200879599,474,1.475489066,203.44,0.024865159,253.674352,0.234138452,10202,1.691393975,248.6349143,0.996544238,147
"KCAE20120702_111929",1024.86,"2012","07","02",0.536731068,942.22,0.170016966,1734.683099,0.72845054,10203,1.93514267,1730.017547,1.625897512,894,1.476315429,82.64,0.011233992,114.6428918,0.14152704,10205,1.352702127,109.5688723,0.847470039,81
"KCAE20120702_112515",1245.32,"2012","07","02",0.540902492,1189.03,0.223529619,2280.672707,0.94685826,10203,1.88893197,2276.163024,2.10930256,1205,1.475245325,56.29,0.008208491,83.76764891,0.126363569,10205,1.484520681,78.67959611,0.948870837,53
"KCAE20120702_113101",1354.22,"2012","07","02",0.536340979,1310.16,0.244242943,2492.987718,0.865125517,10207,2.000398373,2488.495576,1.621831793,1244,1.475883014,44.06,0.006061696,61.85354382,0.105363741,10204,1.35143998,56.76047915,0.949104732,42
"KCAE20120702_113647",2189.63,"2012","07","02",0.536559323,2121.87,0.37748473,3851.476702,1.19252662,10203,2.373334678,3847.175513,2.053557889,1621,1.475280385,67.76,0.00988721,100.8792021,0.116184496,10203,1.127155173,95.80818967,0.604736393,85
"KCAE20120702_114234",2683.3,"2012","07","02",0.533793534,2646.49,0.472805266,4824.504936,1.383918412,10204,2.558564256,4820.335058,2.244838973,1884,1.475300688,36.81,0.005093577,51.95448332,0.098796334,10200,1.46432536,46.85841153,1.003150813,32
"KCAE20120702_114821",3082.95,"2012","07","02",0.535909316,3068.54,0.549572661,5605.641146,1.552035877,10200,2.826196967,5601.522389,2.442390997,1982,1.473879131,14.41,0.001808102,18.44625332,0.041845271,10202,1.111596284,13.33915541,0.527882669,12
"KCAE20120702_115407",3655.61,"2012","07","02",0.539804576,3629,0.627324727,6401.221515,1.622589023,10204,2.81445077,6397.246599,2.380351248,2273,1.476014798,26.61,0.003678353,37.55598325,0.068466928,10210,1.201940506,32.45239365,0.587912728,27
"KCAE20120702_115955",3860.05,"2012","07","02",0.536210032,3850.86,0.647036287,6600.417164,1.675954866,10201,2.738278088,6596.511913,2.483971499,2409,1.476312209,9.19,0.001391676,14.1964866,0.02488574,10201,0.649349447,9.090892253,0.182059326,14
"KCAE20120702_120542",4097.53,"2012","07","02",0.535832745,4082.52,0.666103842,6796.923599,1.647909529,10204,2.773800282,6793.036892,2.338950999,2449,1.477429626,15.01,0.002250804,22.96495368,0.042607645,10203,0.850565013,17.86186527,0.410930732,21
"KCAE20120702_121129",3976.29,"2012","07","02",0.536781373,3958.23,0.618089257,6305.128515,1.547598515,10201,2.600590294,6301.230281,2.220302297,2423,1.475965047,18.06,0.002501996,25.52536812,0.057398187,10202,1.201222126,20.42077614,0.755775341,17
"KCAE20120702_121716",3298.62,"2012","07","02",0.536504767,3285.44,0.502471697,5126.216251,1.269286145,10202,2.365906794,5122.188209,1.78459448,2165,1.478470629,13.18,0.001850467,18.88586178,0.074664544,10206,2.295625334,13.773752,2.249612627,6
"KCAE20120702_122304",2408.54,"2012","07","02",0.537238767,2397.73,0.362360096,3697.160056,0.93131927,10203,1.951899941,3692.994689,1.255365371,1892,1.47672954,10.81,0.001663236,16.96666684,0.035536068,10201,0.912351639,11.8605713,0.416866543,13
"KCAE20120702_122850",2243.99,"2012","07","02",0.537351733,2226.41,0.341963612,3488.712772,0.884263356,10202,1.89892062,3484.519338,1.179747349,1835,1.474214378,17.58,0.001938704,19.7805987,0.071402915,10203,1.833874357,14.67099486,1.89528214,8
"KCAE20120702_123437",2035.23,"2012","07","02",0.536104924,2031.1,0.314659467,3210.470537,0.890686819,10203,1.914147112,3206.196413,1.331215287,1675,1.475354769,4.13,0.000501187,5.11261097,0,10201,NA,0,NA,0
"KCAE20120702_124023",2047.66,"2012","07","02",0.536974021,2043.52,0.31014422,3163.471044,0.928282955,10200,2.036838346,3159.136275,1.466849324,1551,1.475838871,4.14,0.000501187,5.114114532,0,10204,NA,0,NA,0
"KCAE20120702_124610",1768.86,"2012","07","02",0.537686895,1761.68,0.260181244,2655.409773,0.826990874,10206,1.901716866,2650.993311,1.373732746,1394,1.474503802,7.18,0.001162096,11.85802703,0.019834336,10204,0.562493895,6.749926744,0.144063349,12
"KCAE20120702_125157",1508.66,"2012","07","02",0.537658985,1500.18,0.204645313,2087.177548,0.733686784,10199,1.898464669,2082.615742,1.338270908,1097,1.476698752,8.48,0.001082153,11.03796154,0.039263135,10200,1.975785107,5.92735532,1.417906473,3
"KCAE20120702_125744",1630.8,"2012","07","02",0.537047353,1626.67,0.209335551,2136.269293,0.799318238,10205,2.085779737,2131.666891,1.571178093,1022,1.4743942,4.13,0.000501187,5.113613345,0,10203,NA,0,NA,0
"KCAE20120703_100127",3156.74,"2012","07","03",0.525884973,2751.64,0.25456478,2596.815325,1.097056657,10201,2.814510649,2592.164307,2.476283394,921,1.535739646,405.1,0.080741963,823.810251,0.258928161,10203,0.615600089,819.3637179,0.430154913,1331
"KCAE20120703_101104",10735.11,"2012","07","03",0.524789391,9951.47,1.128698319,11514.98025,3.301147889,10202,4.205786951,11511.23889,5.261762984,2737,1.535202928,783.64,0.139912565,1428.08755,0.355782984,10207,0.69294495,1424.001872,0.495815768,2055
"KCAE20120703_102042",21522.61,"2012","07","03",0.524003807,20683.68,2.332015381,23791.22092,4.869332095,10202,4.451494415,23788.78615,5.986065033,5344,1.535493827,838.93,0.15343894,1565.997823,0.34510271,10206,0.674457451,1562.043456,0.416778075,2316
"KCAE20120703_103018",24052.2,"2012","07","03",0.52555936,22214,2.437199492,24864.30922,4.306966768,10202,3.75736927,24862.51246,4.862215983,6617,1.534608352,1838.2,0.314416648,3207.364224,0.645719058,10201,0.990378038,3203.872954,0.803579498,3235
"KCAE20120703_103955",16715.73,"2012","07","03",0.525123224,13742.27,1.555910179,15873.39565,2.363624167,10202,2.442151062,15871.53975,2.570250339,6499,1.535062894,2973.46,0.503949494,5141.796686,0.985107883,10203,1.297971021,5138.667273,1.212800898,3959
"KCAE20120703_104933",13175.27,"2012","07","03",0.526180834,9862.16,1.179772168,12037.21543,1.960502384,10203,2.159887731,12034.89444,2.218508929,5572,1.535481248,3313.11,0.574364214,5859.089345,1.139891934,10201,1.446999021,5856.005039,1.418839336,4047
"KCAE20120703_105910",11197.93,"2012","07","03",0.524514264,8543.01,1.105134932,11276.79684,2.035287989,10204,2.22810647,11274.21874,2.419165574,5060,1.536725028,2654.92,0.465473686,4749.693495,0.85174513,10204,1.173450354,4746.606683,0.99986603,4045
"KCAE20120703_110846",7754.43,"2012","07","03",0.524646166,5747.84,0.772761936,7883.717267,1.630972554,10202,1.903086108,7880.679571,2.098424322,4141,1.53582997,2006.59,0.352139992,3591.827918,0.640794304,10200,0.962087195,3588.585237,0.73238297,3730
"KCAE20120703_111823",5855.92,"2012","07","03",0.523888642,4269,0.548519789,5594.353332,1.21422501,10199,1.676435737,5590.913183,1.61827712,3335,1.5366825,1586.92,0.291336663,2972.79931,0.502575255,10204,0.879815319,2969.376702,0.496183894,3375
"KCAE20120703_112800",5054.31,"2012","07","03",0.522719996,3381.38,0.412714457,4211.338318,1.027213515,10204,1.534499803,4207.598459,1.485352833,2742,1.536578992,1672.93,0.307021932,3132.544773,0.519805167,10203,0.901518519,3129.17078,0.508517322,3471
"KCAE20120703_113738",5945.21,"2012","07","03",0.527186018,4171.75,0.476845715,4865.733674,1.15825293,10204,1.710782524,4862.043933,1.645248052,2842,1.536491773,1773.46,0.321650924,3281.804377,0.518267937,10203,0.89114831,3278.534632,0.487529996,3679
"KCAE20120703_114714",6197.41,"2012","07","03",0.524196877,4145.45,0.463193949,4725.967857,1.316148854,10203,1.768611391,4722.192413,2.076623865,2670,1.534453439,2051.96,0.363219015,3705.923614,0.531395486,10203,0.90889834,3702.851838,0.459879979,4074
"KCAE20120703_115651",6551.3,"2012","07","03",0.523673565,4168.18,0.469614601,4791.47777,1.285277197,10203,1.890104092,4787.633664,1.992688661,2533,1.534886303,2383.12,0.407208492,4154.748246,0.564633082,10203,0.936368267,4151.856897,0.488229414,4434
"KCAE20120703_120628",7692.24,"2012","07","03",0.523339473,5316,0.565129855,5767.150171,1.324474471,10205,1.983990191,5763.491504,1.829949229,2905,1.536996455,2376.24,0.42655892,4353.033784,0.607907971,10205,1.032035984,4350.031672,0.519744085,4215
"KCAE20120703_121604",7461.6,"2012","07","03",0.523941195,4837.01,0.517220539,5279.787257,1.281651065,10208,1.875606462,5276.080977,1.847808262,2813,1.535909888,2624.59,0.458816844,4680.39063,0.643730696,10201,1.036918394,4677.538874,0.581302243,4511
"KCAE20120703_122541",8657.38,"2012","07","03",0.524954458,5510.76,0.575352184,5869.167628,1.330129265,10201,1.964350825,5865.551563,1.821252072,2986,1.53542792,3146.62,0.548788493,5599.288992,0.750343131,10203,1.20148345,5596.509908,0.670329991,4658
"KCAE20120703_123518",7817.85,"2012","07","03",0.524715321,4617.16,0.493037931,5031.452089,1.25824844,10205,1.812446924,5027.727767,1.85316243,2774,1.534149636,3200.69,0.561001624,5724.460573,0.768292096,10204,1.244107723,5721.651418,0.678321556,4599
"KCAE20120703_124456",9385.31,"2012","07","03",0.523067879,6032,0.623909204,6365.745606,1.507491713,10203,2.062962923,6362.177654,2.133333127,3084,1.5363561,3353.31,0.576862776,5885.730906,0.769694786,10203,1.232302044,5883.00996,0.67730626,4774
"KCAE20120703_125433",13446.98,"2012","07","03",0.524425406,9708.89,1.076380449,10981.23334,3.32032619,10202,2.85366475,10978.04829,4.91619607,3847,1.535646445,3738.09,0.601434789,6137.642021,0.777051144,10205,1.217272498,6135.053389,0.687919185,5040
"KCAE20120704_100843",17424.43,"2012","07","04",0.52674662,17419.52,1.960080434,19996.74058,6.94503248,10202,5.962811796,19993.30795,11.08667006,3353,1.536729468,4.91,0.000709028,7.235631799,0.014870267,10205,1.061009227,2.122018454,0.086280076,2
"KCAE20120705_100505",417677.56,"2012","07","05",0.532337109,416632.91,47.14220555,441439.6127,146.7236075,9364,92.69998032,441437.3063,195.2245234,4762,1.481498594,1044.65,0.110261461,1124.887426,1.471698642,10202,3.435391721,1119.937701,7.518371088,326
"KCAE20120705_101051",375689.62,"2012","07","05",0.533622061,375147.93,45.0692033,431988.3136,142.5867413,9585,81.55298556,431986.1645,183.8923876,5297,1.48120537,541.69,0.059200569,604.2010073,1.488357544,10206,2.736053198,599.1956504,9.815391119,219
"KCAE20120705_101638",266055.47,"2012","07","05",0.531770642,266002.23,28.10381922,281459.7495,104.8395171,10015,50.39526037,281457.5292,136.3363041,5585,1.474262039,53.24,0.009427613,96.15222023,0.096684242,10199,0.79215868,91.09824816,0.459490419,115
"KCAE20120705_102225",158680.62,"2012","07","05",0.531606054,158529.44,16.15471931,163081.8914,79.81393662,10095,36.26397282,163079.0858,116.5012031,4497,1.483579043,151.18,0.020571184,209.9083624,0.213290086,10204,1.170754032,204.8819557,1.146235178,175
"KCAE20120705_102814",203331.99,"2012","07","05",0.530650416,202653.14,19.71567631,197137.0474,93.63382306,9999,43.78815912,197134.2924,135.7215415,4502,1.47917959,678.85,0.094723028,965.9854414,0.488849725,10198,1.753921505,961.1489846,1.241083148,548
"KCAE20120705_103401",161044.3,"2012","07","05",0.530901129,160129.4,16.63563801,167820.3163,86.79146493,10088,38.46377424,167817.447,128.7614611,4363,1.477969598,914.9,0.132007758,1347.007162,0.585416743,10204,1.841232391,1342.258413,1.285539644,729
"KCAE20120705_103950",55620.8,"2012","07","05",0.530109181,53958.28,5.904033132,60221.13795,31.25896252,10200,13.49580057,60218.26214,46.16794566,4462,1.483075169,1662.52,0.245013024,2500.357909,0.981477507,10205,2.397468808,2495.765029,2.070533404,1041
"KCAE20120705_104537",119234.11,"2012","07","05",0.534796751,116906.6,13.31748618,135385.5645,64.18939911,10166,29.18361597,135382.7945,92.55916783,4639,1.479199843,2327.51,0.344973491,3519.764534,1.060590315,10203,2.311251299,3515.413226,1.732992189,1521
"KCAE20120705_105125",93043.92,"2012","07","05",0.530506399,90292.02,10.41285261,105857.0597,64.94850363,10166,29.44471943,105853.7664,106.6311957,3595,1.48048442,2751.9,0.401554925,4097.868007,1.175910674,10205,2.264192222,4093.659538,1.89462705,1808
"KCAE20120705_105711",76205.82,"2012","07","05",0.531884095,73883.78,7.359956085,74806.59365,49.20528147,10164,21.14281311,74803.27279,81.64146486,3538,1.480948092,2322.04,0.341879075,3487.50844,0.992456071,10201,2.038181602,3483.252358,1.556787565,1709
"KCAE20120705_110258",71293.84,"2012","07","05",0.530663426,69638.78,5.914699072,60122.91607,50.75687451,10165,19.38709309,60119.37569,90.47398274,3101,1.479101574,1655.06,0.254847615,2600.719915,0.798728194,10205,1.774667489,2596.338536,1.32454467,1463
"KCAE20120705_110844",44915.3,"2012","07","05",0.530803247,43718.23,3.882647728,39579.71094,30.3181859,10194,12.69280453,39576.16454,53.79612427,3118,1.479113559,1197.07,0.187788027,1916.189025,0.722835428,10204,1.748968626,1911.622708,1.466176399,1093
"KCAE20120705_111431",40297.58,"2012","07","05",0.530898816,39476.16,3.457275262,35246.9213,30.99546546,10195,13.85341459,35243.08672,60.88606931,2544,1.480710617,821.42,0.128392209,1309.728925,0.580451479,10201,1.605195301,1305.02378,1.36365678,813
"KCAE20120705_112018",35066.46,"2012","07","05",0.530132106,34557.33,3.034747264,30927.10937,27.27584446,10191,11.50422208,30923.34896,52.19120616,2688,1.487013296,509.13,0.082256774,839.1836119,0.475245452,10202,1.62320644,834.32811,1.409186818,514
"KCAE20120705_112605",54006.92,"2012","07","05",0.53453292,53748.06,4.887981846,49837.8629,35.34911679,10196,18.06239057,49834.13557,66.18898529,2759,1.481160502,258.86,0.042576917,434.497435,0.307121842,10205,1.333988204,429.5442016,1.127358032,322
"KCAE20120705_113151",203759.54,"2012","07","05",0.530918546,203626.24,19.00744606,192127.2648,89.91323203,10108,59.96373426,192123.8046,151.8337392,3204,1.47819629,133.3,0.021274066,217.0592989,0.185110105,10203,1.171471826,212.0364005,0.766665713,181
"KCAE20120705_113737",271188.55,"2012","07","05",0.532083151,270735.39,27.36443711,264833.0223,119.7733428,9678,85.78870069,264829.719,199.9274816,3087,1.487589096,453.16,0.049975416,509.9491398,0.504704556,10204,2.415979777,504.9397734,2.59857074,209
"KCAE20120705_114325",251080.48,"2012","07","05",0.530530772,249530.05,26.63199023,249115.6366,120.7202181,9354,80.10048464,249112.5072,198.8913888,3110,1.487586508,1550.43,0.165244657,1686.321724,1.236427632,10205,3.865345115,1681.425125,4.648661512,435
"KCAE20120705_114910",303767.77,"2012","07","05",0.530648964,302652.21,31.00825956,288903.9543,133.8912312,9317,100.1389015,288900.7307,225.7940615,2885,1.478998618,1115.56,0.117382736,1197.538678,1.053919291,10202,3.602995343,1192.591459,4.662677425,331
"KCAE20120705_115457",245255.03,"2012","07","05",0.531052839,244953.8,25.19071738,241528.5982,117.9281132,9588,77.81100146,241525.3485,197.1581377,3104,1.478768057,301.23,0.03135022,319.8662922,0.383901639,10203,2.538829242,314.814826,2.409904703,124
"KCAE20120705_120044",191118.87,"2012","07","05",0.530524581,191071.53,18.2517513,182627.0235,90.53314695,10006,70.0511374,182623.3152,166.8448807,2607,1.481412024,47.34,0.005985435,61.10531009,0.088336489,10209,1.056891558,56.01525255,0.632722907,53
"KCAE20120705_120632",246989.54,"2012","07","05",0.531626714,246943.5,21.81624649,218053.3837,99.09830616,9995,60.89085984,218050.1691,158.2248454,3581,1.478909653,46.04,0.005693485,58.09062984,0.095376361,10203,1.019289966,53.00307823,0.87567015,52
"KCAE20120705_121219",129874.33,"2012","07","05",0.530584209,129837.19,10.62186513,107981.8809,65.71019418,10166,33.66959563,107978.3932,113.6395542,3207,1.480448363,37.14,0.005414948,55.24871835,0.099186473,10203,1.139935392,50.15715725,1.005652982,44
"KCAE20120705_121804",48008.18,"2012","07","05",0.530652476,47951.33,3.834735723,39083.62649,32.44353926,10192,18.51235263,39079.57639,69.36849974,2111,1.480218722,56.85,0.007560518,77.13240543,0.317716914,10202,2.058195281,72.03683483,5.093377656,35
"KCAE20120705_122350",16800.79,"2012","07","05",0.530735051,16757.69,1.349427939,13768.21326,18.2117987,10203,9.055172006,13763.86145,46.45170255,1520,1.481541067,43.1,0.006438924,65.70922414,0.085880435,10205,0.962320368,60.62618321,0.528812125,63
"KCAE20120705_122935",3450.41,"2012","07","05",0.530617155,3402.78,0.320223697,3268.843502,2.724837831,10208,3.1058555,3264.25413,7.969751784,1051,1.480938409,47.63,0.006540193,66.74920653,0.094365133,10206,1.163408539,61.66065254,0.613482109,53
"KCAE20120705_123522",2246.5,"2012","07","05",0.531814417,2182.12,0.21812651,2225.326654,2.155270232,10202,2.656259013,2220.632534,7.089876907,836,1.48038725,64.38,0.008949671,91.28664009,0.095355721,10200,0.979757213,86.21863479,0.323019173,88
"KCAE20120705_124107",963.69,"2012","07","05",0.531885491,881.97,0.130788929,1334.308653,2.209755766,10202,2.058079424,1329.519308,8.558956201,646,1.481818282,81.72,0.01114086,113.6924733,0.117779603,10205,1.097247223,108.6274751,0.490970937,99
"KCAE20120705_124654",640.23,"2012","07","05",0.530336938,544.96,0.092819897,946.9485941,0.874175438,10202,1.481374587,942.1542371,3.19636546,636,1.481209609,95.27,0.012689002,129.4278246,0.126179623,10200,1.072188384,124.3738525,0.516416491,116
"KCAE20120705_125241",514.11,"2012","07","05",0.530307323,364.66,0.066914187,682.6585344,0.334419852,10202,1.234645854,677.8205741,0.798783621,549,1.481231366,149.45,0.019194727,195.862993,0.151093523,10204,1.048571948,190.8400946,0.449519784,182
"KCAE20120705_125828",392.22,"2012","07","05",0.530449939,284.25,0.050087874,511.0966617,0.288521505,10204,1.191048357,506.1955517,0.801000496,425,1.481741569,107.97,0.014497014,147.9130318,0.130193617,10203,1.035279582,142.8685823,0.445255581,138
"KCAE20120706_100326",5353.05,"2012","07","06",0.532619902,4918.16,0.503609378,5137.31926,2.503467398,10201,5.83918907,5132.647193,6.451471405,879,1.478431716,434.89,0.066136701,674.6604839,0.374072666,10201,1.366925418,669.7934547,1.066643674,490
"KCAE20120706_100911",11183.7,"2012","07","06",0.535004673,10949.2,1.181588876,12054.56971,4.719380231,10202,7.943452141,12050.2169,9.804335849,1517,1.473898345,234.5,0.043107657,439.8274269,0.302353282,10203,1.358981855,434.8741935,1.063224994,320
"KCAE20120706_101500",21825.99,"2012","07","06",0.533120616,21609.68,2.305191006,23522.16903,7.519065348,10204,8.848151644,23518.38707,12.61707164,2658,1.479617093,216.31,0.036431543,371.7110353,0.266394385,10203,1.269004377,366.7422651,0.972069646,289
"KCAE20120706_102046",26295.7,"2012","07","06",0.530996349,25968.5,2.79802973,28551.09536,8.326751736,10204,8.391442177,28547.68629,12.69080729,3402,1.480818155,327.2,0.054957096,560.837163,0.591103497,10205,1.45909055,555.9134996,2.707204374,381
"KCAE20120706_102632",29022.27,"2012","07","06",0.531798497,27716.8,2.99549985,30551.10297,8.446348084,10199,8.117958364,30547.87733,12.32062002,3763,1.482324104,1305.47,0.184099933,1878.371619,0.684974915,10203,1.738217334,1873.798286,1.3195973,1078
"KCAE20120706_103218",28213.58,"2012","07","06",0.531817647,26473.48,2.771984035,28279.78113,7.331561744,10202,6.861619366,28276.73341,10.24800485,4121,1.483272192,1740.1,0.252550978,2577.030179,0.927403502,10204,2.25656791,2572.487418,1.783054785,1140
"KCAE20120706_103805",23145.28,"2012","07","06",0.531765419,20425.15,2.085542147,21276.70098,4.863803745,10202,4.97864017,21273.72945,6.48716779,4273,1.475630196,2720.13,0.406770024,4151.088099,1.269906516,10205,2.469812374,4146.814977,2.170103765,1679
"KCAE20120706_104351",18890.76,"2012","07","06",0.531142444,15146.09,1.57194613,16036.99441,3.706828854,10202,3.97272153,16033.90409,5.019878992,4036,1.481463637,3744.67,0.568496362,5798.094397,1.568215167,10199,2.763010862,5794.033778,2.429064681,2097
"KCAE20120706_104937",17430.95,"2012","07","06",0.531760034,11788.96,1.252134328,12774.27442,3.071476017,10202,3.487437644,12770.99665,4.300032954,3662,1.481461276,5641.99,0.812319075,8286.466889,1.970798774,10201,2.958127715,8282.757602,2.793799985,2800
"KCAE20120706_105524",16305.78,"2012","07","06",0.53176702,11831.06,1.258341515,12843.89184,3.220004032,10207,3.516047798,12840.60656,4.587443404,3652,1.479346866,4474.72,0.692962761,7072.37794,1.756337202,10206,2.651387467,7068.598988,2.572685883,2666
"KCAE20120706_110110",12877.79,"2012","07","06",0.531507636,9201.44,1.099678886,11220.02368,2.90362333,10203,3.25970202,11216.63465,4.238146499,3441,1.48104444,3676.35,0.586711275,5987.975271,1.68104721,10206,2.457527945,5984.080545,2.692519558,2435
"KCAE20120706_110657",8702.5,"2012","07","06",0.537469197,6303.93,0.884762945,9027.236331,2.157622696,10203,2.772274679,9023.754082,3.059759859,3255,1.475199627,2398.57,0.395560258,4035.901311,1.175468073,10203,2.052837082,4031.772029,1.943709809,1964
"KCAE20120706_111244",7558.45,"2012","07","06",0.537206574,5146.87,0.764500152,7800.95955,1.918317292,10204,2.588763284,7797.355012,2.783256802,3012,1.47476461,2411.58,0.389529724,3974.371779,1.349932832,10203,2.19467375,3970.164813,2.513922761,1809
"KCAE20120706_111833",7245.02,"2012","07","06",0.531819223,5168.92,0.828529048,8456.795994,4.093003171,10207,2.710241609,8453.243579,7.052314535,3119,1.482347255,2076.1,0.322461183,3290.071452,1.250075064,10203,2.209618765,3285.703104,2.560612004,1487
"KCAE20120706_112419",5325.68,"2012","07","06",0.531755621,3832.35,0.624318103,6368.668972,1.648662945,10201,2.275637534,6364.958181,2.481422297,2797,1.481991805,1493.33,0.228082684,2326.899546,1.01936826,10202,1.988332038,2322.371821,2.362419075,1168
"KCAE20120706_113005",4244.4,"2012","07","06",0.531470621,3172.6,0.523248024,5339.222837,1.501734037,10204,2.204678345,5335.321596,2.409239283,2420,1.480988039,1071.8,0.15282221,1559.397833,0.64661213,10204,1.678993324,1554.747818,1.430873979,926
"KCAE20120706_113551",3562.17,"2012","07","06",0.53287677,2853.51,0.443553736,4523.804549,1.264706412,10199,1.995509108,4519.82813,2.026623895,2265,1.475500259,708.66,0.100116188,1021.585578,0.479204263,10204,1.601243649,1016.789717,1.135274871,635
"KCAE20120706_114137",3038.53,"2012","07","06",0.531362416,2085.47,0.366444717,3739.201895,0.957182429,10204,1.760203251,3735.151299,1.39770701,2122,1.482942131,953.06,0.122361759,1248.212302,0.546053255,10201,1.722245912,1243.461548,1.208247723,722
"KCAE20120706_114723",2916.41,"2012","07","06",0.531314206,2133.85,0.380775811,3884.674824,1.022154265,10202,1.776044305,3880.656806,1.549690954,2185,1.48495341,782.56,0.104519544,1066.517431,0.480501627,10204,1.532107705,1061.75064,1.102047712,693
"KCAE20120706_115309",2730.95,"2012","07","06",0.531620159,1981.24,0.343547012,3505.210163,0.886115744,10203,1.686482184,3501.137014,1.263046419,2076,1.48235487,749.71,0.094241824,961.6435737,0.466590947,10204,1.658264548,956.8186442,1.122088713,577
"KCAE20120706_115854",3071.9,"2012","07","06",0.531990031,1890.87,0.30654777,3127.706899,1.088281684,10203,1.68747757,3123.520983,2.04948619,1851,1.479451446,1181.03,0.139943208,1427.700605,0.590501518,10202,1.794432452,1422.984935,1.232632796,793
"KCAE20120706_120440",3485.08,"2012","07","06",0.531938248,2614.11,0.427672385,4365.679709,1.10231025,10208,1.89146545,4361.719328,1.616004461,2306,1.482251333,870.97,0.108057867,1102.406362,0.535140218,10202,1.630951782,1097.630549,1.363998578,673
"KCAE20120706_121026",3897.19,"2012","07","06",0.53173322,3051.5,0.48227308,4920.632236,1.394191043,10203,2.086884304,4916.69942,2.25194717,2356,1.483804732,845.69,0.107794461,1099.719092,0.483832344,10202,1.54437422,1094.961322,1.073237236,709
"KCAE20120706_121612",3551.17,"2012","07","06",0.531093958,2663.72,0.420340714,4289.576985,1.109323047,10205,1.96135353,4285.557464,1.651202071,2185,1.481279804,887.45,0.117658344,1200.232763,0.543216906,10201,1.609007448,1195.492534,1.286212197,743
"KCAE20120706_122159",3503.66,"2012","07","06",0.531329335,2327.28,0.37464701,3823.647387,1.074753328,10206,1.875087476,3819.553189,1.724984159,2037,1.481767678,1176.38,0.146822281,1497.73409,0.571774278,10201,1.628223629,1493.081068,1.10747359,917
"KCAE20120706_122744",3102.46,"2012","07","06",0.530878763,2081.11,0.35081481,3578.311066,0.930915157,10200,1.805147125,3574.191307,1.356560165,1980,1.48402127,1021.35,0.138397596,1411.793881,0.555669772,10201,1.554845132,1407.134845,1.13128897,905
"KCAE20120706_123330",2886.21,"2012","07","06",0.531400381,1995.92,0.334931737,3418.313311,0.946452282,10206,1.81121641,3414.142932,1.475651693,1885,1.480778933,890.29,0.123092225,1255.909975,0.492408426,10203,1.478983884,1251.220366,0.959347889,846
"KCAE20120706_123920",2361.81,"2012","07","06",0.531508305,1474.05,0.265759712,2711.812097,0.760055775,10204,1.645910295,2707.522435,1.145834259,1645,1.481155804,887.76,0.122285834,1247.682364,0.519689518,10203,1.547909345,1242.971204,1.107609321,803
"KCAE20120706_124507",2216.03,"2012","07","06",0.531482738,1021.97,0.189887782,1937.235149,0.618997439,10202,1.453224523,1932.788616,1.0508774,1330,1.482052004,1194.06,0.159640625,1629.292219,0.586719209,10206,1.588162088,1624.689816,1.080330969,1023
"KCAE20120706_125053",2588.04,"2012","07","06",0.537051984,1383.99,0.249394203,2543.571476,0.708231032,10199,1.532462483,2539.290334,1.059295655,1657,1.475948859,1204.05,0.166474307,1698.8703,0.608917267,10205,1.61513959,1694.28143,1.126433139,1049
"KCAE20120706_125640",2337.24,"2012","07","06",0.532055099,1115.46,0.206361871,2105.303807,0.637406589,10202,1.473285685,2100.905388,1.020407112,1426,1.48285782,1221.78,0.173043246,1766.598503,0.582346865,10209,1.497087323,1762.07178,0.980046533,1177
"KCAE20120707_100406",10940.5,"2012","07","07",0.52717902,9037.12,0.910874945,9294.567941,3.238669914,10204,4.771663913,9290.429638,6.046856726,1947,1.535777021,1903.38,0.351413976,3585.828209,0.570017797,10204,0.993764459,3582.520874,0.530712744,3605
"KCAE20120707_101343",24535.2,"2012","07","07",0.521806443,22389.55,2.307745436,23548.23443,7.381638768,10204,8.659243486,23544.48304,12.22810263,2719,1.535567318,2145.65,0.386112212,3940.275119,0.581428439,10205,1.000796181,3937.132174,0.511916045,3934
"KCAE20120707_102320",28733.5,"2012","07","07",0.524325067,26048.84,2.64591951,27001.6086,7.367570026,10205,7.340494113,26998.33735,10.7780936,3678,1.534277387,2684.66,0.458546095,4678.545811,0.718391037,10203,1.097036194,4675.568257,0.731682507,4262
"KCAE20120707_103256",23734.72,"2012","07","07",0.52350957,19881.59,1.991077525,20318.94615,4.549134088,10205,4.528773932,20316.07986,5.965668687,4486,1.535380542,3853.13,0.633839618,6467.065626,1.002233239,10203,1.369848933,6464.317115,1.078869557,4719
"KCAE20120707_104234",20598.05,"2012","07","07",0.523209747,14220.23,1.432141545,14615.00447,3.089912311,10205,3.327736408,14612.09057,3.985419057,4391,1.536389646,6377.82,1.000884639,10213.02685,1.651445792,10204,1.960922301,10210.52242,1.860811036,5207
"KCAE20120707_105212",14582.5,"2012","07","07",0.525925378,8007.91,0.838607277,8557.987267,2.221723569,10205,2.545999,8554.55664,3.263025861,3360,1.536910754,6574.59,1.061505385,10831.60095,1.598687001,10204,2.037852868,10829.15014,1.708385201,5314
"KCAE20120707_110149",10590.06,"2012","07","07",0.524397945,4487.05,0.534058984,5448.469752,1.565859609,10202,2.10137214,5444.655216,2.522528137,2591,1.535182162,6103.01,0.97460602,9944.879831,1.592564218,10204,1.857360092,9942.448572,1.787637133,5353
"KCAE20120707_111126",7910.57,"2012","07","07",0.524270335,2679.32,0.386649152,3944.594644,1.185599929,10202,1.729860947,3940.623237,1.993340796,2278,1.53582031,5231.25,0.797064204,8134.040199,1.314191068,10205,1.543870388,8131.565336,1.481149932,5267
"KCAE20120707_112102",6274.64,"2012","07","07",0.523335458,1831.1,0.288590354,2944.487383,0.960332289,10203,1.550803809,2940.324021,1.734114639,1896,1.535825788,4443.54,0.652808911,6660.609323,1.018832752,10203,1.359320238,6657.950525,1.096497733,4898
"KCAE20120707_113039",8330.67,"2012","07","07",0.523465906,3976.96,0.529844649,5405.475104,9.643079987,10202,3.273447849,5401.188951,23.79623747,1650,1.53537434,4353.71,0.616906318,6296.145883,0.770097998,10206,1.210082184,6293.637441,0.668004646,5201
"KCAE20120707_114016",7971.66,"2012","07","07",0.524381792,3652.36,0.526318414,5369.500464,1.509304672,10202,2.112464711,5365.660367,2.408562652,2540,1.535028498,4319.3,0.58338275,5953.420962,0.793047639,10205,1.251459409,5950.689491,0.71694755,4755
"KCAE20120707_114954",4781.1,"2012","07","07",0.524985076,677.88,0.116298568,1186.594292,0.43542467,10203,1.012909652,1182.065564,0.866231302,1167,1.535797478,4103.22,0.587886106,5998.789826,0.758805474,10204,1.203567368,5996.172626,0.662250875,4982
"KCAE20120707_115931",6121.69,"2012","07","07",0.525775428,1012.22,0.137270901,1400.574999,1.076949062,10203,1.383515445,1395.967084,3.164377334,1009,1.535118057,5109.47,0.71719267,7316.799624,0.898454188,10202,1.383718461,7314.335787,0.797467948,5286
"KCAE20120707_120906",4985.69,"2012","07","07",0.524048067,779.08,0.133839894,1365.702278,1.42637022,10204,1.260305043,1361.129446,4.221143095,1080,1.535240341,4206.61,0.601911663,6144.314257,0.735250125,10208,1.178850158,6141.809323,0.615891556,5210
"KCAE20120707_121843",4698.09,"2012","07","07",0.523414679,545.73,0.091753465,936.4358646,0.380254867,10206,1.015011806,931.7808376,0.819427222,918,1.534643827,4152.36,0.609528555,6219.629379,0.781347384,10204,1.229394852,6217.049768,0.685634846,5057
"KCAE20120707_122820",5239.85,"2012","07","07",0.522000258,495.62,0.087798371,895.8067844,0.358026899,10203,0.963412724,891.1567692,0.755801441,925,1.53418256,4744.23,0.663812814,6770.890707,0.816754457,10200,1.270116236,6768.449424,0.71206808,5329
"KCAE20120707_123756",5082.93,"2012","07","07",0.524213567,663.03,0.093077115,949.6658073,0.399593859,10203,1.120966423,944.9746948,0.884084546,843,1.537115225,4419.9,0.63716215,6500.965414,0.806424965,10203,1.248024099,6498.461483,0.715680855,5207
"KCAE20120707_124733",4728.62,"2012","07","07",0.525190412,731.19,0.096472907,984.4095384,0.443266244,10204,1.193309255,979.7068986,1.065311853,821,1.534910076,3997.43,0.592055647,6041.927876,0.774635897,10205,1.216619894,6039.301154,0.688502977,4964
"KCAE20120707_125710",4706.48,"2012","07","07",0.523317296,613.83,0.078347973,799.3060178,0.352207282,10202,1.079567635,794.5617795,0.799891304,736,1.534555733,4092.65,0.607698809,6200.350953,0.810896888,10203,1.234366421,6197.7538,0.750299927,5021
"KCAE20120708_100114",3731.23,"2012","07","08",0.523872768,3278.71,0.297533485,3035.734146,1.368158157,10203,3.691878207,3031.032008,3.277735623,821,1.536270496,452.52,0.095352578,972.8823486,0.360101786,10203,1.010698197,968.2488726,0.675812987,958
"KCAE20120708_101051",12207.73,"2012","07","08",0.527554259,11766.37,1.106313544,11287.71709,3.498630433,10203,6.346172435,11283.49459,6.083153981,1778,1.53704749,441.36,0.091008633,928.6520955,0.340963918,10204,0.958528138,924.0211254,0.632272247,964
"KCAE20120708_102027",22088.7,"2012","07","08",0.524759745,21711.75,2.007196871,20481.43687,4.906306483,10204,7.147559742,20477.75866,7.000331397,2865,1.536493927,376.95,0.075771804,773.0997196,0.283820607,10203,0.868282098,768.4296569,0.491070039,885
"KCAE20120708_103004",26890.37,"2012","07","08",0.524000483,26225.08,2.317740838,23652.54525,5.794174967,10205,7.123221258,23649.09458,8.30526634,3320,1.53500673,665.29,0.113048782,1153.775869,0.416541472,10206,0.960117522,1149.260673,0.81665474,1197
"KCAE20120708_103939",16920.97,"2012","07","08",0.523182817,15452.91,1.299229783,13253.44302,4.173191422,10201,5.349039906,13249.57185,7.076353407,2477,1.536131401,1468.06,0.221913388,2263.960384,0.638532858,10202,1.245731216,2259.756426,1.009209267,1814
"KCAE20120708_104916",8917.43,"2012","07","08",0.523913147,6917.87,0.581202096,5930.004985,2.083913699,10203,3.71283914,5925.691267,4.017951755,1596,1.536653968,1999.56,0.307121972,3133.872599,0.795268716,10204,1.369760918,3129.903698,1.170299875,2285
"KCAE20120708_105852",5157.07,"2012","07","08",0.525194719,2841.55,0.263593781,2689.710941,1.206342456,10204,2.547557,2685.125078,2.87711589,1054,1.536338847,2315.52,0.357213229,3645.718211,0.978289529,10206,1.552997176,3641.778378,1.519683792,2345
"KCAE20120708_110829",3083.21,"2012","07","08",0.523233029,1287.84,0.15184082,1549.383723,0.821918786,10204,1.804554469,1544.698625,2.253108624,856,1.535562764,1795.37,0.294011988,3000.098323,0.872084867,10204,1.400680808,2996.056248,1.44193063,2139
"KCAE20120708_111806",2142.28,"2012","07","08",0.527165561,762.87,0.119624085,1220.644168,0.576523689,10204,1.479248211,1215.942029,1.455220641,822,1.534676666,1379.41,0.230292938,2349.909143,0.783718493,10204,1.299556604,2345.699671,1.443624298,1805
"KCAE20120708_112742",1448.75,"2012","07","08",0.524488942,570.86,0.085657148,873.8742261,0.497314482,10202,1.413120885,869.0693441,1.493569129,615,1.535530176,877.89,0.145830864,1488.203966,0.579935966,10205,1.131766901,1483.746407,1.226188926,1311
"KCAE20120708_113719",988.1,"2012","07","08",0.52286417,436.02,0.066485104,678.4804881,0.403079628,10205,1.310551523,673.6234826,1.264421314,514,1.535690115,552.08,0.093254125,951.4718341,0.423036536,10203,0.996667735,946.8343486,1.011418537,950
"KCAE20120708_114657",544.13,"2012","07","08",0.532157403,231.13,0.039505987,403.0400833,0.285536714,10202,1.206340494,398.0923629,1.056726902,330,1.537157129,313,0.053776313,548.6259433,0.258947482,10202,0.870121717,543.8260732,0.620589042,625
"KCAE20120708_115633",351.27,"2012","07","08",0.523134388,139.47,0.022600301,230.6360761,0.190927864,10205,1.025598735,225.6317216,0.815862504,220,1.5299404,211.8,0.037806269,385.7751737,0.177759105,10204,0.697682614,380.9347074,0.361465472,546
"KCAE20120708_120609",378.53,"2012","07","08",0.525922807,106.49,0.017818359,181.7828956,0.16478211,10202,0.950338733,176.7630043,0.778914859,186,1.535082032,272.04,0.050470102,514.9969169,0.242406652,10204,0.922531571,510.1599589,0.529713453,553
"KCAE20120708_121547",412.29,"2012","07","08",0.526518483,184.38,0.030835814,314.6486483,0.238587704,10204,1.155480791,309.6688519,0.933520691,268,1.536203567,227.91,0.040372123,411.9975141,0.201503743,10205,0.830874449,407.1284802,0.435347392,490
"KCAE20120708_122522",318.8,"2012","07","08",0.523877075,123.23,0.022077991,225.2617407,0.182204178,10203,0.974607946,220.2613957,0.757164323,226,1.543154397,195.57,0.033323115,340.0623854,0.183940618,10205,0.87732781,335.1392232,0.4051706,382
"KCAE20120708_123459",273.83,"2012","07","08",0.524062064,56.46,0.010029785,102.3439248,0.10651896,10204,0.868624493,97.28594325,0.539312081,112,1.538596917,217.37,0.034528585,352.2606243,0.187738982,10202,0.87492817,347.3464834,0.413781093,397
"KCAE20120708_124435",276.24,"2012","07","08",0.527148296,88.52,0.01648639,168.1941481,0.128795985,10202,0.788332279,163.1847817,0.458707019,207,1.544302623,187.72,0.028306547,288.8400058,0.170987387,10204,0.904086828,283.883264,0.398961797,314
"KCAE20120708_125412",158.49,"2012","07","08",0.524048067,40.2,0.00794497,81.07047012,0.083220915,10204,0.703800776,76.01048381,0.40796346,108,1.543999582,118.29,0.01681838,171.5979292,0.129764596,10203,0.867606999,166.5805438,0.397287857,192
"KCAE20120709_100815",5894.66,"2012","07","09",0.523410061,5591.44,0.541494518,5523.785576,2.237341119,10201,4.858487952,5519.242314,4.898441444,1136,1.543318573,303.22,0.061787127,630.5376283,0.196989919,10205,0.576397147,625.9673019,0.261363945,1086
"KCAE20120709_101750",13713.82,"2012","07","09",0.524008768,13410.3,1.264868358,12906.71673,3.458036534,10204,6.112108299,12902.66062,5.308960529,2111,1.535333435,303.52,0.061225616,624.8686319,0.195870218,10206,0.586279557,620.283771,0.250094116,1058
"KCAE20120709_102726",19522.92,"2012","07","09",0.523730095,18860.73,1.695656099,17300.77918,4.007517575,10203,6.363880718,17297.02779,5.530591445,2718,1.544580502,662.19,0.104948296,1070.78746,0.348769725,10203,0.823415355,1066.322884,0.606076266,1295
"KCAE20120709_103703",19109.57,"2012","07","09",0.524340382,17000.77,1.439902146,14692.76149,4.109810922,10204,5.835879566,14688.90887,6.544687791,2517,1.544757285,2108.8,0.29932983,3054.960243,1.074761872,10206,1.758336995,3050.714686,2.057167836,1735
"KCAE20120709_104640",11856.77,"2012","07","09",0.522887855,9266.83,0.763801552,7794.594838,2.471460885,10205,4.764709274,7790.299664,4.367052407,1635,1.544381837,2589.94,0.376041442,3836.750829,1.094355913,10203,1.826829698,3832.688706,1.782013212,2098
"KCAE20120709_105616",6771.77,"2012","07","09",0.524891339,4078.84,0.347147485,3542.64008,1.47387559,10205,3.562963891,3538.023143,3.298064441,993,1.545205031,2692.93,0.403419119,4116.085273,1.071182047,10203,1.84564107,4112.088305,1.610634459,2228
"KCAE20120709_110552",3310.4,"2012","07","09",0.523759707,1154.94,0.129468108,1320.96311,0.650900878,10203,1.979222235,1316.182786,1.686365962,665,1.543660398,2155.46,0.343546967,3505.209703,1.026556517,10203,1.696284176,3501.13054,1.707720187,2064
"KCAE20120709_111528",1992.47,"2012","07","09",0.523524642,640.83,0.096168382,981.3983368,0.581741177,10205,1.782040824,976.5583717,1.817735299,548,1.545774321,1351.64,0.22600937,2305.747595,0.829300574,10202,1.546626512,2301.38025,1.635470297,1488
"KCAE20120709_112504",1268.33,"2012","07","09",0.521808058,560.64,0.085647443,873.9465039,0.557759764,10204,1.803058012,869.0739616,1.869978429,482,1.546326491,707.69,0.119986388,1224.221113,0.585956737,10203,1.278391648,1219.585632,1.481111642,954
"KCAE20120709_113441",680.65,"2012","07","09",0.528115646,331.26,0.050867568,519.1035304,0.351747565,10205,1.562777524,514.1538053,1.216500774,329,1.534208695,349.39,0.059391085,606.0860251,0.353271158,10205,1.087248763,601.2485659,1.089933635,553
"KCAE20120709_114417",385.65,"2012","07","09",0.524312092,227.71,0.037104016,378.5722755,0.30388977,10203,1.310882458,373.6015005,1.281560486,285,1.536990212,157.94,0.026698569,272.3788045,0.259067046,10202,1.005259429,267.3990081,1.263585582,266
"KCAE20120709_115353",192.3,"2012","07","09",0.524581824,139.02,0.023414014,238.8931854,0.189633247,10203,1.030367143,233.8933415,0.762699808,227,1.54316881,53.28,0.009493945,96.85722606,0.097013634,10202,0.655816287,91.81428012,0.513920765,140
"KCAE20120709_120329",224.52,"2012","07","09",0.523806473,170.48,0.033662223,343.6576388,0.202568453,10209,0.864126234,338.7374838,0.593504301,392,1.544998828,54.04,0.010388833,105.9972611,0.087084118,10203,0.564096985,100.9733602,0.34761009,179
"KCAE20120709_121305",163.2,"2012","07","09",0.52290508,116.04,0.023748982,242.3583658,0.168991995,10205,0.86635429,237.3810754,0.578953184,274,1.534992736,47.16,0.00950827,97.04140771,0.070529096,10206,0.467132105,92.02502469,0.210630908,197
"KCAE20120709_122241",192.7,"2012","07","09",0.523841495,122.96,0.023791193,242.8129156,0.16189598,10206,0.852464623,237.8376299,0.503592659,279,1.5433126,69.74,0.013666004,139.4342394,0.087549784,10203,0.515139601,134.451436,0.204184317,261
"KCAE20120709_123216",201.8,"2012","07","09",0.524422175,121.77,0.023788122,242.6864229,0.168069008,10202,0.776884556,237.726674,0.598451522,306,1.535721109,80.03,0.015145808,154.5175291,0.104214239,10202,0.572931903,149.5352268,0.324945866,261
"KCAE20120709_124153",269.92,"2012","07","09",0.525085754,179.7,0.0365148,372.5605071,0.218139815,10203,0.875374744,367.6573924,0.650363353,420,1.535645129,90.22,0.01599053,163.1673692,0.105085495,10204,0.603757884,158.1845657,0.275241379,262
"KCAE20120709_125129",342.95,"2012","07","09",0.524251019,257.39,0.051872037,529.3022612,0.240339451,10204,0.864073093,524.4923674,0.519599757,607,1.544734792,85.56,0.01559775,159.1750397,0.097060344,10205,0.566899805,154.1967469,0.203249445,272
"KCAE20120710_100204",13087.53,"2012","07","10",0.537413564,13083.39,1.373524489,14011.32331,8.597568457,10201,19.61704279,14006.56855,26.44009103,714,1.480450782,4.14,0.000501187,5.114114532,0,10204,NA,0,NA,0
"KCAE20120710_100749",16940.16,"2012","07","10",0.531464565,16936.03,1.748838729,17843.40155,7.567880774,10203,15.06662276,17838.88134,17.12000401,1184,1.482506079,4.13,0.000501187,5.113613345,0,10203,NA,0,NA,0
"KCAE20120710_101336",14654.09,"2012","07","10",0.532050253,14649.96,1.475418431,15052.21883,4.865128271,10202,9.517962108,15047.89809,8.730685375,1581,1.480546094,4.13,0.000501187,5.113112157,0,10202,NA,0,NA,0
"KCAE20120710_101921",23705.62,"2012","07","10",0.531352974,23691.72,2.316399244,23631.90509,6.943748497,10202,11.16628189,23627.85249,11.56242058,2116,1.478426569,13.9,0.001302084,13.28776334,0.058653489,10205,4.087074998,8.174149996,1.307860938,2
"KCAE20120710_102507",20552.53,"2012","07","10",0.532034874,20541.75,1.967433243,20077.65624,5.194780972,10205,8.305235001,20073.753,7.83064738,2417,1.472816789,10.78,0.00140919,14.37655978,0.033723766,10202,1.15843214,9.267457119,0.35526617,8
"KCAE20120710_103054",16875.66,"2012","07","10",0.531385676,16761.63,1.551876738,15830.6946,4.246561864,10201,6.652700428,15826.77432,6.588213303,2379,1.476835623,114.03,0.015606853,159.2055055,0.161318567,10201,1.388725462,154.1485263,0.699699392,111
"KCAE20120710_103640",14037.8,"2012","07","10",0.531749479,13351.05,1.187702842,12119.3198,3.568133064,10204,5.687921696,12115.27321,5.950463597,2130,1.483914889,686.75,0.093538586,954.5612693,0.494033883,10205,1.895604288,949.6977484,1.248614993,501
"KCAE20120710_104227",9673.78,"2012","07","10",0.53140333,7550.98,0.662208653,6757.17709,2.308197035,10204,4.212642782,6752.866379,4.355211174,1603,1.482080963,2122.8,0.275138485,2807.788244,0.999454869,10205,2.502888355,2803.234958,1.878627782,1120
"KCAE20120710_104814",6674.41,"2012","07","10",0.531760995,4054.07,0.34877691,3559.617148,1.461760452,10206,3.418291602,3555.023266,3.238197261,1040,1.480223604,2620.34,0.348279475,3553.843759,1.197916868,10204,2.613704166,3549.410257,2.205702806,1358
"KCAE20120710_105359",5063.63,"2012","07","10",0.531720409,2551.07,0.218996599,2234.641299,1.138117813,10204,3.399170676,2229.855964,3.058160247,656,1.479364181,2512.56,0.341220964,3480.112609,1.190156206,10199,2.51134006,3475.694643,2.234290919,1384
"KCAE20120710_105946",4051.84,"2012","07","10",0.53117599,1662.07,0.153690367,1568.102814,0.819334351,10203,2.654133106,1563.2844,2.23626844,589,1.484297181,2389.77,0.32626299,3329.187546,1.100093943,10204,2.358000074,3324.780105,1.992550984,1410
"KCAE20120710_110532",3182.81,"2012","07","10",0.531694457,851.02,0.094138263,960.4926935,0.563724204,10203,1.954241637,955.6241607,1.732605885,489,1.474783454,2331.79,0.308491232,3147.536036,1.067441568,10203,2.349097916,3143.093011,1.974412227,1338
"KCAE20120710_111117",2098.98,"2012","07","10",0.531321596,774.56,0.08680433,885.4909703,1.28413853,10201,2.709357677,880.5412452,6.692330413,325,1.475749671,1324.42,0.17852309,1821.292564,0.745486678,10202,2.05500283,1816.622502,1.600249753,884
"KCAE20120710_111704",1236,"2012","07","10",0.531449485,479.57,0.056605403,577.3185039,0.585680623,10199,2.543642944,572.3196624,3.043608794,225,1.473656609,756.43,0.110556168,1128.004583,0.568720707,10203,1.847361335,1123.195691,1.49106351,608
"KCAE20120710_112251",632.32,"2012","07","10",0.531880013,222.18,0.031825238,324.6492539,0.448025427,10201,2.062027916,319.614327,3.013701444,155,1.485729941,410.14,0.062304408,635.6918726,0.369206599,10203,1.557484543,630.78124,1.052863106,405
"KCAE20120710_112837",485.33,"2012","07","10",0.531635772,160.82,0.027131068,276.8182845,0.253474191,10203,1.526931924,271.7938824,1.1836148,178,1.476630862,324.51,0.051842554,529.0532643,0.343332702,10205,1.648107,524.0980261,1.075209292,318
"KCAE20120710_113424",401.04,"2012","07","10",0.531239676,149.83,0.022829238,232.9495395,0.263148538,10204,1.442497548,227.9146126,1.562045796,158,1.474241166,251.21,0.037997607,387.6135862,0.309244104,10201,1.747080983,382.6107352,1.214815814,219
"KCAE20120710_114011",330.26,"2012","07","10",0.531868451,112.48,0.019314417,197.0843126,0.186907218,10204,1.342950125,192.0418679,0.848926975,143,1.477163663,217.78,0.035193731,359.0816337,0.321825967,10203,1.788218462,354.0672554,1.487897656,198
"KCAE20120710_114558",265.9,"2012","07","10",0.531210227,102.98,0.01887983,192.6686666,0.252422945,10205,1.769879026,187.6071767,1.750550332,106,1.481008824,162.92,0.027394055,279.501546,0.362763694,10203,1.932810572,274.4591012,2.411165478,142
"KCAE20120710_115144",180.93,"2012","07","10",0.530981639,88.25,0.015451058,157.6935004,0.214949952,10206,1.641128967,152.6249939,1.5585083,93,1.474690648,92.68,0.01385594,141.413721,0.17097339,10206,1.498288045,136.3442121,1.032717647,91
"KCAE20120710_115731",119.82,"2012","07","10",0.531241986,59.02,0.010164166,103.725317,0.193000193,10205,1.541293394,98.64277722,1.906978945,64,1.474570017,60.8,0.009269908,94.59013819,0.165917826,10204,1.754933024,89.50158421,1.579117389,51
"KCAE20120710_120317",112.98,"2012","07","10",0.531536553,59.14,0.009633732,98.32186546,0.202874475,10206,1.695169343,93.23431385,2.206533374,55,1.490210093,53.84,0.007978226,81.41779989,0.134585912,10205,1.734664464,76.3252364,1.111014067,44
"KCAE20120710_120903",64.18,"2012","07","10",0.531703071,36.51,0.0065436,66.76434814,0.102108294,10203,1.233515883,61.67579415,0.791838034,50,1.481210181,27.67,0.004144261,42.28389245,0.131029214,10203,2.186988193,37.17879929,2.424068097,17
"KCAE20120710_121449",308.2,"2012","07","10",0.531801393,283.9,0.039333461,401.2406332,1.599172125,10201,4.401923657,396.1731291,16.54304597,90,1.474660407,24.3,0.00372958,38.04917927,0.082461406,10202,1.568885336,32.94659205,0.943809722,21
"KCAE20120710_122035",57.59,"2012","07","10",0.53102901,52.35,0.009158988,93.44915353,0.124593835,10203,1.380744003,88.36761616,0.768551581,64,1.480542837,5.24,0.000765064,7.806713873,0.013780703,10204,0.673651023,2.69460409,0.204789954,4
"KCAE20120710_122622",79.34,"2012","07","10",0.531110845,62.8,0.011309218,115.3879517,0.161145553,10203,1.598680003,110.3089202,1.149668386,69,1.473465511,16.54,0.002313407,23.61294623,0.065855306,10207,1.682076472,18.5028412,1.148542145,11
"KCAE20120710_123211",75.46,"2012","07","10",0.531361733,42.56,0.006659414,67.94599705,0.156434577,10203,1.745845179,62.85042645,2.002740122,36,1.497739409,32.9,0.002835805,28.9450624,0.108039152,10207,2.979181725,23.8334538,2.624185345,8
"KCAE20120710_123758",64.35,"2012","07","10",0.532028336,49.49,0.008178404,83.45243584,0.121969396,10204,1.478582721,78.36488423,0.838912609,53,1.497858553,14.86,0.001926455,19.65369197,0.054489146,10202,1.818073664,14.54458931,0.744467135,8
"KCAE20120710_124344",48.1,"2012","07","10",0.530976248,38.43,0.006027235,61.49587645,0.112118802,10203,1.446200241,56.4018094,1.112669978,39,1.479525019,9.67,0.001061323,10.83186437,0.031188855,10206,1.429688053,5.718752211,0.765889764,4
"KCAE20120710_124931",46.64,"2012","07","10",0.531859646,33.43,0.006097038,62.20198385,0.088272382,10202,1.00206034,57.11743936,0.635664826,57,1.469931828,13.21,0.001549951,15.81260179,0.043606063,10202,1.337937391,10.70349913,0.853431999,8
"KCAE20120710_125517",31.97,"2012","07","10",0.531858318,25.5,0.004835569,49.34698481,0.074385249,10205,1.005782303,44.25442133,0.532352687,44,1.476681807,6.47,0.00096685,9.864766876,0.025176873,10203,1.18828957,4.75315828,0.524607578,4
"KCAE20120711_100337",2363.15,"2012","07","11",0.534959725,2353.08,0.264201852,2697.76511,2.156027761,10211,7.067817427,2692.83844,8.757101537,381,0.904454335,10.07,0.001324873,13.51767943,0.037352474,10203,1.051009448,8.408075587,0.879308713,8
"KCAE20120711_100758",3064.86,"2012","07","11",0.536271757,3035.02,0.334729053,3414.236339,2.0332923,10200,5.543792617,3409.432459,6.304844348,615,0.899444831,29.84,0.003295934,33.65807433,0.092388944,10212,1.784248081,28.5479693,1.556275913,16
"KCAE20120711_101216",2966.67,"2012","07","11",0.537635361,2914.35,0.333732568,3406.742053,1.953149682,10208,4.873890778,3401.975763,5.805760655,698,0.890250325,52.32,0.005470888,55.86323608,0.131920436,10211,1.812844517,50.75964648,1.784380397,28
"KCAE20120711_101635",4417.87,"2012","07","11",0.539657036,3923.02,0.429183432,4375.954268,2.612921246,10196,4.824832493,4371.298239,7.462037404,906,0.885573328,494.85,0.047171193,481.1933426,0.741829697,10201,4.491828844,476.1338574,5.771159322,106
"KCAE20120711_102054",7169.37,"2012","07","11",0.535166907,6088.42,0.62961021,6425.801808,4.148426832,10206,6.138824984,6421.210933,11.58490381,1046,0.887982334,1080.95,0.112437349,1146.523651,0.98912094,10197,3.635574578,1141.570418,4.361465792,314
"KCAE20120711_102512",11433.38,"2012","07","11",0.535169517,8915.9,0.969035837,9888.041676,5.233866724,10204,5.783372786,9883.784091,11.6525298,1709,0.898871012,2517.48,0.260495599,2656.794611,1.6875073,10199,4.006064635,2652.014789,5.376672305,662
"KCAE20120711_102930",12025.77,"2012","07","11",0.536426011,8746.78,0.976472384,9966.853625,4.017736121,10207,4.748708054,9962.789497,7.787390181,2098,0.903123686,3278.99,0.345703821,3525.141861,1.779785026,10197,3.76121834,3520.500366,4.656601999,936
"KCAE20120711_103349",10519.74,"2012","07","11",0.535902854,7068.88,0.813618062,8298.904234,2.95045805,10200,3.76185816,8294.897242,5.402672588,2205,0.904811824,3450.86,0.353836783,3610.196702,1.813146662,10203,3.671665228,3605.575254,4.689985007,982
"KCAE20120711_103809",8970.88,"2012","07","11",0.537135491,5894.43,0.703374053,7183.559205,2.203511098,10213,3.189501889,7179.568752,3.755733302,2251,0.90235798,3076.45,0.305611355,3122.431215,1.65003404,10217,3.60849955,3117.743611,4.50544659,864
"KCAE20120711_104229",7307.41,"2012","07","11",0.534991771,4634.19,0.553379324,5648.342763,2.122993621,10207,2.938151965,5644.189925,4.11689029,1921,0.89747794,2673.22,0.261975153,2670.836689,1.453422186,10195,3.453515546,2666.114002,4.110408387,772
"KCAE20120711_104648",4247.78,"2012","07","11",0.536199406,2605.73,0.344293517,3515.925391,1.232238194,10212,2.299654604,3511.57258,2.379411261,1527,0.889748744,1642.05,0.160713012,1638.790583,1.214699434,10197,3.166547653,1633.938589,4.435858354,516
"KCAE20120711_105106",4199.83,"2012","07","11",0.536126024,2402.2,0.328126231,3345.575049,1.15218463,10196,2.145950734,3341.245293,2.189860872,1557,0.900071627,1797.63,0.188722795,1924.972506,1.11381039,10200,2.66697396,1920.221251,3.313627977,720
"KCAE20120711_105525",3003.24,"2012","07","11",0.535217285,2064.61,0.309505734,3156.958487,1.185427081,10200,2.093360667,3152.601165,2.405638335,1506,0.901078707,938.63,0.103771695,1058.471292,0.721533709,10200,2.222777943,1053.596745,2.550809603,474
"KCAE20120711_105945",2697.7,"2012","07","11",0.536193339,2161.85,0.319773992,3262.014495,1.2149788,10201,2.202598472,3257.64314,2.457321079,1479,0.894678196,535.85,0.063806593,651.9119633,0.496120601,10217,1.843211539,646.96725,1.973841872,351
"KCAE20120711_110405",2160.27,"2012","07","11",0.538071063,1786.33,0.283452486,2891.498814,0.977759141,10201,1.929903729,2887.135979,1.828616416,1496,0.891207039,373.94,0.048564985,495.4114137,0.37744328,10201,1.629400864,490.4496601,1.503379571,301
"KCAE20120711_110825",1703,"2012","07","11",0.535524279,1532.72,0.255196082,2604.020817,0.874600856,10204,1.914276373,2599.587315,1.604330863,1358,0.901575776,170.28,0.022556205,230.2537451,0.237860493,10208,1.471988938,225.2143075,1.285459836,153
"KCAE20120711_111246",1438.23,"2012","07","11",0.536325961,1259.96,0.222930441,2276.119799,0.751092558,10210,1.811508107,2271.631166,1.310416686,1254,0.907987707,178.27,0.025119347,256.2173372,0.274067289,10200,1.486330935,251.1899281,1.541409343,169
"KCAE20120711_111705",1284.36,"2012","07","11",0.536039557,1167.44,0.215581224,2201.946624,0.769614229,10214,1.851240444,2197.422407,1.439025065,1187,0.90597574,116.92,0.016125675,164.4980135,0.196426831,10201,1.436405715,159.4410344,1.232808297,111
"KCAE20120711_112124",1229.51,"2012","07","11",0.536786589,1164.66,0.215902658,2203.718434,0.75460585,10207,1.876442157,2199.190208,1.358383418,1172,0.906332807,64.85,0.010891018,111.2299662,0.113253569,10213,1.020802543,106.1634645,0.480895531,104
"KCAE20120711_112543",1050.58,"2012","07","11",0.540148208,976.85,0.183225153,1868.89656,0.744490403,10200,1.723037647,1864.326734,1.604537953,1082,0.882890031,73.73,0.012742491,130.1263196,0.143520206,10212,1.059892675,125.0673357,0.823917726,118
"KCAE20120711_113001",1148.78,"2012","07","11",0.535404412,947.81,0.176746785,1802.640461,0.655956913,10199,1.778472356,1798.035552,1.222253285,1011,0.897975577,200.97,0.037839089,385.8830315,0.254401861,10198,1.1613912,380.9363135,0.842553041,328
"KCAE20120711_113420",960.77,"2012","07","11",0.536205115,871.87,0.168380171,1719.32993,0.628111226,10211,1.707883964,1714.715499,1.17681607,1004,0.899328516,88.9,0.014725233,150.1531979,0.165142999,10197,1.199200292,145.1032353,0.941046056,121
"KCAE20120711_113840",837.38,"2012","07","11",0.539636002,777.61,0.144329775,1474.039988,0.588282804,10213,1.683114432,1469.358899,1.208618312,873,0.894987219,59.77,0.009269923,94.55321697,0.118238328,10200,1.104712387,89.48170335,0.746722132,81
"KCAE20120711_114259",762.56,"2012","07","11",0.539123505,707.43,0.133348965,1360.826187,0.543831528,10205,1.541082518,1356.152616,1.123429353,880,0.905459055,55.13,0.009304409,94.94219447,0.11728332,10204,1.045013745,89.87118204,0.74605104,86
"KCAE20120711_114717",723.87,"2012","07","11",0.534707638,663.01,0.12397109,1264.629087,0.524238017,10201,1.538372343,1259.926949,1.117628475,819,0.897961806,60.86,0.010064336,102.7769976,0.109531204,10212,1.050596602,97.70548396,0.476456823,93
"KCAE20120711_115135",802.96,"2012","07","11",0.536257878,757.9,0.140100394,1427.623012,0.584531515,10190,1.641234653,1422.950444,1.246686376,867,0.90323412,45.06,0.00809084,82.50229101,0.113169997,10197,1.106096684,77.4267679,0.813012103,70
"KCAE20120711_115554",425.27,"2012","07","11",0.535027826,364.83,0.069702545,711.1053599,0.365030073,10202,1.453160133,706.2358247,0.888113775,486,0.902357773,60.44,0.010663774,108.8877975,0.113802641,10211,1.017855841,103.8212958,0.523824786,102
"KCAE20120711_120013",1808.82,"2012","07","11",0.536548322,846.36,0.149914727,1531.229017,0.723119989,10214,1.886916379,1526.515351,1.824458424,809,0.901619219,962.46,0.133371869,1361.726782,6.989733322,10210,4.334717353,1356.766531,39.75385463,313
"KCAE20120711_120431",958.55,"2012","07","11",0.536626345,845.22,0.147102651,1497.799191,0.636968045,10182,1.700610643,1493.136145,1.437327906,878,0.903541574,113.33,0.019191016,195.9786525,0.178287854,10212,1.164284897,190.9427232,0.80648951,164
"KCAE20120711_120850",813.47,"2012","07","11",0.53546139,738.16,0.129842888,1325.955573,0.576690839,10212,1.683096664,1321.230881,1.30945358,785,0.899343449,75.31,0.013521995,137.8702633,0.144883309,10196,1.079852067,132.8218043,0.770558989,123
"KCAE20120711_121310",897.5,"2012","07","11",0.535235831,797.77,0.140177954,1429.674951,0.670498547,10199,1.778982263,1424.964793,1.677094585,801,0.903727174,99.73,0.017363526,177.2816001,0.160555171,10210,1.104119639,172.2426636,0.700536307,156
"KCAE20120711_121730",911.12,"2012","07","11",0.535565193,849.24,0.152078486,1551.808873,0.920925323,10204,1.83961505,1547.116257,2.682193386,841,0.897862893,61.88,0.011431984,116.5376418,0.134223344,10194,1.114786579,111.4786579,0.782968575,100
"KCAE20120711_122149",783.49,"2012","07","11",0.535462886,718.96,0.132974258,1356.603376,0.561855428,10202,1.619052401,1351.908755,1.205426909,835,0.901445589,64.53,0.011631813,118.8422339,0.136455888,10217,1.10459443,113.7732262,0.80397662,103
"KCAE20120711_122609",790.44,"2012","07","11",0.535871433,683.08,0.126755407,1292.524888,0.535993266,10197,1.587941732,1287.820744,1.137489262,811,0.925372221,107.36,0.018089293,184.7278648,0.375390109,10212,1.403702287,179.6738927,3.061111669,128
"KCAE20120711_123029",646.57,"2012","07","11",0.534770422,565.78,0.1063252,1085.048665,0.538409682,10205,1.649255462,1080.262327,1.405386901,655,0.887439446,80.79,0.014932383,152.3401668,0.145129955,10202,1.067363902,147.2962185,0.661309526,138
"KCAE20120711_123448",813.42,"2012","07","11",0.535198053,733.39,0.136082905,1387.637381,0.653928898,10197,1.730822557,1382.927223,1.643424611,799,0.895306077,80.03,0.015517654,158.357662,0.185462537,10205,1.135634864,153.3107066,1.156842749,135
"KCAE20120711_123908",866.09,"2012","07","11",0.535843257,763.4,0.143326286,1463.934685,0.636424216,10214,1.797072072,1459.222523,1.458053178,812,0.893901496,102.69,0.01847684,188.6670091,0.241334797,10211,1.224163762,183.6245643,1.582947444,150
"KCAE20120711_124329",866.51,"2012","07","11",0.53578289,716.13,0.133118941,1358.745033,0.57244076,10207,1.722676016,1354.023348,1.232633162,786,0.901040993,150.38,0.029299594,298.8851618,0.230997155,10201,1.204487051,293.8948405,0.905017968,244
"KCAE20120711_124747",804.38,"2012","07","11",0.535925036,711.36,0.131912878,1346.170919,0.556917732,10205,1.641940971,1341.465773,1.181875488,817,0.892944396,93.02,0.018220764,185.7606924,0.169714452,10195,1.082244232,180.7347868,0.781567537,167
"KCAE20120711_125208",738.64,"2012","07","11",0.536871654,654.2,0.123266912,1258.678438,0.572881157,10211,1.652096464,1253.941216,1.375611103,759,0.902832905,84.44,0.016264155,165.9269053,0.152504182,10202,1.03800953,160.8914772,0.68820899,155
"KCAE20120711_125627",832.02,"2012","07","11",0.53709526,740.43,0.137893012,1407.198187,0.5987366,10205,1.693838834,1402.498555,1.336140798,828,0.88458451,91.59,0.017883574,182.5734019,0.154303836,10209,1.069517943,177.5399785,0.584805073,166
"KCAE20120712_100513",4351.5,"2012","07","12",0.531886568,4068.45,0.463286778,4726.451714,5.740683231,10202,13.49004005,4721.514018,28.05412139,350,1.479103869,283.05,0.033770133,344.590436,0.743226237,10204,6.656899648,339.5018821,8.231149324,51
"KCAE20120712_101059",3049.88,"2012","07","12",0.53180247,2798.18,0.345973439,3529.27505,6.918429455,10201,11.40555762,3524.317306,38.19141058,309,1.484330673,251.7,0.032281883,329.3720536,1.241855645,10203,13.51126953,324.2704687,22.22699535,24
"KCAE20120712_101645",3865.26,"2012","07","12",0.531738927,3851.09,0.414079335,4224.023296,4.104412109,10201,7.960710027,4219.176314,16.26764951,530,1.481637122,14.17,0.001765633,18.01475767,0.076111825,10203,2.580730052,12.90365026,2.541096924,5
"KCAE20120712_102233",2854.67,"2012","07","12",0.531541555,2843.01,0.280738477,2864.374681,1.648235109,10203,5.025564575,2859.546243,4.990988773,569,1.479238298,11.66,0.001355787,13.83580304,0.050505548,10205,2.180798018,8.72319207,1.529830613,4
"KCAE20120712_102819",3414.87,"2012","07","12",0.53171675,3410.73,0.335719504,3426.017538,1.648620102,10205,3.624339028,3421.376043,4.18094142,944,1.484616556,4.14,0.000501187,5.113613345,0,10203,NA,0,NA,0
"KCAE20120712_103406",2828.42,"2012","07","12",0.531040678,2821.7,0.292294138,2981.984792,1.266838443,10202,2.696942927,2977.424991,2.890106666,1104,1.486328711,6.72,0.000932938,9.516899384,0.019737018,10201,0.88135887,4.40679435,0.154724894,5
"KCAE20120712_103953",4133.36,"2012","07","12",0.531231692,4122.34,0.446353944,4556.38106,1.64364029,10208,2.577661403,4552.150037,3.182335333,1766,1.482668624,11.02,0.001693885,17.28101935,0.036898331,10202,1.014493453,12.17392144,0.377175652,12
"KCAE20120712_104540",4134.56,"2012","07","12",0.531681223,4127.72,0.47397178,4836.882012,1.466097328,10205,2.317895622,4832.812371,2.499854956,2085,1.48103682,6.84,0.001051801,10.73152763,0.020986059,10203,0.702740473,5.621923782,0.280581975,8
"KCAE20120712_105126",4698.32,"2012","07","12",0.532468766,4692.82,0.544685166,5559.056802,1.596842723,10206,2.489941656,5555.059834,2.61231617,2231,1.482248641,5.5,0.000829237,8.459876523,0.017414327,10202,0.837192279,3.348769115,0.313279895,4
"KCAE20120712_105713",3871.81,"2012","07","12",0.531772089,3865.62,0.46253625,4719.719893,1.285439371,10204,2.256293426,4715.65326,2.005511047,2090,1.484483983,6.19,0.001011946,10.3258991,0.021734334,10204,0.869131949,5.214791694,0.243002758,6
"KCAE20120712_110259",4390.2,"2012","07","12",0.532007554,4381.59,0.529938576,5405.37348,1.504859389,10200,2.381568811,5401.398063,2.403624151,2268,1.476185269,8.61,0.001389582,14.17651345,0.028745076,10202,0.824446759,9.06891435,0.311316378,11
"KCAE20120712_110846",3325.86,"2012","07","12",0.533091546,3307.55,0.441443187,4504.486281,1.165526649,10204,2.073944582,4500.459743,1.73312295,2170,1.484236455,18.31,0.002692533,27.47191537,0.065516244,10203,1.397895064,22.36632102,0.916387224,16
"KCAE20120712_111432",2231.3,"2012","07","12",0.53203125,2225.62,0.342618888,3494.712659,0.947151697,10200,1.876630515,3490.532757,1.429045833,1860,1.483945571,5.68,0.000722444,7.372538756,0.015907569,10205,1.129462706,2.258925412,0.183087915,2
"KCAE20120712_112018",1542.76,"2012","07","12",0.531571828,1538.14,0.259329243,2646.195592,0.770746745,10204,1.63685898,2641.890394,1.22561255,1614,1.483941726,4.62,0.000622685,6.355126359,0.009013515,10206,0.620505913,1.241011827,0.245821884,2
"KCAE20120712_112605",1525.69,"2012","07","12",0.531343674,1521.55,0.282972707,2886.604586,0.802805852,10201,1.696494109,2882.343492,1.213591373,1699,1.481575517,4.14,0.000501187,5.114615719,0,10205,NA,0,NA,0
"KCAE20120712_113151",1360.09,"2012","07","12",0.531261439,1355.95,0.264479061,2698.215378,0.76564949,10202,1.66599424,2693.912686,1.168267992,1617,1.482684869,4.14,0.000501187,5.114114532,0,10204,NA,0,NA,0
"KCAE20120712_113738",1211.84,"2012","07","12",0.537150548,1207.08,0.239737807,2445.085899,0.768212807,10199,1.699647629,2440.693995,1.308300124,1436,1.475991056,4.76,0.000634057,6.46928053,0.009627678,10203,0.67833478,1.35666956,0.164039517,2
"KCAE20120712_114326",1110.95,"2012","07","12",0.531840359,1104.06,0.220069685,2245.370993,0.674524488,10203,1.574821201,2240.970569,1.062977333,1423,1.485058572,6.89,0.001025409,10.46224579,0.024679888,10203,1.070227677,5.351138384,0.351865123,5
"KCAE20120712_114912",981.34,"2012","07","12",0.537069714,977.2,0.194647325,1985.986659,0.639761952,10203,1.517249308,1981.527596,1.091845284,1306,1.476387847,4.14,0.000501187,5.113613345,0,10203,NA,0,NA,0
"KCAE20120712_115459",925.52,"2012","07","12",0.531674422,921.38,0.181108656,1847.67051,0.604420896,10202,1.493659532,1843.175863,1.030053709,1234,1.485961184,4.14,0.000501187,5.113112157,0,10202,NA,0,NA,0
"KCAE20120712_120045",978.19,"2012","07","12",0.531963369,972.2,0.189404441,1933.061724,0.647129016,10206,1.530617542,1928.578103,1.157844898,1260,1.484592444,5.99,0.000747792,7.631965356,0.01761542,10206,1.258925412,2.517850824,0,2
"KCAE20120712_120632",839.01,"2012","07","12",0.531423786,834.36,0.165285472,1686.572954,0.561925602,10204,1.423055197,1682.051242,0.968083016,1182,1.483769613,4.65,0.00061204,6.245256736,0.007969584,10204,0.566072289,1.132144578,0.091761325,2
"KCAE20120712_121219",868.78,"2012","07","12",0.531393215,864.64,0.168199553,1715.803639,0.573450098,10201,1.426077044,1711.292453,1.001408269,1200,1.483760402,4.14,0.000501187,5.114615719,0,10205,NA,0,NA,0
"KCAE20120712_121804",855.94,"2012","07","12",0.531770803,851.81,0.16499104,1683.238595,0.58530583,10202,1.462282966,1678.700845,1.071819284,1148,1.48124445,4.13,0.000501187,5.113112157,0,10202,NA,0,NA,0
"KCAE20120712_122350",712.07,"2012","07","12",0.532225066,707.93,0.138991443,1417.57373,0.522230353,10199,1.340598077,1412.990373,1.014622916,1054,1.47564796,4.14,0.000501187,5.114615719,0,10205,NA,0,NA,0
"KCAE20120712_122937",611.82,"2012","07","12",0.531689185,595.76,0.116979173,1193.655483,0.4611077,10204,1.27712994,1189.007974,0.921941533,931,1.479593943,16.06,0.001812936,18.49739076,0.062469434,10203,1.673473364,13.38778691,1.578401589,8
"KCAE20120712_123524",583.06,"2012","07","12",0.531753353,578.76,0.11729197,1196.964551,0.446472636,10205,1.269776944,1192.32055,0.839111826,939,1.500695923,4.3,0.000544913,5.560296937,0.004416998,10204,0.446683592,0.446683592,NA,1
"KCAE20120712_124112",535.66,"2012","07","12",0.534599075,531.52,0.106521777,1087.161254,0.425877242,10206,1.266052225,1082.474652,0.835560614,855,1.481575517,4.14,0.000501187,5.114615719,0,10205,NA,0,NA,0
"KCAE20120712_124659",539.1,"2012","07","12",0.531865506,533.22,0.107779045,1100.100714,0.426510869,10207,1.275221904,1095.415616,0.8209498,859,1.4821322,5.88,0.000768517,7.84348486,0.014124477,10206,0.682593176,2.730372702,0.241962512,4
"KCAE20120712_125246",435.06,"2012","07","12",0.531968496,429.13,0.087256051,890.2734864,0.367072603,10203,1.213048959,885.5257397,0.720210109,730,1.481283058,5.93,0.000963306,9.832462907,0.017056623,10207,0.590106789,4.720854311,0.164888135,8
"KCAE20120712_125832",461.89,"2012","07","12",0.531795775,457.15,0.090883553,927.3757746,0.393664559,10204,1.256988462,922.6295315,0.830624011,734,1.479694422,4.74,0.000651006,6.642862719,0.008888117,10204,0.510083916,1.530251749,0.11667975,3
"KCAE20120713_100502",4559.57,"2012","07","13",0.533786536,4551.52,0.537397592,5483.605026,3.586493511,10204,8.966934758,5478.797137,11.80854027,611,1.48072557,8.05,0.000835023,8.521413204,0.024191719,10205,1.70389993,3.40779986,0.412048637,2
"KCAE20120713_101048",11867.48,"2012","07","13",0.533043655,11862.2,1.405137256,14336.61542,6.248429388,10203,12.44104095,14332.07918,14.4446661,1152,1.483074054,5.28,0.000677003,6.905435643,0.012637494,10200,0.897164117,1.794328235,0.1454319,2
"KCAE20120713_101635",19573.39,"2012","07","13",0.531260362,19569.26,2.375147371,24231.25347,7.977907673,10202,11.99363998,24227.15276,14.35839646,2020,1.48124445,4.13,0.000501187,5.113112157,0,10202,NA,0,NA,0
"KCAE20120713_102221",28624.19,"2012","07","13",0.532268266,28615.7,3.517276604,35879.73863,9.886577686,10201,12.16139136,35876.10453,15.26180127,2950,1.484980685,8.49,0.001351606,13.78908145,0.029137006,10202,0.789225668,8.681482353,0.427167619,11
"KCAE20120713_102809",35219.91,"2012","07","13",0.531776518,35032.4,4.328937021,44155.15761,12.2290063,10200,11.75816976,44151.92746,17.85847665,3755,1.482450763,187.51,0.031193641,318.3311014,0.236947926,10205,1.368258767,313.3312576,0.822132966,229
"KCAE20120713_103356",32938.66,"2012","07","13",0.532053022,32308.57,3.951107019,40313.14491,11.50664634,10203,9.943281479,40310.06311,16.54340105,4054,1.489088357,630.09,0.108953258,1111.75904,0.546697864,10204,1.632720841,1106.98473,1.419003868,678
"KCAE20120713_103943",25900.68,"2012","07","13",0.531646002,24794.37,2.967070181,30273.01706,8.17764121,10203,7.520477198,30269.92072,11.63161123,4025,1.48216528,1106.31,0.202839946,2069.575964,0.861654321,10203,1.987471689,2064.983085,1.935907323,1039
"KCAE20120713_104529",21217.99,"2012","07","13",0.53096926,19529.2,2.281276089,23282.70376,6.624364018,10206,6.55572187,23279.36836,9.905455128,3551,1.481932398,1688.79,0.287350432,2932.411155,1.104517043,10205,2.224890654,2927.956101,2.270105878,1316
"KCAE20120713_105115",11102.03,"2012","07","13",0.531698448,10062.93,1.124678174,11477.34076,3.130589488,10205,4.411199436,11473.52973,4.895111797,2601,1.483482681,1039.1,0.18074955,1844.368409,0.808504015,10204,1.957154692,1839.72541,1.90348132,940
"KCAE20120713_105702",7272.14,"2012","07","13",0.531889705,6723.34,0.734619505,7493.853568,2.806183414,10201,3.84877506,7489.716268,5.413516472,1946,1.48095337,548.8,0.098316906,1003.127396,0.58256229,10203,1.825023642,998.2879323,1.784685366,547
"KCAE20120713_110248",4140.75,"2012","07","13",0.531925603,3863.11,0.438552585,4475.429132,3.491151906,10205,3.573894086,4470.941501,9.395821819,1251,1.475183528,277.64,0.049814623,508.1589691,0.414928434,10201,1.644443534,503.1997215,1.768501177,306
"KCAE20120713_110835",2050.27,"2012","07","13",0.53110566,1922.29,0.211207174,2154.524386,1.199519131,10201,2.654095971,2149.817737,3.413319498,810,1.480727485,127.98,0.02262716,230.8875379,0.219997606,10204,1.402820587,225.8541146,1.06713243,161
"KCAE20120713_111423",1058.48,"2012","07","13",0.53170437,992.1,0.115940288,1183.170634,0.600758625,10205,1.944488017,1178.359738,1.589533655,606,1.483662485,66.38,0.011315318,115.4615075,0.15582179,10204,1.576892515,110.382476,1.042404316,70
"KCAE20120713_112009",720.41,"2012","07","13",0.534358396,693.86,0.086443891,881.9870216,0.505777805,10203,1.834964384,877.1129758,1.502307528,478,1.483339502,26.55,0.00484272,49.41027402,0.100085666,10203,1.527972245,44.3111951,1.113638127,29
"KCAE20120713_112556",449.43,"2012","07","13",0.531750662,434.57,0.060205686,614.3990306,0.396662712,10205,1.647215822,609.4698541,1.315500827,370,1.48070278,14.86,0.002560643,26.12367729,0.052451723,10202,1.001004289,21.02109006,0.595271147,21
"KCAE20120713_113142",338.08,"2012","07","13",0.531468872,327.76,0.045733442,466.6183082,0.34766631,10203,1.625517718,461.647032,1.334585984,284,1.484362621,10.32,0.001564753,15.96986602,0.039062352,10206,1.085976099,10.85976099,0.649825869,10
"KCAE20120713_113730",288.02,"2012","07","13",0.53201781,278.59,0.042628855,435.1127264,0.334175388,10207,1.509262971,430.1399467,1.338866649,285,1.482275735,9.43,0.001294382,13.20787611,0.030696666,10204,1.156752842,8.097269893,0.209018144,7
"KCAE20120713_114319",267.97,"2012","07","13",0.531019675,263.83,0.043243803,441.3030118,0.293982708,10205,1.430627076,436.3412582,0.954092144,305,1.483330332,4.14,0.000501187,5.114114532,0,10204,NA,0,NA,0
"KCAE20120713_114904",255.63,"2012","07","13",0.534247488,251.49,0.040004897,408.16996,0.311187137,10203,1.487793979,403.1921684,1.223829641,271,1.482614833,4.14,0.000501187,5.113613345,0,10203,NA,0,NA,0
"KCAE20120713_115451",349.51,"2012","07","13",0.531125046,279.15,0.037724623,384.8288784,0.734697035,10201,2.515178455,379.7919467,5.516655841,151,1.480209896,70.36,0.008569812,87.45493275,0.361207432,10205,7.485984554,82.34583009,8.459500173,11
"KCAE20120713_120039",1570.53,"2012","07","13",0.532095482,1483.84,0.183295939,1869.985168,5.202555723,10202,8.438836282,1864.982818,34.42453656,221,1.480943463,86.69,0.010977846,111.9959879,0.491599697,10202,11.87637626,106.8873864,12.23248974,9
"KCAE20120713_120626",1334.64,"2012","07","13",0.53364242,1330.51,0.17832717,1819.293788,4.585876686,10202,9.071404568,1814.280914,31.57475647,200,1.481480123,4.13,0.000501187,5.11261097,0,10201,NA,0,NA,0
"KCAE20120713_121212",3794.24,"2012","07","13",0.531315821,3643.96,0.507975676,5182.367849,17.080801,10202,28.92371201,5177.344449,126.0699072,179,1.480925374,150.28,0.021032755,214.597197,1.073974712,10203,14.9636143,209.4906003,25.7756332,14
"KCAE20120713_121758",4423.8,"2012","07","13",0.531894552,2906.82,0.400958973,4090.182488,14.59834466,10201,29.60245682,4085.139041,122.458062,138,1.481949505,1516.98,0.220703335,2252.056829,10.80394598,10204,80.24845526,2246.956747,193.518105,28
"KCAE20120713_122344",9880.62,"2012","07","13",0.531353076,7380.34,0.672671857,6860.580272,16.92401079,10199,33.44181174,6855.571406,114.9655785,205,1.48206956,2500.28,0.373532563,3809.658607,14.54313989,10199,190.2278511,3804.557022,274.7819305,20
"KCAE20120713_122931",11759.5,"2012","07","13",0.531078542,10714.3,0.969845823,9895.336936,20.13516691,10203,52.05430815,9890.318548,138.604316,190,1.485162967,1045.2,0.160798725,1641.11179,7.805303258,10206,116.8574064,1636.00369,182.0400406,14
"KCAE20120713_123518",12714.38,"2012","07","13",0.531928744,12620.44,1.258585134,12842.60271,23.59073947,10204,68.65017283,12837.58232,160.8623488,187,1.481874639,93.94,0.009556055,97.54820708,0.227527882,10208,3.697784699,92.44461748,2.7950467,25
"KCAE20120713_124104",19626.25,"2012","07","13",0.531644574,19022.07,1.712957408,17472.16557,28.95254582,10200,82.00544699,17467.16021,183.6069122,213,1.48000189,604.18,0.055501564,566.4489611,2.492180467,10206,22.45385495,561.3463738,46.01174149,25
"KCAE20120713_124650",16196.94,"2012","07","13",0.535303233,15944.72,1.325597413,13510.48883,28.74820575,10192,74.20588983,13505.47195,202.7186899,182,1.481972537,252.22,0.020057903,204.6507832,0.615738583,10203,8.676030311,199.5486972,9.864391563,23
"KCAE20120713_125236",9435.71,"2012","07","13",0.532278863,9241.64,0.76569784,7800.929589,16.30248324,10188,49.97372871,7795.901679,122.4426566,156,1.483113379,194.07,0.015524448,158.3959414,0.673868693,10203,10.21932306,153.2898458,14.80505742,15
"KCAE20120714_100114",6445.52,"2012","07","14",0.531083238,6437.18,0.743892419,7586.958778,5.92453132,10199,17.00015852,7582.070699,22.96543581,446,1.483488195,8.34,0.001156573,11.79704396,0.038590925,10200,1.671734731,6.686938923,1.157764061,4
"KCAE20120714_100700",8444.68,"2012","07","14",0.53168315,8440.54,0.980243975,10001.42928,5.638532606,10203,12.86577232,9996.705089,16.27490963,777,1.48548982,4.14,0.000501187,5.113613345,0,10203,NA,0,NA,0
"KCAE20120714_101248",14820.84,"2012","07","14",0.531728701,14815.32,1.764567058,18009.17139,8.724527048,10206,11.76017217,18004.82359,19.75034287,1531,1.482446387,5.52,0.000758461,7.739331817,0.020709439,10204,1.31310983,2.626219659,0.964709296,2
"KCAE20120714_101835",19374.97,"2012","07","14",0.531222227,19370.83,2.369093029,24178.96345,8.727681102,10206,9.050987274,24175.18701,15.18688106,2671,1.486457731,4.14,0.000501187,5.114615719,0,10205,NA,0,NA,0
"KCAE20120714_102422",20322.1,"2012","07","14",0.531868989,20284.48,2.489458903,25402.43864,6.7844141,10204,6.710494458,25399.22152,9.786617106,3785,1.48300301,37.62,0.005451849,55.62521243,0.170576034,10203,2.020965151,50.52412877,2.850675817,25
"KCAE20120714_103010",20608.35,"2012","07","14",0.531865473,20286.99,2.536004629,25869.78322,6.068420839,10201,5.706362782,25866.94249,8.049140115,4533,1.482781733,321.36,0.049934414,509.4808263,0.465110563,10203,2.183909035,504.4829872,2.217195399,231
"KCAE20120714_103555",19141.17,"2012","07","14",0.531584919,17427.02,2.225572621,22703.06631,4.737024472,10201,4.805317804,22700.32131,6.005272437,4724,1.481850168,1714.15,0.268055817,2735.777671,1.32066611,10206,2.981573844,2731.121641,3.369655698,916
"KCAE20120714_104142",14949.07,"2012","07","14",0.531468064,13092.59,1.669328179,17035.49407,3.572744871,10205,3.90655152,17032.56463,4.597800523,4360,1.484024586,1856.48,0.29649884,3024.288167,1.47046039,10200,2.840742069,3019.708819,3.678628133,1063
"KCAE20120714_104730",10570.46,"2012","07","14",0.532113647,9527.51,1.22873369,12533.08364,2.952380582,10200,3.562619905,12529.7342,4.119283871,3517,1.493538229,1042.95,0.175572743,1791.544265,0.959251835,10204,2.335703999,1786.813559,2.690274935,765
"KCAE20120714_105317",7087.68,"2012","07","14",0.53201687,6393.22,0.799313656,8154.597915,2.479724845,10202,3.153106527,8150.780372,4.105050029,2585,1.477542208,694.46,0.115173776,1175.693906,0.631084757,10208,1.873425646,1170.891029,1.793395377,625
"KCAE20120714_105903",5093.9,"2012","07","14",0.53083167,4281.54,0.520235201,5310.040696,1.715580452,10207,2.826779865,5305.865806,3.08051331,1877,1.477124256,812.36,0.125473522,1279.955396,0.712054998,10201,2.040249643,1275.156027,2.091875749,625
"KCAE20120714_110451",3509,"2012","07","14",0.531534017,3050.31,0.356398317,3636.332023,1.380431401,10203,2.480841631,3631.952148,2.831146972,1464,1.47916754,458.69,0.062242341,635.0586084,0.503865634,10203,1.987709374,630.1038714,2.087600017,317
"KCAE20120714_111037",2366.12,"2012","07","14",0.531135034,2210.84,0.265252365,2707.165638,1.184751333,10206,2.426040255,2702.608844,2.761164462,1114,1.478583748,155.28,0.024997943,255.1040055,0.272517992,10205,1.645168225,250.0655702,1.528504989,152
"KCAE20120714_111624",4842.96,"2012","07","14",0.531745282,4737.75,0.443574852,4524.463492,6.865968664,10200,4.860018803,4519.817487,22.27233724,930,1.484194155,105.21,0.017901862,182.7064024,0.212729824,10206,1.444332776,177.6529315,1.307278323,123
"KCAE20120714_112212",4585.98,"2012","07","14",0.531322859,4474.58,0.416535073,4246.575065,7.407539481,10195,5.648258127,4241.841853,26.76244477,751,1.481291468,111.4,0.013703332,139.7739881,0.324242149,10200,1.772368007,134.6999685,3.337516214,76
"KCAE20120714_112758",5990.06,"2012","07","14",0.531744315,5936.42,0.546281629,5569.887487,15.54383914,10196,7.729358662,5565.138237,58.05435152,720,1.483698175,53.64,0.009689058,98.83807904,0.143805781,10201,1.217715058,93.76405948,1.133893173,77
"KCAE20120714_113346",4582.43,"2012","07","14",0.534185574,4538.72,0.425611227,4342.511348,10.66285758,10203,6.25035383,4337.745558,40.46390071,694,1.478965927,43.71,0.007243159,73.91644024,0.101863486,10205,1.166633806,68.83139457,0.670952043,59
"KCAE20120714_113933",2062.87,"2012","07","14",0.531281514,2029.1,0.214648292,2190.056522,3.34336107,10203,3.594157286,2185.24763,13.25547769,608,1.482131023,33.77,0.005768895,58.87156907,0.083122752,10205,1.014783326,53.78351627,0.55922153,53
"KCAE20120714_114520",2398.01,"2012","07","14",0.531721485,2363.11,0.247215264,2522.584552,5.191685228,10204,4.107304512,2517.777666,20.820187,613,1.482686438,34.9,0.005538186,56.50611036,0.110797676,10203,1.389487593,51.41104094,1.226064297,37
"KCAE20120714_115107",3390.48,"2012","07","14",0.53189886,3366.52,0.341277703,3481.373846,11.95990872,10201,5.963213427,3476.553428,49.73225101,583,1.47864242,23.96,0.004579532,46.73411902,0.082325757,10205,1.067667938,41.6390496,0.809689789,39
"KCAE20120714_115654",2536,"2012","07","14",0.531364964,2505.11,0.267151033,2725.74199,6.193368912,10203,4.715628356,2720.917561,25.65881274,577,1.478030969,30.89,0.004877709,49.7721439,0.140017519,10204,1.654502275,44.67156142,2.204539645,27
"KCAE20120714_120241",2059.84,"2012","07","14",0.531386499,2031.1,0.226706364,2313.085029,5.990862077,10203,4.890271135,2308.207976,27.46898566,472,1.474276086,28.74,0.004312666,44.00643954,0.094346502,10204,1.440957669,38.90585706,1.159328643,27
"KCAE20120714_120828",4027.82,"2012","07","14",0.532138284,1411.21,0.167679031,1709.990759,4.739695937,10198,3.552333794,1705.120221,21.59130228,480,1.479211536,2616.61,0.26925283,2747.455876,11.80324705,10204,52.73784275,2742.367823,158.272592,52
"KCAE20120714_121415",6192.84,"2012","07","14",0.530948807,6177.95,0.664317146,6780.020796,18.72841145,10206,15.79282212,6775.120689,90.13157837,429,1.475597159,14.89,0.002914238,29.7368894,0.058934929,10204,1.02645014,24.63480336,0.667117402,24
"KCAE20120714_122002",537.48,"2012","07","14",0.531814417,522.3,0.07679793,783.4924772,0.745421448,10202,1.753607865,778.6018922,3.138281576,444,1.476716987,15.18,0.002814457,28.72153307,0.055650508,10205,0.908459547,23.61994822,0.639439909,26
"KCAE20120714_122548",543.17,"2012","07","14",0.535005637,526.78,0.077611418,791.6364632,1.025718218,10200,1.95702943,786.7258307,4.803401243,402,1.48047959,16.39,0.003007772,30.6882935,0.051914615,10203,0.913882621,25.5887134,0.394421989,28
"KCAE20120714_123134",441.12,"2012","07","14",0.531712444,413.82,0.0643987,657.1887377,0.422569579,10205,1.549370836,652.2851218,1.425754485,421,1.477739753,27.3,0.0045306,46.2166498,0.099385311,10201,1.326437924,41.11957564,1.243840261,31
"KCAE20120714_123721",314.99,"2012","07","14",0.531363099,303.83,0.050874534,519.174621,0.340762329,10205,1.424490122,514.2409339,1.153204567,361,1.479544226,11.16,0.002310974,23.58117877,0.036431463,10204,0.660039196,18.48109748,0.227354947,28
"KCAE20120714_124310",416.21,"2012","07","14",0.531604667,394.07,0.063314582,646.0619932,0.59385438,10204,1.57145187,641.1523631,2.542795112,408,1.476662523,22.14,0.003549083,36.21484034,0.077073044,10204,1.196682949,31.11375668,0.969558333,26
"KCAE20120714_124857",412.62,"2012","07","14",0.53204887,398.34,0.064635976,659.6101341,0.575563089,10205,1.512038181,654.7125324,2.373166987,433,1.482127256,14.28,0.0021596,22.03872236,0.057054673,10205,1.302355544,16.93062207,0.966599294,13
"KCAE20120714_125443",433.51,"2012","07","14",0.531717398,408.92,0.066950275,683.2945093,0.406875584,10206,1.491005346,678.4074326,1.262514352,455,1.479157457,24.59,0.003984629,40.65118496,0.076100761,10202,1.111065962,35.5541108,0.797855546,32
"KCAE20120715_100618",27917.82,"2012","07","15",0.523810315,27913.69,3.121197213,31845.57517,21.5553864,10203,23.92271122,31841.12863,55.37210576,1331,1.53737398,4.13,0.000501187,5.112109783,0,10200,NA,0,NA,0
"KCAE20120715_101556",28941.07,"2012","07","15",0.524604436,28936.05,3.597225739,36702.49422,9.642907351,10203,8.16636247,36699.63294,13.18400632,4494,1.534349897,5.02,0.000668469,6.821057942,0.012121725,10204,0.853972892,1.707945784,0.206513516,2
"KCAE20120715_102532",41307.09,"2012","07","15",0.524483837,41257.78,5.157223507,52619.15145,10.16084816,10203,7.758395294,52617.43688,11.62523264,6782,1.533011182,49.31,0.007888127,80.46677932,0.109929293,10201,1.159796085,75.38674552,0.754779742,65
"KCAE20120715_103509",46028.52,"2012","07","15",0.525297879,45162.88,5.788465914,59059.71772,10.07482534,10203,7.796488528,59058.4006,11.00292529,7575,1.534492369,865.64,0.151961583,1550.767956,0.703906965,10205,1.579309502,1546.144002,1.706999907,979
"KCAE20120715_104447",41597.09,"2012","07","15",0.523222934,38896.79,4.934366445,50325.60338,9.504894152,10199,6.587815203,50324.32034,10.47519602,7639,1.533412279,2700.3,0.488318108,4981.821335,1.830571558,10202,2.569787828,4977.679022,3.508004739,1937
"KCAE20120715_105423",29937.42,"2012","07","15",0.523738693,26145.01,3.296315659,33642.19762,5.812438167,10206,4.973458387,33640.47253,6.529723618,6764,1.53448019,3792.41,0.662822887,6761.456274,2.364784495,10201,3.119773423,6757.429235,4.321945505,2166
"KCAE20120715_110400",20953.64,"2012","07","15",0.52295428,18518.51,2.370725808,24188.51542,4.292021009,10203,3.961097618,24186.46206,4.948133521,6106,1.535565994,2435.13,0.398424635,4065.524976,1.376971967,10204,2.302321403,4061.294955,2.566728672,1764
"KCAE20120715_111337",14841.39,"2012","07","15",0.526499103,13480.82,1.756942028,17927.83645,3.224720367,10204,3.457149661,17925.32099,3.819490553,5185,1.53197243,1360.57,0.216556967,2209.097622,1.143776413,10201,1.978943746,2204.543333,2.915339684,1114
"KCAE20120715_112314",11802.28,"2012","07","15",0.525590567,11204.76,1.525006446,15562.69078,3.12116517,10205,3.238290192,15559.98437,3.891467826,4805,1.531811112,597.52,0.105334566,1074.833909,0.584835267,10204,1.382568105,1070.107713,1.657424182,774
"KCAE20120715_113250",10595.55,"2012","07","15",0.524138283,10225.07,1.406485249,14353.18197,3.005683081,10205,3.131899562,14350.36379,3.836539752,4582,1.535031728,370.48,0.076652316,782.2368804,0.439842557,10205,1.130039363,777.4670815,1.296883714,688
"KCAE20120715_114227",8767.94,"2012","07","15",0.523798245,8420.76,1.213897082,12390.24751,2.404232899,10207,2.835276169,12387.32158,2.984741173,4369,1.536014833,347.18,0.069066859,704.8963596,0.421722109,10206,1.184564204,700.0774443,1.32406053,591
"KCAE20120715_115204",7884.03,"2012","07","15",0.523711417,7510.13,1.121234409,11445.56085,2.302642916,10208,2.755906951,11442.52566,2.921019743,4152,1.536218272,373.9,0.078973967,805.7713896,0.387063552,10203,1.095792263,801.0241441,0.989203175,731
"KCAE20120715_120142",7953.05,"2012","07","15",0.525028231,7642.67,1.136051048,11588.85674,2.484086273,10201,2.761164708,11585.84712,3.242892005,4196,1.537180997,310.38,0.061827211,630.8848637,0.392662664,10204,1.094505993,626.0574282,1.274097908,572
"KCAE20120715_121119",7188.49,"2012","07","15",0.523957088,6953.57,1.063540646,10852.36876,2.395263509,10204,2.678835667,10849.28445,3.182752733,4050,1.535601281,234.92,0.049095367,500.9200271,0.277574712,10203,0.925513153,496.0750501,0.81056953,536
"KCAE20120715_122056",6496.7,"2012","07","15",0.527289357,6258.55,0.999617799,10196.10155,2.259973568,10200,2.659251368,10192.91049,3.029856896,3833,1.533520142,238.15,0.04865125,496.5346578,0.274587628,10206,0.965961975,491.6746452,0.792007201,509
"KCAE20120715_123033",6774.26,"2012","07","15",0.525954977,6568.46,1.052565082,10737.2164,2.435650811,10201,2.723003417,10734.07947,3.287119339,3942,1.533803487,205.8,0.044070528,449.6956662,0.271588146,10204,0.920959886,444.8236251,0.867492314,483
"KCAE20120715_124011",6233.76,"2012","07","15",0.52392358,6080.64,1.001071729,10212.93378,2.288876508,10202,2.651194686,10209.75074,3.083193973,3851,1.536735257,153.12,0.034978029,356.9158114,0.225484236,10204,0.785772832,352.0262288,0.754734022,448
"KCAE20120715_124949",8003.11,"2012","07","15",0.526865615,7664,1.213448237,12379.59892,2.548353723,10202,3.015726774,12376.54268,3.27265021,4104,1.531578651,339.11,0.072849717,743.4313589,0.337445723,10205,0.94584913,738.7081704,0.814433482,781
"KCAE20120715_125926",6283.51,"2012","07","15",0.524111052,6145.39,0.994026566,10143.04708,2.068010129,10204,2.621476618,10139.87156,2.649015928,3868,1.53453008,138.12,0.029591384,301.8912969,0.211690591,10202,0.822601422,296.9591133,0.784906888,361
"KCAE20120716_100255",5363.59,"2012","07","16",0.524151878,5357.36,0.602860084,6150.378582,4.304148025,10202,7.940120657,6145.653389,13.6435472,774,1.534324057,6.23,0.000842923,8.601189262,0.01791282,10204,0.87226987,3.489079479,0.279938642,4
"KCAE20120716_101233",17199.03,"2012","07","16",0.524772447,17193.56,2.152753855,21960.24208,6.02369274,10201,5.968190632,21956.97334,8.823341872,3679,1.531790498,5.47,0.000807889,8.24208186,0.023849066,10202,1.564986038,3.129972077,0.952805316,2
"KCAE20120716_102210",33071.13,"2012","07","16",0.52471319,33063.57,4.108448261,41918.4976,7.435909161,10203,6.147961438,41916.80109,8.379071756,6818,1.534462226,7.56,0.001144393,11.67852774,0.029537396,10205,1.094486525,6.566919147,0.587530021,6
"KCAE20120716_103149",44066.84,"2012","07","16",0.533115771,43965.87,5.287470717,53953.3512,8.499010949,10204,6.886045167,53952.16389,9.114166359,7835,1.53282105,100.97,0.017398929,177.5212708,0.157698508,10203,0.997077242,172.4943628,0.702187824,173
"KCAE20120716_104127",44734.99,"2012","07","16",0.525332677,43931.2,5.072112431,51745.69102,7.736035676,10202,6.381924215,51744.64154,8.181977663,8108,1.533855997,803.79,0.145297212,1482.90335,0.599199584,10206,1.399921863,1478.317487,1.30980086,1056
"KCAE20120716_105104",31662.41,"2012","07","16",0.525808033,29493.29,3.524637142,35968.92203,5.345524625,10205,4.84476404,35967.52823,5.734467108,7424,1.534083567,2169.12,0.367743272,3752.084608,1.117212169,10203,1.784773089,3748.023488,1.880694732,2100
"KCAE20120716_110041",18676.41,"2012","07","16",0.525474103,16824.91,2.236661731,22816.18632,3.41755758,10201,3.477269014,22814.362,3.72109498,6561,1.53574203,1851.5,0.315093669,3215.215802,1.084516444,10204,1.845387215,3210.973753,2.018905041,1740
"KCAE20120716_111017",15747.13,"2012","07","16",0.52453094,14837.22,2.072907689,21147.80425,3.241865506,10202,3.42997258,21145.78095,3.569041025,6165,1.53509838,909.91,0.160711126,1639.4142,0.727148739,10201,1.530746121,1634.836857,1.719329324,1068
"KCAE20120716_111954",12801.32,"2012","07","16",0.523565181,12444.72,1.775977711,18122.07657,2.684127013,10204,3.059248858,18119.93098,2.913214028,5923,1.53424293,356.6,0.07015216,715.7624856,0.354722835,10203,1.042508331,710.990682,0.932916097,682
"KCAE20120716_112931",17713.71,"2012","07","16",0.524248092,17455.15,2.402413478,24516.62955,7.929231182,10205,3.924226965,24514.64585,9.835756142,6247,1.534317058,258.56,0.053107092,541.9047664,0.261415946,10204,0.855263372,537.1053975,0.65215341,628
"KCAE20120716_113907",15339.46,"2012","07","16",0.52559847,15074.3,2.081236653,21236.93881,3.203545214,10204,3.36209471,21234.99019,3.503541793,6316,1.534210406,265.16,0.05347937,545.5430518,0.271373266,10201,0.847570844,540.7501983,0.710994596,638
"KCAE20120716_114844",17403.84,"2012","07","16",0.525119134,16934.2,2.326242389,23734.65109,8.723848351,10203,3.585023465,23732.85534,10.620273,6620,1.533544735,469.64,0.092504783,943.7337986,0.38789112,10202,0.989564081,939.0963132,0.854893559,949
"KCAE20120716_115821",14714.6,"2012","07","16",0.523955267,14338.56,1.923192533,19626.1798,2.546869756,10205,2.910774873,19624.44419,2.63519742,6742,1.534558079,376.04,0.07280741,742.7812,0.349704681,10202,0.931900288,738.0650282,0.880889394,792
"KCAE20120716_120758",15083.95,"2012","07","16",0.522968816,14791.98,1.982439002,20226.82514,2.319356913,10203,2.924826788,20225.17724,2.276266128,6915,1.534248476,291.97,0.058848761,600.3750602,0.270194694,10202,0.83537068,595.6192946,0.629887428,713
"KCAE20120716_121735",17079.95,"2012","07","16",0.534598172,16880.67,2.173330846,22178.84129,2.600115478,10205,3.140366193,22177.26605,2.594820973,7062,1.532806534,199.28,0.041920393,427.6718518,0.216952011,10202,0.741832309,422.8444163,0.569260237,570
"KCAE20120716_122712",17389.49,"2012","07","16",0.52559688,17239.79,2.188445807,22324.33568,2.807882035,10201,3.132144665,22322.79503,2.8860925,7127,1.533868789,149.7,0.031274432,319.21813,0.178610594,10207,0.729277317,314.3185236,0.497306097,431
"KCAE20120716_123650",15103.26,"2012","07","16",0.534086927,14903.18,1.929022957,19683.75025,2.061556978,10204,2.618385468,19682.40356,1.991106197,7517,1.532007008,200.08,0.041345127,421.8443281,0.293649826,10203,0.881538639,416.9677763,1.059247282,473
"KCAE20120716_124627",13997.6,"2012","07","16",0.527304452,13685.83,1.739322935,17748.05123,1.914267319,10204,2.34838224,17746.72459,1.87561777,7557,1.533581888,311.77,0.065770789,670.9935913,0.30373056,10202,0.829742133,666.2829325,0.734228716,803
"KCAE20120716_125604",14849,"2012","07","16",0.526080279,14688.69,1.873868405,19120.95321,2.120293258,10204,2.493437949,19119.6822,2.106634848,7668,1.533218257,160.31,0.036248685,369.9178309,0.203952753,10205,0.738969234,365.0508016,0.583926472,494
"KCAE20120717_100028",18609.05,"2012","07","17",0.524905872,18592.78,2.170679884,22151.78822,25.41404388,10205,18.89698037,22147.261,72.88177298,1172,1.538875368,16.27,0.002623877,26.76617035,0.051415564,10201,0.902732828,21.66558788,0.570040123,24
"KCAE20120717_101004",24155.98,"2012","07","17",0.535764376,24130.06,2.797269406,28543.33702,17.06741485,10204,11.50784913,28539.46585,33.1456578,2480,1.535571131,25.92,0.00399891,40.800878,0.07025916,10203,0.939639731,35.70630977,0.677239566,38
"KCAE20120717_101943",21329.28,"2012","07","17",0.526478731,21271.9,2.447512027,24976.86023,5.580661977,10205,5.324967203,24974.09618,7.242209029,4690,1.536134475,57.38,0.008841641,90.22010437,0.123941214,10204,1.06432606,85.14608482,0.920268043,80
"KCAE20120717_102921",36291.79,"2012","07","17",0.534130943,35858.82,4.076582267,41601.52203,8.524819835,10205,6.009805928,41599.87663,9.773741274,6922,1.538383098,432.97,0.072272965,737.4733306,0.474415902,10204,1.69577715,732.575729,1.602930563,432
"KCAE20120717_103900",29737.82,"2012","07","17",0.533217516,28398.19,3.125319519,31890.76037,4.656974462,10204,4.137733087,31889.50891,4.952344855,7707,1.538456348,1339.63,0.236660182,2414.643834,0.937766542,10203,2.013475473,2410.130141,1.980340409,1197
"KCAE20120717_104838",29073.85,"2012","07","17",0.527612944,27060.01,2.933486223,29930.35993,4.838103299,10203,3.883366935,29929.10897,5.224958623,7707,1.535847962,2013.84,0.365773104,3731.251433,1.0716186,10201,1.817243665,3727.166757,1.753735625,2051
"KCAE20120717_105815",19736.34,"2012","07","17",0.534533,17854.21,2.055388922,20969.07778,3.215672332,10202,2.962768344,20967.51157,3.495569059,7077,1.53521013,1882.13,0.340114334,3469.846434,1.003118309,10202,1.616514864,3465.807868,1.651132826,2144
"KCAE20120717_110753",14132.75,"2012","07","17",0.527021763,13075.72,1.563895257,15954.85941,3.30745921,10202,2.70889757,15952.69779,3.981298939,5889,1.535881026,1057.03,0.182995427,1866.91935,0.80233482,10202,1.531591843,1862.415681,1.827088893,1216
"KCAE20120717_111730",9376.36,"2012","07","17",0.525539253,8965.4,1.11102014,11336.8495,2.15792208,10204,2.324483015,11334.17918,2.631600167,4876,1.535182385,410.96,0.077853721,794.185811,0.489868677,10201,1.494958006,789.3378269,1.588328191,528
"KCAE20120717_112708",6695.63,"2012","07","17",0.535408537,6550.17,0.820425388,8371.620664,1.731463969,10204,2.090038288,8368.513303,2.233331268,4004,1.532704209,145.46,0.027726076,282.9168779,0.253340117,10204,1.208339289,277.9180364,1.194717856,230
"KCAE20120717_113645",5799.36,"2012","07","17",0.526814567,5615.64,0.765360782,7809.74142,1.862861741,10204,2.152314616,7806.445111,2.603740703,3627,1.536617217,183.72,0.023536637,240.1443044,0.240049513,10203,1.391215336,235.1153917,1.259325254,169
"KCAE20120717_114621",7296.88,"2012","07","17",0.524557604,7040.79,0.957999858,9776.388547,3.116557209,10205,2.450670177,9773.272666,4.60437397,3988,1.533792838,256.09,0.022601133,230.5993577,0.240809431,10203,1.81893461,225.5478916,1.231556769,124
"KCAE20120717_115558",8229.67,"2012","07","17",0.521945871,8056.42,1.057977995,10795.60747,2.733349667,10204,2.37830933,10792.76774,3.696128923,4538,1.535579944,173.25,0.015991229,163.2064871,0.187502811,10206,1.491929208,158.1444961,1.093039585,106
"KCAE20120717_120536",5273.31,"2012","07","17",0.526240917,5203.69,0.664104103,6774.525955,1.609816632,10201,1.965497804,6771.139934,2.262128616,3445,1.535781102,69.62,0.007272684,74.20319842,0.112097896,10203,1.279937948,69.11664918,0.871669265,54
"KCAE20120717_121513",4323.1,"2012","07","17",0.52213647,4302.46,0.5473782,5584.899776,1.451033882,10203,1.920592778,5581.242613,2.180973936,2906,1.534981597,20.64,0.003563604,36.35944788,0.063501127,10203,0.868441035,31.26387727,0.635040107,36
"KCAE20120717_122449",2785.11,"2012","07","17",0.52459663,2763.7,0.357799518,3650.98628,0.980960521,10204,1.581538553,3647.027903,1.524433383,2306,1.536474545,21.41,0.004138533,42.22545277,0.063940094,10203,0.757885665,37.1363976,0.534950487,49
"KCAE20120717_123426",3081.45,"2012","07","17",0.524558681,3052.36,0.403399962,4116.696608,1.002660924,10205,1.548536576,4112.913146,1.445826945,2656,1.536695018,29.09,0.005590107,57.04703738,0.072067224,10205,0.753144979,51.96700358,0.456553976,69
"KCAE20120717_124403",2654.79,"2012","07","17",0.525259783,2599.78,0.359218574,3664.388676,0.958727886,10201,1.529659593,3660.475406,1.45909336,2393,1.538416981,55.01,0.011298016,115.2962569,0.122736626,10205,0.911093263,110.2422848,0.674382375,121
"KCAE20120717_125342",3165.61,"2012","07","17",0.525621281,3063.93,0.451004607,4601.149005,1.082495961,10202,1.702736703,4597.389099,1.515695421,2700,1.537986355,101.68,0.020391288,208.093099,0.183876039,10205,0.967065393,203.0837326,0.855175136,210
"KCAE20120718_100310",3585.38,"2012","07","18",0.534897322,3561.47,0.416168809,4246.170362,4.026998734,10203,12.04895786,4241.233167,18.1876611,352,1.476857859,23.91,0.002219897,22.64961084,0.061418407,10203,1.754100936,17.54100936,0.928751518,10
"KCAE20120718_100859",5642.82,"2012","07","18",0.533619191,5621.55,0.642664156,6557.102385,4.350865533,10203,10.86615421,6552.290988,14.47531884,603,1.476380974,21.27,0.001834991,18.72424536,0.063505488,10204,2.268856326,13.61313795,1.434831066,6
"KCAE20120718_101445",11706.11,"2012","07","18",0.531682074,11690.65,1.346329445,13736.59933,6.664125864,10203,10.36388663,13732.14979,15.76958844,1325,1.484452251,15.46,0.001745409,17.81713143,0.041356208,10208,1.058918867,12.7070264,0.605296762,12
"KCAE20120718_102030",22723.13,"2012","07","18",0.533901844,22715.62,2.568451667,26205.91236,9.485813597,10203,10.19139918,26202.0873,16.71755962,2571,1.48215461,7.51,0.001242692,12.68043301,0.030229875,10204,0.946290998,7.57032798,0.557215958,8
"KCAE20120718_102617",27285.52,"2012","07","18",0.531336967,27214.98,3.139733828,32034.70425,9.068051672,10203,8.605979596,32031.45606,13.35662585,3722,1.484227525,70.54,0.011144115,113.7368408,0.145046765,10206,1.375459718,108.6613177,0.923373378,79
"KCAE20120718_103202",33857.51,"2012","07","18",0.531507098,33143.37,3.83127362,39090.48474,9.714155799,10203,8.153478061,39087.77382,12.86900538,4794,1.482567397,714.14,0.111376656,1136.264649,0.642315712,10202,2.258288686,1131.402632,1.886869559,501
"KCAE20120718_103748",28793.8,"2012","07","18",0.533243855,27402.51,3.24564602,33121.81763,8.649013133,10205,6.617225066,33119.21146,11.41173165,5005,1.475210933,1391.29,0.211674995,2159.719975,0.899767478,10203,2.290199765,2155.077979,2.005563516,941
"KCAE20120718_104334",26751.97,"2012","07","18",0.531490946,24391.07,2.771225646,28274.81527,7.054687573,10203,5.363753256,28272.34341,9.079549827,5271,1.483619956,2360.9,0.3840562,3918.909466,1.319371179,10204,2.546887233,3914.565677,2.460084387,1537
"KCAE20120718_104923",25790.89,"2012","07","18",0.533854366,21946.47,2.519268464,25706.6154,6.313046535,10204,5.210616997,25703.97365,8.271845451,4933,1.477497938,3844.42,0.587502748,5991.94053,1.717275344,10199,2.670808467,5987.952583,2.802582157,2242
"KCAE20120718_105509",16766.59,"2012","07","18",0.531345628,11912.1,1.50983207,15410.85594,3.749147845,10207,3.553485579,15407.91347,5.082313429,4336,1.48404991,4854.49,0.720745724,7355.930861,2.129205541,10206,2.826651031,7352.119332,3.440953094,2601
"KCAE20120718_110056",11105.89,"2012","07","18",0.533722474,8045.91,1.036523338,10576.68414,2.479233198,10204,3.014920926,10573.32769,3.452842736,3507,1.477315993,3059.98,0.511731805,5220.687879,1.610177949,10202,2.372295078,5216.676877,2.760038399,2199
"KCAE20120718_110644",8753.57,"2012","07","18",0.533629187,6209.51,0.807906511,8245.493851,2.050576169,10206,2.693435414,8241.912367,2.991387375,3060,1.473917017,2544.06,0.404379235,4126.285715,1.478206097,10204,2.363558298,4122.045671,2.85632166,1744
"KCAE20120718_111233",6843.72,"2012","07","18",0.53148731,5296.34,0.773483952,7892.630249,1.92260793,10204,2.692486216,7888.984613,2.776432588,2930,1.476274383,1547.38,0.250307823,2554.141022,1.118167669,10204,2.328379641,2549.575707,2.611278286,1095
"KCAE20120718_111819",3695.85,"2012","07","18",0.531556217,2874.74,0.433591504,4424.367704,1.255741112,10204,2.148898654,4420.284531,2.034310265,2057,1.482278794,821.11,0.120629673,1230.663927,0.644696927,10202,1.843434743,1225.884104,1.79041061,665
"KCAE20120718_112404",3521.63,"2012","07","18",0.532614022,2982.06,0.478938857,4886.613158,1.8843957,10203,2.52585015,4882.468339,3.684979185,1933,1.477671895,539.57,0.076412521,780.0190165,0.521030395,10208,1.802600948,775.1184077,1.827842906,430
"KCAE20120718_112952",4288.45,"2012","07","18",0.531508843,1874.89,0.304916123,3111.364114,1.261824724,10204,2.110725372,3106.987748,2.688942827,1472,1.484625959,2413.56,0.192860563,1968.142044,3.125881351,10205,5.842844725,1963.195828,16.26401391,336
"KCAE20120718_113538",6386.87,"2012","07","18",0.531238443,1353.66,0.230157112,2348.293012,1.006485126,10203,2.045160349,2343.75376,2.304708184,1146,1.483480021,5033.21,0.368320324,3757.972269,5.206626958,10203,12.72205595,3753.006505,27.98224837,295
"KCAE20120718_114125",8757.86,"2012","07","18",0.531741295,1152.18,0.185730912,1895.941148,0.841248135,10208,1.984577818,1891.30266,2.003718464,953,1.484263695,7605.68,0.546265512,5574.639549,6.641740345,10205,17.85154264,5569.681304,33.72596057,312
"KCAE20120718_114711",12371.69,"2012","07","18",0.531725145,1516.65,0.228905979,2335.527705,1.127558196,10203,2.094314387,2330.971913,2.784773779,1113,1.481533752,10855.04,0.772278454,7879.557069,8.993834228,10203,24.84101682,7874.602332,44.85215554,317
"KCAE20120718_115301",16356.76,"2012","07","18",0.532717977,1937.45,0.2526984,2579.292574,1.40184808,10207,2.440479344,2574.705708,3.699437336,1055,1.480471764,14419.31,1.022966875,10440.39992,11.30321122,10206,29.31309896,10435.46323,53.30226277,356
"KCAE20120718_115848",22074.82,"2012","07","18",0.531745817,2119.04,0.264685341,2701.11391,1.556170051,10205,2.661902267,2696.506997,4.246339606,1013,1.483194145,19955.78,1.407918141,14362.17296,15.28273702,10201,40.3293224,14357.23877,71.67092186,356
"KCAE20120718_120435",39529.48,"2012","07","18",0.531696387,7600.5,0.613745631,6260.819182,8.843404165,10201,6.912884139,6256.160146,28.96239493,905,1.479845045,31928.98,2.253927246,22994.56577,23.68383757,10202,59.71336523,22989.64561,107.0560887,385
"KCAE20120718_121022",42778.51,"2012","07","18",0.531757765,8178.15,0.646276737,6595.900377,9.4582437,10206,7.94120632,6591.201245,32.29917803,830,1.481870656,34600.36,2.460130713,25098.25354,25.80198209,10202,59.04318454,25093.35343,112.5538705,425
"KCAE20120718_121608",35594.01,"2012","07","18",0.532722787,3839.48,0.33130153,3380.600814,3.464887872,10204,4.649931903,3375.850562,12.20028864,726,1.477704738,31754.53,2.314601033,23618.18894,20.03305466,10204,52.70825749,23613.29936,80.61220222,448
"KCAE20120718_122155",31309.13,"2012","07","18",0.531232139,5667.39,0.445022945,4541.014133,5.562332427,10204,6.904458598,4536.229299,20.89377873,657,1.482728349,25641.74,1.898374282,19365.31605,14.26317642,10201,37.9616844,19360.45904,52.01021198,510
"KCAE20120718_122743",30377.5,"2012","07","18",0.531793724,6271.05,0.477959783,4877.579589,5.339989084,10205,8.203304172,4872.762678,20.66885474,594,1.483919031,24106.45,1.811826821,18480.63358,14.63108353,10200,35.80577535,18475.78008,54.95328607,516
"KCAE20120718_123329",37481.27,"2012","07","18",0.531001551,3667.64,0.29756815,3035.195135,3.38158997,10200,6.085005253,3030.332616,14.12011475,498,1.481918456,33813.63,2.549370424,26006.12769,19.39029647,10201,45.53642952,26001.30126,69.0451863,571
"KCAE20120718_123918",27600.88,"2012","07","18",0.531768545,3466.07,0.288457458,2942.554524,2.557867944,10201,5.109095819,2937.730096,9.570486417,575,1.482923306,24134.81,1.830655927,18676.35176,15.24800822,10202,31.97180025,18671.53134,55.70348325,584
"KCAE20120718_124505",152534.87,"2012","07","18",0.533572711,105630.3,7.899806267,80562.22431,61.26942386,10198,98.12122372,80557.52468,194.4691734,821,1.479265527,46904.57,3.705484811,37807.06152,22.81388807,10203,48.27885101,37802.34034,68.08403176,783
"KCAE20120718_125051",119010.64,"2012","07","18",0.531735696,81429.84,6.163144787,62870.23998,48.18506862,10201,79.98157926,62865.5213,155.7466637,786,1.484313672,37580.8,2.980250534,30401.53569,17.1505691,10201,35.0598127,30396.85761,48.35808343,867
"KCAE20120718_125640",86981.93,"2012","07","18",0.531534017,49261.75,3.774646458,38512.71781,30.79841943,10203,44.56948753,38508.03722,96.91726001,864,1.482378943,37720.18,2.939023128,29983.91395,17.59901994,10202,31.42482072,29979.27897,49.18581386,954
"KCAE20120719_100305",2867.84,"2012","07","19",0.535876956,2747.7,0.303026262,3094.201166,3.127732291,10211,11.88159174,3089.213852,15.73358135,260,0.891163256,120.14,0.013755434,140.277921,0.210397618,10198,2.33096349,135.1958824,1.557002172,58
"KCAE20120719_100722",5663.13,"2012","07","19",0.536207218,5597.43,0.616365551,6288.777721,5.038962398,10203,13.93323757,6283.890143,19.74063381,451,0.888347256,65.7,0.007410887,75.60586471,0.127037046,10202,1.905710716,70.51129648,0.925135876,37
"KCAE20120719_101139",9233.09,"2012","07","19",0.535749939,9030.36,0.989375539,10089.65174,5.811323364,10198,14.91846071,10084.87944,17.38025054,676,0.887661822,202.73,0.02176368,222.0330661,0.434427739,10202,3.055711806,216.9555382,4.254552073,71
"KCAE20120719_101557",16945,"2012","07","19",0.535271378,15553.14,1.672692778,17059.79364,10.62020555,10199,16.75362696,17055.19224,29.63261275,1018,0.886967738,1391.86,0.152253438,1552.985065,1.344581477,10200,6.292667672,1547.996247,6.038713312,246
"KCAE20120719_102015",24224.96,"2012","07","19",0.538004573,18495.38,1.983250578,20215.27315,8.041650681,10193,13.92893988,20210.89177,16.97205399,1451,0.8929097,5729.58,0.615112605,6275.993911,3.057306971,10203,7.110342795,6271.322345,7.874481234,882
"KCAE20120719_102432",33356.54,"2012","07","19",0.541793441,26634.39,2.78179199,28396.53263,10.67188364,10208,14.61265585,28392.39032,20.63077233,1943,0.887273275,6722.15,0.716869178,7317.083702,3.352296025,10207,6.59379973,7312.5239,8.045558613,1109
"KCAE20120719_102851",32491.01,"2012","07","19",0.536478371,23972.3,2.454437752,25025.44731,8.094852537,10196,10.88837639,25021.48894,14.10551817,2298,0.892237333,8518.71,0.900534591,9189.955496,3.149345851,10205,5.810014711,9185.633258,5.959480723,1581
"KCAE20120719_103309",34762.67,"2012","07","19",0.536075879,23046.4,2.298403219,23462.10005,6.432287433,10208,9.141960242,23458.26998,10.10237062,2566,0.887408792,11716.27,1.21620325,12418.65139,3.640008114,10211,6.321037728,12414.5181,6.052495095,1964
"KCAE20120719_103727",35326.75,"2012","07","19",0.53681359,22210.35,2.158999482,22030.43072,5.671234855,10204,8.080221144,22026.68284,8.518546107,2726,0.886358989,13116.4,1.36019292,13875.32798,3.767432793,10201,6.167782365,13871.34254,5.893928485,2249
"KCAE20120719_104145",42316.51,"2012","07","19",0.536286748,21867.04,2.060405843,21042.92488,6.074026772,10213,7.824155428,21039.15395,9.749520194,2689,0.8871899,20449.47,1.954950472,19934.62997,5.459500398,10197,7.290010829,19930.88961,8.502561152,2734
"KCAE20120719_104603",33945.8,"2012","07","19",0.542457622,18312.26,1.698740754,17335.6494,5.241274239,10205,7.334625089,17331.71909,8.793441622,2363,0.884268997,15633.54,1.521566595,15509.3283,4.524441645,10193,6.244649275,15505.46415,7.386213401,2483
"KCAE20120719_105022",30275.12,"2012","07","19",0.536068124,15758.89,1.424771586,14542.64358,4.783618637,10207,6.933037173,14538.57895,8.556820836,2097,0.888637182,14516.23,1.375422158,14034.8077,4.458859077,10204,5.915211807,14030.88241,7.661058917,2372
"KCAE20120719_105441",23239.8,"2012","07","19",0.535759749,11225.55,0.994842199,10154.35432,3.722099578,10207,5.53443723,10150.15788,7.211282164,1834,0.8899809,12014.25,1.123753665,11462.28738,3.375478645,10200,5.381983232,11458.2423,5.628649848,2129
"KCAE20120719_105900",14500.86,"2012","07","19",0.534623795,6409.32,0.580716441,5921.56555,2.283868476,10197,4.373342979,5917.13305,4.76860999,1353,0.889966431,8091.54,0.779443469,7942.528954,2.542436838,10190,4.383395641,7938.329506,4.53686284,1811
"KCAE20120719_110319",9723.97,"2012","07","19",0.535859337,3900.57,0.368122794,3760.742463,1.631720225,10216,3.707926986,3756.130036,3.805356321,1013,0.889947521,5823.4,0.576902657,5883.253298,2.291644402,10198,4.15466528,5878.851371,4.795707293,1415
"KCAE20120719_110738",5876.41,"2012","07","19",0.536462822,2046.8,0.190775475,1949.153026,1.373951696,10217,3.399159223,1944.319076,4.780283357,572,0.89095202,3829.61,0.39085496,3988.284013,1.698948008,10204,3.41659887,3983.754282,3.86445621,1166
"KCAE20120719_111156",3715.99,"2012","07","19",0.53556386,1216.32,0.126442694,1291.106351,0.978088885,10211,2.956797115,1286.206745,3.757534042,435,0.886832978,2499.67,0.240288962,2449.986254,1.290608928,10196,3.204794961,2445.258555,3.574051635,763
"KCAE20120719_111614",3394.02,"2012","07","19",0.536109792,1239.76,0.139902099,1428.820137,0.999203845,10213,2.759612645,1423.960125,3.543367916,516,0.888257496,2154.26,0.20762079,2118.354925,1.091861169,10203,3.117376279,2113.581117,2.980341575,678
"KCAE20120719_112034",2194.98,"2012","07","19",0.535460821,726.84,0.092043862,937.6508215,0.65877916,10187,2.242196445,932.753721,2.412571207,416,0.891339167,1468.14,0.140785598,1437.561743,1.070378778,10211,3.190799896,1432.669153,4.044598332,449
"KCAE20120719_112452",961,"2012","07","19",0.535600184,707.25,0.096542113,985.1157223,0.563159467,10204,1.725856131,980.2862821,1.700262797,568,1.538393925,253.75,0.040665755,414.8720323,0.337730223,10202,1.512526723,409.8947419,1.440724197,271
"KCAE20120719_113426",389.39,"2012","07","19",0.525169743,297.01,0.052199473,532.5912233,0.364931215,10203,1.4496155,527.6600421,1.308526352,364,1.536940025,92.38,0.015413643,157.2345676,0.16161075,10201,1.152940252,152.1881133,0.844204213,132
"KCAE20120719_114401",233.81,"2012","07","19",0.524913232,192.66,0.035419781,361.3526056,0.309096709,10202,1.28656434,356.3783223,1.384312142,277,1.536210919,41.15,0.006549473,66.83081934,0.106024376,10204,1.122623093,61.7442701,0.921082843,55
"KCAE20120719_115335",201.55,"2012","07","19",0.523230069,135.92,0.02356963,240.4573603,0.192945356,10202,1.095125597,235.4520034,0.772111385,215,1.53749054,65.63,0.012232725,124.8227213,0.803150353,10204,5.700911032,119.7191317,17.17624289,21
"KCAE20120719_120312",150.31,"2012","07","19",0.526472725,135.06,0.023888796,243.7612792,0.235959771,10204,1.158982569,238.7504092,1.204029129,206,1.534963133,15.25,0.002333044,23.81104607,0.053244737,10206,1.039163918,18.70495053,0.749379304,18
"KCAE20120719_121247",63.94,"2012","07","19",0.524061742,58.95,0.010680877,108.9769833,0.12111971,10203,0.927852705,103.9195029,0.700081212,112,1.536468939,4.99,0.000675867,6.89722447,0.010887141,10205,0.594704104,1.784112312,0.274370632,3
"KCAE20120719_122223",83.33,"2012","07","19",0.523319162,74.26,0.013793071,140.7445,0.167169614,10204,1.112225658,135.6915303,1.06075342,122,1.53601658,9.07,0.001158965,11.82608396,0.024386298,10204,0.839497366,6.715978928,0.25092281,8
"KCAE20120719_123159",89.85,"2012","07","19",0.523373294,84.27,0.013317123,135.8612906,0.147789272,10202,1.090069341,130.8083209,0.830224597,120,1.535544999,5.58,0.000751161,7.66484633,0.013487328,10204,0.638184137,2.552736547,0.276939713,4
"KCAE20120719_124134",100.43,"2012","07","19",0.525639216,94.19,0.013277941,135.4748305,0.155092679,10203,1.278552336,130.4123382,0.89250751,102,1.532616458,6.24,0.000829885,8.468978506,0.018720395,10205,0.839091884,3.356367536,0.50470761,4
"KCAE20120719_125111",45.13,"2012","07","19",0.523129167,40.99,0.007115927,72.63937988,0.095349743,10208,1.072298975,67.5548354,0.580226013,63,1.544921708,4.14,0.000501187,5.114114532,0,10204,NA,0,NA,0
"KCAE20120720_100231",33.69,"2012","07","20",0.534957791,29.56,0.003294591,33.59494346,0.087021875,10197,2.035096705,28.49135386,1.21964055,14,1.466313476,4.13,0.000501187,5.11261097,0,10201,NA,0,NA,0
"KCAE20120720_100728",683.3,"2012","07","20",0.53406324,673.44,0.073318127,748.1381644,0.748520023,10204,4.644401499,743.1042399,3.819953123,160,1.458406255,9.86,0.001245606,12.70891778,0.050235239,10203,2.532269333,7.596807998,1.805776813,3
"KCAE20120720_101226",2276.2,"2012","07","20",0.534648415,2260.6,0.230497392,2352.686883,2.010150188,10207,7.904781539,2347.720117,8.857637916,297,1.464629735,15.6,0.001835979,18.73983618,0.063299612,10207,2.271204201,13.62722521,1.412476573,6
"KCAE20120720_101724",4651.33,"2012","07","20",0.535096017,4642.56,0.459792294,4688.961817,3.031335125,10198,8.246717225,4684.135384,10.04639714,568,1.465333288,8.77,0.001336818,13.63554264,0.038690876,10200,1.421073331,8.526439983,0.795827861,6
"KCAE20120720_102223",6149.55,"2012","07","20",0.535065821,6140.83,0.588963047,6012.134782,3.302011638,10208,7.832337774,6007.403073,9.406590415,767,1.457442393,8.72,0.001167248,11.91410273,0.029434893,10207,1.13358196,6.80149176,0.478310875,6
"KCAE20120720_102721",6617.47,"2012","07","20",0.534800911,6576.34,0.605095154,6175.601143,2.941454383,10206,6.887204342,6170.93509,7.439255942,896,1.464345514,41.13,0.005024456,51.25949698,0.166337774,10202,2.884650239,46.15440382,3.15551951,16
"KCAE20120720_103219",5761.73,"2012","07","20",0.535348891,5749.06,0.509873151,5199.176518,2.274830819,10197,5.567560042,5194.533519,5.331587092,933,1.46544381,12.67,0.001966765,20.06296933,0.050653338,10201,1.246364383,14.9563726,0.829379219,12
"KCAE20120720_103717",3562.57,"2012","07","20",0.534777103,3477.91,0.300737507,3067.82331,1.568891069,10201,4.705125917,3063.036972,4.227584908,651,1.469038474,84.66,0.010838147,110.6249635,0.397167619,10207,3.638754479,105.5238799,6.620145046,29
"KCAE20120720_104213",2659.65,"2012","07","20",0.535059056,2603.93,0.223593007,2281.095854,1.365255425,10202,4.138651627,2276.258395,4.289875887,550,1.465955917,55.72,0.008336746,85.04314791,0.244065012,10201,1.950026478,79.95108562,3.362999199,41
"KCAE20120720_104711",1598.98,"2012","07","20",0.534910386,1491.66,0.129624144,1321.777396,0.956586154,10197,3.668096702,1316.846716,3.612104333,359,1.467295809,107.32,0.013899749,141.7635387,0.254652028,10199,1.980963943,136.686512,2.402551564,69
"KCAE20120720_105208",887.51,"2012","07","20",0.53506831,753.09,0.066083501,674.3160478,0.644522629,10204,3.042328156,669.3121944,3.202962117,220,1.471670843,134.42,0.018112477,184.7291532,0.206775576,10199,1.6636266,179.6716728,1.145751582,108
"KCAE20120720_105706",484.6,"2012","07","20",0.534946315,294.33,0.029250671,298.4445964,0.336834196,10203,2.157346651,293.3991445,1.987469338,136,1.4623464,190.27,0.025633427,261.4865845,0.311132264,10201,1.899567658,256.4416338,1.945077123,135
"KCAE20120720_110203",342.69,"2012","07","20",0.535221806,110.88,0.011763422,120.057483,0.176013192,10206,1.742052189,114.9754444,1.343210768,66,1.46130651,231.81,0.031716313,323.6966927,0.302369723,10206,1.810623777,318.6697848,1.446750012,176
"KCAE20120720_110700",351.23,"2012","07","20",0.534505587,74.28,0.010080694,102.8734809,0.153793902,10205,1.438131557,97.7929459,1.232314506,68,1.459330478,276.95,0.039006247,397.8247147,0.354507363,10199,1.935048508,392.8148471,1.630522302,203
"KCAE20120720_111157",289.97,"2012","07","20",0.534306029,49.33,0.007624867,77.80414392,0.108870874,10204,1.298537426,72.71809588,0.701923756,56,1.481051689,240.64,0.032495894,331.5231085,0.550715488,10202,2.236186093,326.4831696,4.046735402,146
"KCAE20120720_111744",248.12,"2012","07","20",0.53167992,37.92,0.005874533,59.93786004,0.101012218,10203,1.482237584,54.84279062,0.801999066,37,1.48440497,210.2,0.028699735,292.8233974,0.296295861,10203,1.971116146,287.7829573,1.524046325,146
"KCAE20120720_112331",244.26,"2012","07","20",0.531106907,58.77,0.00953169,97.24230015,0.18842204,10202,1.843084947,92.15424736,1.985873353,50,1.482827022,185.49,0.025211886,257.2872957,0.318521255,10205,1.910900278,252.2388367,2.067073353,132
"KCAE20120720_112917",240.63,"2012","07","20",0.531683888,47.45,0.007909951,80.68149685,0.129864796,10200,1.426338679,75.59594999,1.116441555,53,1.482315407,193.18,0.025085868,255.9260239,0.493936922,10202,2.4121638,250.8650352,4.28370764,104
"KCAE20120720_113502",138.29,"2012","07","20",0.53121659,60.82,0.008109501,82.72501613,0.136989021,10201,1.617426295,77.63646215,1.189583965,48,1.485729722,77.47,0.010443214,106.5834414,0.147511126,10206,1.514953791,101.501904,1.025403542,67
"KCAE20120720_114048",209.8,"2012","07","20",0.531222449,97.27,0.012806019,130.6726223,0.194811494,10204,1.932170538,125.591085,1.511553393,65,1.484955917,112.53,0.015191166,154.9802762,0.177894746,10202,1.529757964,149.9162804,0.99401575,98
"KCAE20120720_114634",110.2,"2012","07","20",0.531964017,51.59,0.007678346,78.32680409,0.133270287,10201,1.664460122,73.23624536,1.17988911,44,1.483293739,58.61,0.008469517,86.41448538,0.122564268,10203,1.290991219,81.33244683,0.888858543,63
"KCAE20120720_115220",142,"2012","07","20",0.532213878,72.99,0.008637516,88.11129703,0.168643028,10201,2.306020245,83.0167288,1.685340609,36,1.482105519,69.01,0.010181373,103.8805454,0.152286955,10203,1.431905999,98.80151394,1.189280754,69
"KCAE20120720_115807",114.03,"2012","07","20",0.531483136,40.58,0.006513985,66.47522045,0.149248223,10205,2.116384109,61.37513916,1.86921985,29,1.483934191,73.45,0.011855931,121.001627,0.172008187,10206,1.505520799,115.9251015,1.302011872,77
"KCAE20120720_120353",159.49,"2012","07","20",0.531627514,85.3,0.009739914,99.4055639,0.188314315,10206,2.48182874,94.30949211,1.865752655,38,1.482744504,74.19,0.011197453,114.2252211,0.170342842,10201,1.760381995,109.1436837,1.312687664,62
"KCAE20120720_120939",119.62,"2012","07","20",0.531979802,65.38,0.008904665,90.85430128,0.177016991,10203,2.25683508,85.75973305,1.852250081,38,1.48042548,54.24,0.007592168,77.47047747,0.120658739,10204,1.477161655,72.38092111,0.93772766,49
"KCAE20120720_121526",154.52,"2012","07","20",0.532704458,50.68,0.007395201,75.445843,0.114223647,10202,1.256442809,70.36079733,0.906982432,56,1.53399581,103.84,0.01352764,138.0225102,0.307866687,10203,2.0772027,132.9409728,3.315868868,64
"KCAE20120720_122502",89.49,"2012","07","20",0.524347136,51.85,0.007575964,77.31271212,0.149705164,10205,1.362729421,72.22465932,1.586292456,53,1.537340883,37.64,0.004970739,50.72142362,0.094880129,10204,1.169919369,45.62685539,1.009424938,39
"KCAE20120720_123438",90.99,"2012","07","20",0.524599322,75.38,0.009200691,93.84704407,0.316873837,10200,1.849145652,88.75899127,4.279601021,48,1.536525386,15.61,0.002030227,20.71034545,0.047434703,10201,1.300312394,15.60374873,0.495457551,12
"KCAE20120720_124414",61.45,"2012","07","20",0.526838842,33.26,0.005579133,56.93505466,0.082764551,10205,0.836314719,51.85151255,0.663424058,62,1.534833222,28.19,0.002926076,29.85183212,0.078369707,10202,1.767552613,24.74573659,1.208877798,14
"KCAE20120720_125349",1831.08,"2012","07","20",0.524445358,26.03,0.00424655,43.33179208,0.070492635,10204,0.910445891,38.23872741,0.626021741,42,1.532702594,1805.05,0.155333096,1585.018907,6.400052826,10204,65.82986754,1579.916821,116.8727043,24
"KCAE20120721_100417",18.01,"2012","07","21",0.535507329,4.88,0.000648299,6.615887364,0.010525298,10205,0.75113701,1.502274019,0.061081616,2,0.889760712,13.13,0.001458694,14.88742884,0.050948588,10206,2.443579171,9.774316683,0.935334847,4
"KCAE20120721_100835",154.27,"2012","07","21",0.536553607,142.93,0.016448295,167.7397128,0.360254504,10198,3.535905652,162.65166,4.085301421,46,0.866054421,11.34,0.001479723,15.10205442,0.037764783,10206,1.248868377,9.990947015,0.547274045,8
"KCAE20120721_101254",1266.23,"2012","07","21",0.535531562,1262.1,0.137332187,1401.749636,1.530325386,10207,7.759579064,1396.724231,8.605539056,180,0.894581838,4.13,0.000501187,5.109603847,0,10195,NA,0,NA,0
"KCAE20120721_101711",1203.73,"2012","07","21",0.536572589,1192.67,0.124970029,1275.31915,1.232082871,10205,6.078034844,1270.309282,6.17390205,209,0.889732834,11.06,0.001313808,13.41791713,0.043606072,10213,2.075324166,8.301296663,0.857359092,4
"KCAE20120721_102128",3209.31,"2012","07","21",0.535145283,3062.64,0.314789726,3206.133358,2.249067495,10185,6.086107206,3201.29239,7.933007686,526,0.886814039,146.67,0.015963144,162.9836978,0.199624509,10210,2.024431651,157.9056688,1.079670697,78
"KCAE20120721_102548",4772.01,"2012","07","21",0.536052425,4313.26,0.435563621,4446.669008,2.498926757,10209,6.456245936,4441.897204,7.339159147,688,0.862165614,458.75,0.048556254,495.3709039,0.418930793,10202,2.608255398,490.3520149,1.692060337,188
"KCAE20120721_103007",6313.08,"2012","07","21",0.534955837,5523.41,0.534424064,5455.935274,2.732634196,10209,6.599555247,5451.232634,7.233437722,826,0.889572651,789.67,0.080331765,819.3036694,0.56147388,10199,2.798412049,814.3379063,1.858725807,291
"KCAE20120721_103425",5199.72,"2012","07","21",0.536588593,4438.38,0.419726494,4281.629968,1.901609,10201,4.990603121,4276.946874,4.500383944,857,0.886742791,761.34,0.078414275,800.6881575,0.525752997,10211,2.583522404,795.7249004,1.643484148,308
"KCAE20120721_103844",5853.25,"2012","07","21",0.536263007,5087.56,0.457365289,4666.040682,2.238448217,10202,5.536044619,4661.349569,5.712315214,842,0.864226893,765.69,0.082855746,843.9686304,0.545513146,10186,2.621949741,839.0239172,1.680559786,320
"KCAE20120721_104302",3801.85,"2012","07","21",0.536259512,3044.1,0.273307101,2789.372271,1.374853238,10206,4.162320551,2784.592449,3.559102386,669,0.889480873,757.75,0.081994667,836.9195633,0.514114804,10207,2.38389358,831.9788595,1.49986629,349
"KCAE20120721_104720",3890.03,"2012","07","21",0.53636658,2647.36,0.230870272,2355.569386,1.291017308,10203,4.313264073,2350.72892,3.690321557,545,0.866658852,1242.67,0.118502026,1209.431673,0.717944779,10206,2.834187201,1204.52956,2.166189923,425
"KCAE20120721_105138",2305.63,"2012","07","21",0.541210732,1832.93,0.167841775,1712.321786,1.119443706,10202,3.87172267,1707.429698,3.831724188,441,0.889190452,472.7,0.048072754,490.4382355,0.378361616,10202,2.289770637,485.4313751,1.328501778,212
"KCAE20120721_105556",1255.62,"2012","07","21",0.536123768,1061.12,0.104077584,1061.903586,0.742912076,10203,3.174044649,1056.956868,2.681013463,333,0.887840584,194.5,0.022078514,225.244996,0.229468972,10202,1.819772954,220.1925275,1.085564701,121
"KCAE20120721_110014",537.27,"2012","07","21",0.535197671,406.43,0.046761475,476.6864714,0.426687005,10194,2.300878596,471.6801121,1.971320482,205,0.889887202,130.84,0.017342554,177.1888734,0.211722049,10217,1.870808181,172.1143526,1.236008075,92
"KCAE20120721_110432",295.11,"2012","07","21",0.53696742,205.45,0.0279226,284.8942891,0.276303383,10203,1.73826936,279.8613669,1.370070754,161,0.888469342,89.66,0.011587205,118.2010832,0.152769365,10201,1.639464553,113.1230542,0.89078882,69
"KCAE20120721_110852",134.05,"2012","07","21",0.53613195,72.33,0.011096181,113.1366582,0.13810974,10196,1.480316985,108.0631399,0.704623922,73,0.890003023,61.72,0.009307419,94.89844644,0.138428819,10196,1.522337482,89.81791145,1.012930325,59
"KCAE20120721_111309",140.52,"2012","07","21",0.534920677,94.35,0.01502046,153.23873,0.180532823,10202,1.411221357,148.1782425,1.099208165,105,0.864476735,46.17,0.006700049,68.36729845,0.121670609,10204,1.506529376,63.27423378,1.170506964,42
"KCAE20120721_111729",95.13,"2012","07","21",0.544397983,57.3,0.010648616,108.5945837,0.125353045,10198,1.203797423,103.5265784,0.657608935,86,0.866841628,37.83,0.005336708,54.48244881,0.091534048,10209,1.334712764,49.38437227,0.743523779,37
"KCAE20120721_112148",82.92,"2012","07","21",0.536257359,65.66,0.012131119,123.8102049,0.155087067,10206,1.334153861,118.7396936,1.003024047,89,0.861843489,17.26,0.002822563,28.81555029,0.06277772,10209,1.185447678,23.70895357,0.801420059,20
"KCAE20120721_112607",82.54,"2012","07","21",0.535316811,52.91,0.009621897,98.10486256,0.116477724,10196,1.192741668,93.03385014,0.606161466,78,0.864741907,29.63,0.00417571,42.61311704,0.179678558,10205,2.500401275,37.50601913,4.10422378,15
"KCAE20120721_113024",53.06,"2012","07","21",0.535071002,42.15,0.008267237,84.35888418,0.111973378,10204,1.043195525,79.28285988,0.782414571,76,0.867938234,10.91,0.001583863,16.15381936,0.036467623,10199,1.104722263,11.04722263,0.391734956,10
"KCAE20120721_113442",75.43,"2012","07","21",0.535881792,25.58,0.004140871,42.24516345,0.077537466,10202,1.16087779,37.14808928,0.769939167,32,0.866019436,49.85,0.005568818,56.83535768,0.223287804,10206,2.873847897,51.72926215,4.604646794,18
"KCAE20120721_113900",171,"2012","07","21",0.536211271,73.26,0.010416421,106.1849988,0.151884455,10194,1.486911425,101.1099769,1.132314478,68,0.860505174,97.74,0.009901802,100.9389686,0.210266196,10194,2.738497356,95.84740746,2.358780081,35
"KCAE20120721_114320",144.69,"2012","07","21",0.53539031,102.37,0.012079852,123.3111266,0.207165344,10208,2.038346141,118.2240762,1.866435551,58,0.86155848,42.32,0.004460563,45.4620609,0.107359918,10192,1.922118359,40.36448555,1.415590459,21
"KCAE20120721_114738",121.89,"2012","07","21",0.535655455,86.88,0.01105889,112.7011521,0.18040329,10191,1.735881074,107.6246266,1.547379277,62,0.886669067,35.01,0.003615184,36.87125783,0.084444312,10199,1.672061673,31.76917179,1.046981101,19
"KCAE20120721_115156",37.21,"2012","07","21",0.535937363,25.99,0.004995029,50.90433571,0.071453975,10191,0.954599867,45.82079359,0.426214919,48,0.860222817,11.22,0.001327071,13.54143026,0.036600982,10204,1.405053809,8.430322854,0.606401842,6
"KCAE20120721_115616",51.43,"2012","07","21",0.535413801,41.7,0.006433311,65.70340903,0.102048426,10213,1.236925347,60.60934199,0.813908543,49,0.888277353,9.73,0.001496609,15.27438689,0.031735217,10206,0.847107019,10.16528423,0.391606908,12
"KCAE20120721_120033",49.92,"2012","07","21",0.536479999,37.07,0.005203,53.08100239,0.107568185,10202,1.411321488,47.9849306,1.238111468,34,0.892926406,12.85,0.001634596,16.6924937,0.039592868,10212,1.157938155,11.57938155,0.539879595,10
"KCAE20120721_120451",55.22,"2012","07","21",0.536084516,42.72,0.00600893,61.23700903,0.098770166,10191,1.369511186,56.14995861,0.75624786,41,0.867566393,12.5,0.001990115,20.2852408,0.043160713,10193,0.949041145,15.18465832,0.554562073,16
"KCAE20120721_120908",54.12,"2012","07","21",0.535477185,23.63,0.004033027,41.15703575,0.08785244,10205,1.638793007,36.05344615,0.971848733,22,0.863193334,30.49,0.00305002,31.10105718,0.089279379,10197,1.999766646,25.9969664,1.564576301,13
"KCAE20120721_121328",40.71,"2012","07","21",0.534662943,21.69,0.003750651,38.2603959,0.065984226,10201,1.143528254,33.16231935,0.486564525,29,0.866754934,19.02,0.00214747,21.90205138,0.061637852,10199,1.526905077,16.79595584,1.146435309,11
"KCAE20120721_121747",85.54,"2012","07","21",0.53631572,9.26,0.001540777,15.7143868,0.035229008,10199,1.060779008,10.60779008,0.398008424,10,0.888329951,76.28,0.007064721,72.04602842,0.160769521,10198,2.677898028,66.94745069,1.879585508,25
"KCAE20120721_122205",149.81,"2012","07","21",0.536146601,14.46,0.002574974,26.2621634,0.054502197,10199,1.17553201,21.15957618,0.567987161,18,0.878654408,135.35,0.012444807,127.0365934,0.281421444,10208,3.387181023,121.9385168,3.367597042,36
"KCAE20120721_122625",195.81,"2012","07","21",0.535435025,20.5,0.002383807,24.29814305,0.062059676,10193,1.599629652,19.19555582,0.884363564,12,0.878767844,175.31,0.01653976,168.7055487,0.299922838,10200,3.804999768,163.61499,2.662216563,43
"KCAE20120721_123044",444.08,"2012","07","21",0.53560206,57.29,0.006127119,62.55176278,0.148053499,10209,2.12772868,57.44867437,1.979736043,27,0.888702698,386.79,0.034725401,354.1296373,0.624685451,10198,5.629832314,349.0496035,5.763649269,62
"KCAE20120721_123503",609.64,"2012","07","21",0.53672445,203.73,0.018437789,188.1023232,0.631911419,10202,5.22876436,183.0067526,9.579310716,35,0.870593333,405.91,0.035024968,357.6049268,0.634669063,10210,6.409370372,352.5153704,5.877381919,55
"KCAE20120721_123922",804.44,"2012","07","21",0.535805099,130.87,0.011611765,118.3006634,0.436211306,10188,5.95811002,113.2040904,8.384092587,19,0.863150038,673.57,0.057114684,583.426499,0.90651184,10215,6.152701947,578.353983,7.235199645,94
"KCAE20120721_124341",722.87,"2012","07","21",0.535909617,137.84,0.012043511,122.8317734,0.251386309,10199,3.679256337,117.7362028,2.61976662,32,0.864350254,585.03,0.049427059,504.2054275,0.686098095,10201,5.254109782,499.1404293,4.842006258,95
"KCAE20120721_124800",699.13,"2012","07","21",0.536166267,104.97,0.008840971,90.29283865,0.226687005,10213,4.056416112,85.18473836,3.000124975,21,0.870482106,594.16,0.048787516,497.7790299,0.609069269,10203,4.648288136,492.7185424,3.802973601,106
"KCAE20120721_125222",601.32,"2012","07","21",0.536383932,90.14,0.008378326,85.44216578,0.173642601,10198,2.678203133,80.34609399,1.790661313,30,0.864002546,511.18,0.041929184,427.3841711,0.577124674,10193,4.692451961,422.3206765,4.009646696,90
"KCAE20120721_125641",1026.22,"2012","07","21",0.536103615,46.27,0.005738175,58.51217329,0.12890446,10197,2.225566482,53.41359556,1.487310017,24,0.863350907,979.95,0.075887195,773.5940687,2.366369419,10194,7.534667521,768.5360872,22.54716171,102
"KCAE20120722_100246",1358.47,"2012","07","22",0.530989884,582.86,0.070092701,715.0156421,1.760970077,10201,5.590288834,709.9666819,14.8301375,127,1.481565049,775.61,0.065292515,665.9836558,0.560121552,10200,3.224264827,660.9742894,2.334859564,205
"KCAE20120722_100832",1245.31,"2012","07","22",0.530623066,815.06,0.096176184,981.2856069,2.03026507,10203,7.509516522,976.2371479,16.42830478,130,1.483519288,430.25,0.036058356,367.9394686,0.389641402,10204,2.880067489,362.8885037,2.034001275,126
"KCAE20120722_101419",3357.13,"2012","07","22",0.531633619,3224.34,0.375409023,3830.298265,3.109105669,10203,9.936045737,3825.377609,12.71142249,385,1.481519593,132.79,0.011365543,115.9512709,0.164351868,10202,2.173798417,110.8637193,0.846931018,51
"KCAE20120722_102005",4536.8,"2012","07","22",0.531199197,4256.81,0.489746113,4995.410352,2.81494313,10200,5.690693026,4990.737783,7.913749457,877,1.480127298,279.99,0.022687579,231.5494287,0.272952585,10206,2.603194427,226.4779151,1.430518624,87
"KCAE20120722_102552",5856.2,"2012","07","22",0.531599162,5420.2,0.652705867,6659.557961,2.734609934,10203,4.882705404,6655.127466,5.94537005,1363,1.481621659,436,0.035298578,360.1866853,0.491392963,10204,3.699173799,355.1206847,3.498490883,96
"KCAE20120722_103138",8547.98,"2012","07","22",0.531202153,8056.91,0.953494521,9730.411584,3.206551183,10205,4.689651124,9726.336431,5.751821557,2074,1.483955103,491.07,0.039362616,401.7742166,0.633586252,10207,4.507985261,396.702703,5.168975402,88
"KCAE20120722_103725",11871.31,"2012","07","22",0.531275438,11426.82,1.285931815,13119.07637,4.127118823,10202,4.97733734,13115.28389,6.898378216,2635,1.479087838,444.49,0.036745999,375.0664166,0.599798613,10207,4.457739724,369.9923971,4.983073584,83
"KCAE20120722_104310",14105.26,"2012","07","22",0.532021876,12853.51,1.411754321,14405.5411,4.255760614,10204,5.254214059,14401.80074,6.873692506,2741,1.481633353,1251.75,0.102542684,1046.243009,1.307839608,10203,5.312385859,1041.227628,7.853084742,196
"KCAE20120722_104856",10619.13,"2012","07","22",0.531914747,9275.96,1.061683851,10833.42201,3.6783769,10204,4.282157137,10829.5754,6.388620116,2529,1.482797346,1343.17,0.109316161,1115.352796,1.340322019,10203,4.495396662,1110.362975,7.396417029,247
"KCAE20120722_105441",7713.56,"2012","07","22",0.531802774,6980.32,0.860430767,8779.835551,2.587161534,10204,3.706042334,8775.908247,4.278208427,2368,1.483892426,733.24,0.070933523,723.7347357,0.662488243,10203,2.303774015,718.7774928,3.039396354,312
"KCAE20120722_110027",7249.6,"2012","07","22",0.531897967,6914.43,0.859404289,8768.501964,2.560678156,10203,3.524179655,8764.634803,4.185116787,2487,1.486863959,335.17,0.043052039,439.303011,0.348618614,10204,1.545657403,434.3297301,1.448652586,281
"KCAE20120722_110613",7429.06,"2012","07","22",0.531737312,7161.52,0.876229569,8938.417832,2.754188412,10201,3.684338392,8934.5206,4.644408062,2425,1.479825988,267.54,0.039337825,401.3638297,0.327376908,10203,1.651543756,396.3705013,1.379116398,240
"KCAE20120722_111200",8179.5,"2012","07","22",0.531440338,7994.94,0.947690382,9669.284968,3.166178893,10203,3.853839048,9665.428332,5.439824059,2508,1.48170374,184.56,0.028970987,295.5620119,0.273264446,10202,1.390208842,290.5536479,1.327182354,209
"KCAE20120722_111746",8654.89,"2012","07","22",0.531879405,8446.93,0.948405665,9679.428221,3.190937839,10206,4.111981469,9675.492398,5.582663707,2353,1.481611969,207.96,0.033779069,344.6816159,0.319003844,10204,1.656928023,339.6702447,1.545270882,205
"KCAE20120722_112333",9991.49,"2012","07","22",0.531768111,9833.13,1.058878362,10802.67705,4.443204993,10202,4.567998622,10798.74874,8.318127494,2364,1.479035635,158.36,0.026253702,267.8665219,0.248204053,10203,1.612482221,262.8346021,1.143177899,163
"KCAE20120722_112921",10465.01,"2012","07","22",0.531362521,10386.16,1.086368986,11082.05003,3.860962019,10201,4.615891777,11078.14027,6.861804426,2400,1.476712216,78.85,0.013907907,141.8606498,0.163302841,10200,1.354447128,136.7991599,0.941638434,101
"KCAE20120722_113507",8999.91,"2012","07","22",0.530843805,8923.88,0.91080068,9292.899337,3.066230225,10203,4.233767242,9288.885328,5.446495279,2194,1.482655653,76.03,0.012258744,125.0514454,0.174719541,10201,1.395138796,119.9819365,1.30840514,86
"KCAE20120722_114053",7222.99,"2012","07","22",0.531306429,7157.7,0.732754908,7477.031079,3.11135881,10204,3.949717342,7472.865211,6.28655624,1892,1.483493481,65.29,0.012532223,127.8662702,0.21022296,10203,1.682044432,122.7892436,1.848148458,73
"KCAE20120722_114638",6948.55,"2012","07","22",0.531242142,6892.86,0.727107317,7420.857276,3.233574003,10206,3.993900304,7416.672864,6.666218313,1857,1.483428417,55.69,0.010074193,102.7567648,0.181409642,10200,1.808735539,97.67171909,1.73756443,54
"KCAE20120722_115226",5742.08,"2012","07","22",0.531820778,5711.1,0.632766189,6454.847893,2.569591899,10201,3.456950963,6450.670498,5.132733706,1866,1.481295602,30.98,0.005343352,54.51287847,0.089767123,10202,1.300495037,49.41881142,0.701751833,38
"KCAE20120722_115811",4581.75,"2012","07","22",0.532002741,4563.47,0.490931512,5010.937946,2.03590554,10207,3.203202613,5006.605683,4.288403966,1563,1.48367061,18.28,0.003426826,34.96390267,0.060557566,10203,0.963413746,29.86582613,0.540280155,31
"KCAE20120722_120358",3102.13,"2012","07","22",0.531861452,3086.1,0.327637919,3343.217328,1.409348338,10204,2.959812547,3338.668553,3.191516058,1128,1.481473243,16.03,0.00256352,26.16072037,0.053097429,10205,1.169729223,21.05512602,0.497299913,18
"KCAE20120722_120945",2344.47,"2012","07","22",0.531618544,2332.79,0.26331267,2686.579173,1.034657261,10203,2.501868313,2682.002832,2.143060538,1072,1.481276587,11.68,0.001625569,16.58730981,0.038888515,10204,1.147820715,11.47820715,0.503283171,10
"KCAE20120722_121532",2021.06,"2012","07","22",0.532203357,2014.99,0.250327773,2554.594921,1.012127008,10205,2.23688742,2550.051659,2.175022615,1140,1.483081615,6.07,0.00096418,9.837528084,0.020875982,10203,0.78782031,4.726921862,0.381852786,6
"KCAE20120722_122118",2162.76,"2012","07","22",0.53179352,2154.95,0.271509716,2770.213634,1.228272987,10203,2.454006086,2765.664859,2.882616602,1127,1.479652088,7.81,0.001276597,13.02511449,0.030477145,10203,0.87955687,7.916011827,0.562102918,9
"KCAE20120722_122704",2614.72,"2012","07","22",0.531588639,2597.57,0.332819414,3396.422117,1.207953208,10205,2.452639655,3392.000643,2.360463977,1383,1.479629629,17.15,0.001813157,18.50326443,0.06640323,10205,2.231942639,13.39165583,1.739826677,6
"KCAE20120722_123251",2010.28,"2012","07","22",0.531629968,1992.02,0.292303839,2982.668377,1.155479358,10204,2.356161205,2978.187763,2.43312943,1264,1.483152143,18.26,0.0021614,22.05276672,0.062209591,10203,1.694416525,16.94416525,1.096292209,10
"KCAE20120722_123838",2027.41,"2012","07","22",0.531682838,2018.31,0.290979727,2969.44811,1.098551301,10205,2.220975714,2965.002579,2.223155387,1335,1.482133915,9.1,0.001262152,12.88278454,0.030123306,10207,0.971396993,7.771175941,0.496540015,8
"KCAE20120722_124423",1563.95,"2012","07","22",0.531987134,1551.47,0.228272073,2329.973051,0.847040832,10207,2.039849813,2325.428787,1.652656956,1140,1.478247975,12.48,0.001541855,15.73154475,0.042356232,10203,1.517348531,10.62143972,0.606653503,7
"KCAE20120722_125012",1589.16,"2012","07","22",0.531648926,1568.87,0.238889183,2437.864113,0.923005378,10205,2.192167401,2433.305815,1.885196522,1110,1.486976096,20.29,0.001921414,19.60803301,0.080818999,10205,2.899184646,14.49592323,2.482857738,5
"KCAE20120722_125559",1670.56,"2012","07","22",0.532008875,1662.89,0.245309697,2502.894842,0.876655012,10203,2.087202297,2498.38115,1.645871796,1197,1.482005579,7.67,0.000876062,8.935832775,0.023714974,10200,1.275075518,3.825226554,0.65716498,3
"KCAE20120723_100840",3343.8,"2012","07","23",0.532316447,3335.81,0.379793298,3876.170404,2.430239199,10206,5.189583341,3871.429172,7.477250086,746,1.534520738,7.99,0.001219803,12.44564507,0.028891859,10203,0.917005153,7.336041228,0.507296088,8
"KCAE20120723_101817",22530.53,"2012","07","23",0.52523609,22523.62,2.359355869,24067.78922,12.48233824,10201,14.80830218,24063.49104,28.18061103,1625,1.534114347,6.91,0.00117448,11.98674055,0.042180906,10206,1.374825917,6.874129583,1.476297246,5
"KCAE20120723_102754",25298.3,"2012","07","23",0.524083816,25285.19,2.6513895,27052.12707,7.981347276,10203,8.742263779,27048.56413,12.52410375,3094,1.534884374,13.11,0.002001876,20.42313664,0.042864146,10202,0.957377717,15.31804348,0.523821023,16
"KCAE20120723_103731",23607.54,"2012","07","23",0.525587725,23366.95,2.404563293,24528.95016,5.981368852,10201,5.989228305,24525.88991,8.225767444,4095,1.535307588,240.59,0.03854588,393.2450711,0.365253918,10202,1.631307737,388.2512415,1.770262988,238
"KCAE20120723_104708",25248.29,"2012","07","23",0.525969786,24250.66,2.303501363,23502.6244,5.550984021,10203,5.17958666,23499.78468,7.375924034,4537,1.534179783,997.63,0.162484232,1657.989104,0.76785249,10204,1.656688552,1653.375174,1.885894906,998
"KCAE20120723_105644",15248.02,"2012","07","23",0.524123972,13259.39,1.33542126,13626.63853,3.449710979,10204,3.612679501,13623.4144,4.896843902,3771,1.536694479,1988.63,0.315483458,3219.508692,1.506928186,10205,2.09456899,3215.163399,3.373036484,1535
"KCAE20120723_110621",8926.23,"2012","07","23",0.523901841,6903.7,0.760743915,7761.870161,2.600676004,10203,2.77870912,7758.155863,4.372011325,2792,1.535082276,2022.53,0.31106241,3173.769764,1.502724115,10203,2.393746014,3169.319723,3.52495067,1324
"KCAE20120723_111558",4918.23,"2012","07","23",0.524626516,4130.88,0.525336342,5358.956029,1.740075332,10201,2.295333342,5355.012688,3.029861902,2333,1.53504058,787.35,0.131774311,1344.625065,0.818046897,10204,2.008763481,1339.845242,2.544973098,667
"KCAE20120723_112534",3279.91,"2012","07","23",0.525591815,3014.21,0.429088095,4379.273097,1.280752473,10206,2.000573423,4375.254077,2.124403031,2187,1.533087013,265.7,0.043469413,443.5184204,0.404300898,10203,1.471658258,438.5541609,1.872615041,298
"KCAE20120723_113512",2411.49,"2012","07","23",0.532842836,2325.77,0.323103865,3296.951834,1.098311864,10204,1.882626813,3292.714296,2.025872372,1749,1.532982027,85.72,0.014057783,143.4315641,0.151640032,10203,1.115968532,138.3800979,0.817381728,124
"KCAE20120723_114449",2554.13,"2012","07","23",0.526047187,2518.35,0.346019569,3530.091639,1.353292143,10202,1.978603615,3525.871643,2.694149449,1782,1.533272218,35.78,0.005644348,57.58928676,0.084604663,10203,0.905254177,52.50474227,0.673010566,58
"KCAE20120723_115427",2148.28,"2012","07","23",0.533816875,2127.35,0.287615766,2934.256048,1.036276285,10202,1.896386583,2929.917271,2.010692482,1545,1.536290054,20.93,0.003721497,37.97415769,0.072913105,10204,0.939359563,32.87758471,0.831322731,35
"KCAE20120723_120404",2678.23,"2012","07","23",0.52411235,2661.04,0.340405393,3473.156222,1.237203236,10203,1.888385024,3468.963289,2.362499193,1837,1.535730955,17.19,0.003181962,32.47191955,0.06513298,10205,0.882994859,27.37284063,0.800399323,31
"KCAE20120723_121341",2244.03,"2012","07","23",0.524133662,2229.23,0.326944066,3336.137246,1.061841558,10204,1.793301581,3331.954337,1.888018533,1858,1.535542806,14.8,0.002429014,24.79051431,0.044639486,10206,0.787517083,19.68792708,0.451313704,25
"KCAE20120723_122318",2938.18,"2012","07","23",0.524280866,2924.47,0.416928251,4253.918948,1.467295798,10203,2.116440099,4249.811719,2.710364309,2008,1.53439727,13.71,0.002448535,24.98484798,0.051136841,10204,0.86444612,19.88226076,0.658927545,23
"KCAE20120723_123254",2507.91,"2012","07","23",0.525756286,2498.82,0.336988844,3439.982121,1.118965596,10208,1.895077029,3435.774654,2.024709026,1813,1.535177602,9.09,0.001611916,16.44960637,0.034203913,10205,0.810143377,11.34200727,0.461855866,14
"KCAE20120723_124232",2084.05,"2012","07","23",0.525441255,2075.7,0.285990058,2917.384583,1.010306602,10201,1.82294923,2913.072869,1.927829843,1598,1.534202774,8.35,0.001482416,15.12806,0.031524392,10205,0.770766132,10.01995972,0.450687086,13
"KCAE20120723_125208",3113.62,"2012","07","23",0.523342164,3102.62,0.392574252,4006.220246,1.355847295,10205,2.071466835,4002.073924,2.497104485,1932,1.535495188,11,0.001516754,15.47847447,0.038598854,10205,1.036887062,10.36887062,0.704920618,10
"KCAE20120724_100352",2114.72,"2012","07","24",0.531789879,2087.36,0.223150283,2275.909736,2.464379164,10199,7.672116484,2270.946479,12.35341643,296,1.476584791,27.36,0.003630468,37.03803693,0.086248995,10202,1.596747426,31.93494851,1.147628415,20
"KCAE20120724_100940",6164.64,"2012","07","24",0.531508453,6155.05,0.623943298,6364.845586,4.295511178,10201,12.42185465,6359.989583,14.8819806,512,1.478511329,9.59,0.001615503,16.48135833,0.034936237,10202,0.874981662,11.37476161,0.458447891,13
"KCAE20120724_101526",10514.01,"2012","07","24",0.531344505,10500.58,1.062476266,10840.44534,6.118135987,10203,12.82337898,10835.75523,17.36299717,845,1.476410705,13.43,0.001921086,19.60468548,0.044616752,10205,1.115121938,14.4965852,0.59035873,13
"KCAE20120724_102113",11268.02,"2012","07","24",0.5314647,11255.71,1.100823302,11228.39768,4.245171224,10200,7.848952637,11224.00227,8.696132956,1430,1.48004888,12.31,0.001726342,17.61386373,0.042300614,10203,1.136887586,12.50576345,0.637578746,11
"KCAE20120724_102659",17747.53,"2012","07","24",0.532174289,17724.6,1.653538875,16874.36422,6.763071425,10205,8.022017878,16870.3036,13.07394386,2103,1.475849099,22.93,0.002903393,29.62621914,0.152521533,10204,8.171202724,24.51360817,4.308614845,3
"KCAE20120724_103246",18534.95,"2012","07","24",0.531913671,18514.17,1.740765263,17762.76874,5.514930601,10204,6.658789387,17758.99129,9.145529999,2667,1.48028872,20.78,0.002760954,28.16725587,0.079768667,10202,1.773896857,23.06065914,1.416490712,13
"KCAE20120724_103831",16041.26,"2012","07","24",0.531742911,16016.03,1.514180028,15449.17882,4.474749039,10203,5.225151123,15445.54672,7.052283176,2956,1.476890314,25.23,0.00334175,34.10256127,0.070046965,10205,1.449898465,28.9979693,0.65429785,20
"KCAE20120724_104416",12290.32,"2012","07","24",0.5337764,12250.38,1.252806414,12782.38384,3.005043366,10203,3.350598258,12779.18176,4.13903782,3814,1.534020038,39.94,0.005513885,56.2581735,0.101593504,10203,1.346410665,51.16360527,0.996178038,38
"KCAE20120724_105351",7357.51,"2012","07","24",0.525058744,7228.71,0.862172278,8798.468097,1.803435276,10205,2.375157812,8795.209377,2.317519341,3703,1.536466248,128.8,0.016574848,169.14632,0.182610664,10205,1.30234011,164.0948539,1.017302307,126
"KCAE20120724_110326",4785.49,"2012","07","24",0.525088254,4596.22,0.603695033,6161.915197,1.244532229,10207,1.84054888,6158.476552,1.564995327,3346,1.535975873,189.27,0.023680625,241.6607826,0.221392707,10205,1.201243151,236.6449007,1.063298707,197
"KCAE20120724_111302",5424.38,"2012","07","24",0.526022827,5108.43,0.694463362,7084.220753,1.873276316,10201,2.047669534,7080.841248,2.753701144,3458,1.536723956,315.95,0.03989107,406.8889188,0.406456752,10200,1.499668385,401.9111272,2.028303894,268
"KCAE20120724_112239",5943.49,"2012","07","24",0.524388294,5585.62,0.766285273,7819.174926,1.565552938,10204,2.100490655,7815.925729,1.979840747,3721,1.534517319,357.87,0.045650257,465.815225,0.347826836,10204,1.510996632,460.8539726,1.356402982,305
"KCAE20120724_113215",5147.73,"2012","07","24",0.532436433,4993.13,0.71234439,7269.474503,1.293106098,10205,1.881485104,7266.295473,1.489781136,3862,1.533190325,154.6,0.023458478,239.3703095,0.235915746,10204,1.208007347,234.3534253,1.226589478,194
"KCAE20120724_114151",4332.92,"2012","07","24",0.524701884,4179.45,0.632764102,6456.092133,1.127811579,10203,1.739309414,6452.837924,1.254619423,3710,1.535815021,153.47,0.024310031,248.0352464,0.200321804,10203,1.043083304,243.0384097,0.835402564,233
"KCAE20120724_115127",4712.8,"2012","07","24",0.524615746,4572.03,0.666452747,6798.484474,1.158475191,10201,1.769147858,6795.296923,1.27046197,3841,1.537903388,140.77,0.023387457,238.5754449,0.202582488,10201,1.091449009,233.570088,0.891408915,214
"KCAE20120724_120103",5382.75,"2012","07","24",0.52561785,5265.37,0.741986041,7571.225564,1.320260182,10204,1.892975287,7568.115196,1.506902077,3998,1.53484076,117.38,0.020311734,207.2203136,0.165875414,10202,0.927598441,202.2164602,0.669643959,218
"KCAE20120724_121038",5169.75,"2012","07","24",0.526389096,5115.13,0.710083065,7244.267431,1.301304313,10202,1.865781867,7241.099427,1.51521656,3881,1.531991395,54.62,0.010011534,102.1476835,0.107916086,10203,0.795862418,97.09521497,0.593051884,122
"KCAE20120724_122014",5247.85,"2012","07","24",0.523931991,5195.58,0.712851558,7273.224446,1.32945244,10203,1.881482252,7270.04742,1.571303308,3864,1.533133261,52.27,0.009356446,95.47317613,0.224247357,10204,1.412361525,90.39113758,2.476245196,64
"KCAE20120724_122951",4829.73,"2012","07","24",0.523831312,4814.99,0.643477929,6565.405312,1.218517193,10203,1.748513897,6562.172654,1.450903108,3753,1.535153055,14.74,0.002737224,27.92516196,0.03973922,10202,0.600818287,22.83109492,0.258165129,38
"KCAE20120724_123928",5179.96,"2012","07","24",0.526911964,5144.32,0.666482242,6800.11832,1.230769355,10203,1.782096548,6796.916235,1.436962497,3814,1.531579529,35.64,0.005524773,56.36925447,0.153884938,10203,1.250638776,51.2761898,2.108139597,41
"KCAE20120724_124904",5071.19,"2012","07","24",0.523042575,5058.77,0.656078783,6693.971826,1.211572961,10203,1.74511731,6690.779765,1.416534588,3834,1.532909314,12.42,0.002248853,22.94730034,0.043697358,10204,0.71382862,17.84571549,0.531996132,25
"KCAE20120724_125841",5230.34,"2012","07","24",0.525204738,5209.21,0.659645265,6730.360636,1.230610624,10203,1.790082619,6727.130484,1.445253622,3758,1.534927139,21.13,0.003722294,37.97112129,0.053804287,10201,0.671083031,32.8830685,0.397898471,49
"KCAE20120725_100619",867.09,"2012","07","25",0.536224984,862.96,0.102804016,1048.909377,1.669109044,10203,10.03699892,1043.847887,13.23893064,104,0.92418554,4.13,0.000501193,5.112170937,6.06e-07,10200,0.000562341,0.000562341,NA,1
"KCAE20120725_101039",2168.14,"2012","07","25",0.536159188,2159,0.243438562,2484.290524,2.225260693,10205,6.849053421,2479.357338,9.726386205,362,0.895875568,9.14,0.001279867,13.04696069,0.030801753,10194,0.992733442,7.941867533,0.507172902,8
"KCAE20120725_101458",5714.25,"2012","07","25",0.535352686,5706,0.655587477,6693.548139,5.653202726,10210,11.07406247,6688.733735,20.62791777,604,0.882136289,8.25,0.001275317,13.01971303,0.034560332,10209,1.317683282,7.90609969,0.598148863,6
"KCAE20120725_101917",6872.76,"2012","07","25",0.536321316,6855.33,0.766931012,7831.132565,3.998559633,10211,7.226738438,7826.557728,10.20527855,1083,0.878259362,17.43,0.002238523,22.8486043,0.068383899,10207,1.773799808,17.73799808,1.34626374,10
"KCAE20120725_102334",13495.45,"2012","07","25",0.536420514,11257.77,1.232191044,12558.49112,5.452588078,10192,7.875898317,12554.18192,11.74067814,1594,0.881197085,2237.68,0.244909941,2501.755043,1.404908259,10215,4.127171296,2496.938634,4.162960923,605
"KCAE20120725_102753",15907.11,"2012","07","25",0.536068346,14278.39,1.527901548,15570.84468,5.321133574,10191,7.247119938,15566.81363,9.639533066,2148,0.880108536,1628.72,0.177476762,1811.505306,1.037769576,10207,3.584607711,1806.642286,3.100986073,504
"KCAE20120725_103212",20867.65,"2012","07","25",0.535373755,18201.81,1.886756815,19222.27843,6.036438082,10188,7.001292566,19218.54809,9.972866753,2745,0.882383372,2665.84,0.286144086,2922.961841,1.405519264,10215,3.959581531,2918.211589,3.584971428,737
"KCAE20120725_103630",21694.82,"2012","07","25",0.535620124,17737.35,1.797167132,18327.51041,4.815730567,10198,5.833802463,18323.97354,7.19431045,3141,0.882611042,3957.47,0.418111398,4268.917376,1.711203299,10210,3.981640547,4264.337026,3.706522178,1071
"KCAE20120725_104051",23510.67,"2012","07","25",0.536904647,18443.69,1.869326963,19054.04973,4.54674783,10193,5.229417226,19050.76695,6.346489049,3643,0.881895035,5066.98,0.535073709,5460.962275,1.766255741,10206,3.786654663,5456.569369,3.128719441,1441
"KCAE20120725_104509",25201.96,"2012","07","25",0.53663222,17474.84,1.803697203,18422.96323,4.191741401,10214,4.774436932,18419.77769,5.686815867,3858,0.862060152,7727.12,0.794385569,8105.910349,2.478462217,10204,4.044832807,8101.800112,4.260705045,2003
"KCAE20120725_104928",19935.92,"2012","07","25",0.535638417,13174.27,1.43512991,14641.19534,3.070992274,10202,3.867365713,14637.97922,4.002085938,3785,0.864460505,6761.65,0.707011077,7210.805975,2.0900163,10199,3.567676616,7206.706765,3.442983337,2020
"KCAE20120725_105348",14962.29,"2012","07","25",0.535946709,10369.87,1.184855312,12086.70903,2.523517987,10201,3.584481141,12083.28593,3.266762209,3371,0.880252624,4592.42,0.509508905,5199.028868,1.603068084,10204,3.118097078,5194.749732,2.758678706,1666
"KCAE20120725_105810",12754.38,"2012","07","25",0.536234059,8207.18,1.039282783,10600.68439,2.294194054,10200,3.327211479,10597.16856,3.040697138,3185,0.863246721,4547.2,0.531680744,5424.738631,1.736720479,10203,2.955585712,5420.544195,3.101712409,1834
"KCAE20120725_110230",11098.41,"2012","07","25",0.536547624,7489.33,0.989354136,10101.30573,2.060661771,10210,2.990192808,10097.88111,2.618625586,3377,0.880011661,3609.08,0.433959668,4431.596127,1.511208146,10212,2.823510118,4427.263864,2.85158062,1568
"KCAE20120725_110649",9220.17,"2012","07","25",0.536632211,6846.67,0.924739571,9433.268367,2.101173184,10201,3.113131018,9429.673852,2.838670604,3029,0.885814695,2373.5,0.320276562,3268.102037,1.079292783,10204,2.205222756,3263.729679,1.969105819,1480
"KCAE20120725_111108",10708.46,"2012","07","25",0.53552774,6974.12,0.956865792,9757.160479,2.10276386,10197,2.886576912,9753.743385,2.788379642,3379,0.879613744,3734.34,0.551184417,5627.592895,1.476004203,10210,2.375860618,5623.662083,2.250388462,2367
"KCAE20120725_111527",9823.58,"2012","07","25",0.536097925,6916.41,0.954910109,9742.947838,1.91696065,10203,2.816531906,9739.56733,2.366573338,3458,0.88149206,2907.17,0.451956368,4609.502998,1.257331998,10199,2.145071001,4605.467438,1.969725438,2147
"KCAE20120725_111947",9871.76,"2012","07","25",0.53505539,7479.02,1.024052875,10449.43554,2.018667903,10204,2.910593531,10446.12018,2.469083816,3589,0.877726449,2392.74,0.391723185,3992.442699,1.063995014,10192,2.061139223,3988.304396,1.58857117,1935
"KCAE20120725_112405",70367.51,"2012","07","25",0.536612351,68481.78,8.017909277,81614.29853,50.09595182,10179,14.704861,81611.97853,67.11767465,5550,0.899041035,1885.73,0.320503107,3271.375217,0.910013406,10207,1.805064501,3267.166747,1.411254359,1810
"KCAE20120725_112825",128306.57,"2012","07","25",0.535370303,126431.38,13.88515506,140781.5871,71.02143513,10139,23.18885658,140779.5483,90.60184818,6071,0.881522632,1875.19,0.320079868,3268.015451,0.913403094,10210,1.793302467,3263.81049,1.428225321,1820
"KCAE20120725_113244",104646.29,"2012","07","25",0.535713286,103183.18,10.74934353,109643.304,56.43402131,10200,17.12076851,109641.4015,70.45424008,6404,0.879088549,1463.11,0.259687402,2652.706815,0.775853256,10215,1.621803813,2648.405626,1.248032207,1633
"KCAE20120725_113702",97676.88,"2012","07","25",0.536225236,96243.06,10.09396173,102948.3157,59.45540635,10199,18.57225007,102945.9821,79.66977865,5543,0.881666564,1433.82,0.268097267,2734.860218,0.858509713,10201,1.729283712,2730.538982,1.495478366,1579
"KCAE20120725_114123",102578.45,"2012","07","25",0.535496132,101222.2,10.12594534,103142.8793,60.38559558,10186,18.32633171,103140.5949,80.31064141,5628,0.905068918,1356.25,0.256429153,2615.833791,0.78240665,10201,1.683751465,2611.498521,1.274487399,1551
"KCAE20120725_114541",58010.59,"2012","07","25",0.536872389,52675.08,5.596127598,57002.15571,42.33257439,10186,13.16987517,56999.21976,64.17475985,4328,0.887212973,5335.51,0.639198425,6526.85512,7.689466179,10211,3.178735835,6522.765933,16.91942591,2052
"KCAE20120725_115000",64225.5,"2012","07","25",0.534982445,60308,6.498492059,66102.66122,46.28981509,10172,13.50909778,66100.01545,66.03242531,4893,0.884981493,3917.5,0.579938185,5921.748812,1.807432858,10211,2.155922385,5918.006948,2.959250021,2745
"KCAE20120725_115418",20989.06,"2012","07","25",0.535896036,18844.8,2.081028172,21214.00119,15.89580078,10194,4.665897598,21211.17048,23.55019063,4546,0.878627685,2144.26,0.364897999,3720.135098,0.970275607,10195,1.761176777,3716.082999,1.446005374,2110
"KCAE20120725_115837",14035.98,"2012","07","25",0.535267008,12203.7,1.476764629,15058.56892,5.632441526,10197,3.424854762,15055.66153,8.180785276,4396,0.879917738,1832.28,0.332864198,3394.881956,0.91624408,10199,1.776179735,3390.727114,1.386658799,1909
"KCAE20120725_120257",12511.38,"2012","07","25",0.536448585,10628.03,1.321037577,13475.90433,4.945067798,10201,3.180574774,13472.91474,7.278865204,4236,0.893543929,1883.35,0.338654303,3458.337743,0.9822757,10212,1.824705951,3454.168366,1.579563497,1893
"KCAE20120725_120716",9387.48,"2012","07","25",0.535118599,7706.08,1.022951993,10437.17918,1.809733515,10203,2.530100015,10434.13246,2.071383408,4124,0.897011276,1681.4,0.319770182,3267.731485,0.97322396,10219,1.755536073,3263.54156,1.639427222,1859
"KCAE20120725_121134",8788.19,"2012","07","25",0.535642713,7137.71,0.960725981,9803.24791,1.685815587,10204,2.395547336,9800.184153,1.911110936,4091,0.880075627,1650.48,0.311975945,3183.090567,0.886977418,10203,1.722981921,3178.901644,1.38595061,1845
"KCAE20120725_121553",9082.22,"2012","07","25",0.53664157,6640.84,0.933165296,9529.484006,1.595911384,10212,2.363867411,9526.385667,1.752932793,4030,0.879526055,2441.38,0.444159993,4530.876092,1.051777439,10201,1.843238761,4526.994397,1.420207004,2456
"KCAE20120725_122013",9604.23,"2012","07","25",0.536788591,7324.37,1.018493978,10394.74954,1.783548853,10206,2.558264463,10391.67025,2.01355461,4062,0.882637446,2279.86,0.414947972,4234.129104,1.079058376,10204,1.901182081,4230.130131,1.586069352,2225
"KCAE20120725_122433",13413.03,"2012","07","25",0.535305201,9035.72,1.228682393,12526.417,2.113019649,10195,2.826981411,12523.52765,2.399570424,4430,0.883247865,4377.31,0.719857458,7338.226927,1.337969996,10194,2.086143344,7334.879998,1.529975811,3516
"KCAE20120725_122851",11427.44,"2012","07","25",0.536546912,8447.86,1.217425996,12428.70199,1.959581996,10209,2.68958893,12425.90086,2.12760219,4620,0.881468579,2979.58,0.543789526,5552.634849,1.194760621,10211,1.924718054,5548.962149,1.548831547,2883
"KCAE20120725_123311",11771.48,"2012","07","25",0.535945257,8635.96,1.276655236,13026.99003,2.025445343,10204,2.697658585,13024.29565,2.19954193,4828,0.883734081,3135.52,0.543193419,5547.634388,1.12994688,10213,1.838814873,5544.026843,1.394066787,3015
"KCAE20120725_123730",10420.82,"2012","07","25",0.535519447,8541.63,1.289971801,13165.45221,2.101037346,10206,2.820976346,13162.67563,2.310328493,4666,0.879824113,1879.19,0.35423629,3610.376272,0.925633522,10192,1.684419063,3606.341214,1.356182945,2141
"KCAE20120725_124150",11445.93,"2012","07","25",0.53657851,9853.85,1.468685034,14987.93077,2.398543617,10205,3.074529943,14985.25894,2.666328264,4874,0.899907403,1592.08,0.315969386,3224.783549,0.888947853,10206,1.716742356,3220.60866,1.376808898,1876
"KCAE20120725_124610",12032.59,"2012","07","25",0.535543683,10607.67,1.572798975,16058.27753,2.406255187,10210,3.124899866,16055.73551,2.580026871,5138,0.896127931,1424.92,0.28248244,2881.038404,0.803239926,10199,1.57808034,2876.84046,1.251485955,1823
"KCAE20120725_125031",11126.04,"2012","07","25",0.535585382,9750.64,1.470163679,14985.37838,2.208516771,10193,2.972187317,14982.79627,2.323586481,5041,0.880162307,1375.4,0.266137751,2715.40347,0.780995526,10203,1.552786329,2711.16493,1.252060821,1746
"KCAE20120725_125451",9735.16,"2012","07","25",0.535868981,8630.05,1.329210235,13555.28598,2.106564529,10198,2.831711984,13552.57356,2.280771912,4786,0.881235003,1105.11,0.21909087,2235.165053,0.681892805,10202,1.437390324,2230.829783,1.143018347,1552
"KCAE20120725_125910",8020.96,"2012","07","25",0.535993478,7047.17,1.13187233,11548.49338,1.764894162,10203,2.556042425,11545.64363,1.842922555,4517,0.900572176,973.79,0.194681958,1987.313424,0.663547612,10208,1.456928303,1982.87942,1.210272874,1361
"KCAE20120726_100632",9264.6,"2012","07","26",0.526225849,9259.34,1.032483905,10537.53073,8.941850068,10206,12.13462056,10532.85064,28.39468144,868,1.53564812,5.26,0.000654215,6.674952295,0.011350761,10203,0.781170663,1.562341325,0.309471417,2
"KCAE20120726_101609",15543.08,"2012","07","26",0.527632807,15390.16,1.700046929,17348.97891,6.033635273,10205,8.552702514,17344.8807,11.16372719,2028,1.535046146,152.92,0.019493529,198.8534902,1.394416369,10201,32.29064773,193.7438864,52.11642299,6
"KCAE20120726_102546",27399.58,"2012","07","26",0.52676252,27383.3,2.917640057,29780.35206,8.766139043,10207,6.177936133,29777.65216,11.94166808,4820,1.534665899,16.28,0.001718132,17.53182357,0.056039817,10204,1.552714818,12.42171854,1.351311497,8
"KCAE20120726_103523",24603.74,"2012","07","26",0.524265016,24551.48,2.53871816,25905.0801,4.122808892,10204,3.779862925,25903.40062,4.540799473,6853,1.53708904,52.26,0.007081912,72.27091491,0.099716871,10205,1.002834011,67.18987873,0.723961982,67
"KCAE20120726_104500",19917.55,"2012","07","26",0.525919317,19448.57,2.001060537,20418.82172,2.702561155,10204,2.870416498,20417.27255,2.82539973,7113,1.535101412,468.98,0.074697279,762.2110342,0.380173254,10204,1.115518742,757.4372258,1.006361946,679
"KCAE20120726_105436",12933.41,"2012","07","26",0.524399311,11839.27,1.371055564,13988.87992,1.796584351,10203,2.191627215,13986.96489,1.833641877,6382,1.535201515,1094.14,0.162500239,1657.82744,0.551912911,10202,1.223827855,1653.391432,1.001196852,1351
"KCAE20120726_110413",9098.84,"2012","07","26",0.523590994,7937.83,1.080969483,11026.9697,1.449062532,10201,1.933821147,11024.71436,1.452026383,5701,1.53710715,1161.01,0.159490853,1627.285169,0.575046183,10203,1.388158634,1622.757444,1.087155777,1169
"KCAE20120726_111349",8373.13,"2012","07","26",0.524256705,7498,1.053015373,10746.02188,1.594087892,10205,2.008522737,10743.58812,1.71155461,5349,1.53759439,875.13,0.119269149,1216.903129,0.575388507,10203,1.363594006,1212.235071,1.451054313,889
"KCAE20120726_112325",5500.91,"2012","07","26",0.522528482,5068.17,0.727530211,7422.263212,1.115545687,10202,1.591140282,7419.487136,1.161463775,4663,1.536330967,432.74,0.063525215,648.211296,0.392753473,10204,1.302317344,643.344768,1.255578225,494
"KCAE20120726_113301",4865.22,"2012","07","26",0.525889709,4616.37,0.663985296,6775.305961,1.089304765,10204,1.589002324,6772.327907,1.171132748,4262,1.533408888,248.85,0.039519918,403.2612392,0.303676794,10204,1.341063897,398.2959773,1.195021394,297
"KCAE20120726_114238",4350.41,"2012","07","26",0.524218793,4207.63,0.595989357,6082.667381,1.236905992,10206,1.576629886,6079.484842,1.582418581,3856,1.536321104,142.78,0.023738219,242.2010535,0.27846137,10203,1.482297688,237.1676302,1.673441154,160
"KCAE20120726_115216",5816.79,"2012","07","26",0.532826152,5745.59,0.707944857,7226.701102,2.591922342,10208,1.984453106,7223.409305,4.038589624,3640,1.532985219,71.2,0.011612129,118.4901643,0.137077429,10204,1.08027309,113.4286744,0.823664847,105
"KCAE20120726_120152",4128.85,"2012","07","26",0.525152838,4066.84,0.526367712,5370.003396,1.422238345,10202,1.672848532,5366.498092,2.125135072,3208,1.53420154,62.01,0.01028401,104.9586063,0.126253465,10206,1.009021282,99.89310693,0.801463253,99
"KCAE20120726_121129",13851.13,"2012","07","26",0.524090815,13809.23,1.460186694,14898.28484,6.864251212,10203,3.76045353,14895.15643,10.61777388,3961,1.536226001,41.9,0.007421324,75.74945717,0.141968437,10207,1.07071087,70.66691744,1.417462981,66
"KCAE20120726_122106",8468.52,"2012","07","26",0.52557263,8432.33,0.877353143,8952.511471,3.203764164,10204,3.222466386,8948.789153,5.492397203,2777,1.536087102,36.19,0.005338555,54.47461723,0.104437497,10204,1.371626262,49.37854544,1.119252539,36
"KCAE20120726_123043",10751.03,"2012","07","26",0.525437486,10728.8,1.043090934,10640.57062,5.467183052,10201,4.744238032,10636.58167,10.88488976,2242,1.536389274,22.23,0.003090343,31.5369468,0.053957138,10205,0.911616052,26.43686551,0.451279152,29
"KCAE20120726_124019",1604.52,"2012","07","26",0.523566594,1595.72,0.175015956,1785.512778,0.957214185,10202,1.61464413,1780.952476,2.481079858,1103,1.537584259,8.8,0.001336304,13.63697956,0.027194001,10205,0.710698174,8.52837809,0.369343097,12
"KCAE20120726_124955",2359.74,"2012","07","26",0.525930484,2344.2,0.266767838,2721.832248,1.09036583,10203,1.892366531,2717.438339,2.318361714,1436,1.537270739,15.54,0.001971364,20.11185391,0.046585533,10202,0.937922547,15.00676074,0.734857876,16
"KCAE20120726_125932",4610.2,"2012","07","26",0.524793122,4601,0.515269621,5257.811214,2.353726822,10204,2.499405612,5253.750595,4.684366956,2102,1.532985873,9.2,0.001427334,14.56023327,0.029209184,10201,0.787803046,9.453636548,0.340189599,12
"KCAE20120727_100128",244.38,"2012","07","27",0.526358502,240.25,0.035486265,362.0663667,0.278132892,10203,1.384038991,357.0820597,1.094442533,258,1.53401264,4.13,0.000501187,5.113112157,0,10202,NA,0,NA,0
"KCAE20120727_101106",1655.74,"2012","07","27",0.532070401,1651.6,0.186635352,1904.613765,1.538986565,10205,4.377227337,1899.716664,6.118147845,434,1.534575459,4.14,0.000501187,5.114114532,0,10204,NA,0,NA,0
"KCAE20120727_102043",4048.15,"2012","07","27",0.524486271,4043.16,0.427556996,4362.791583,2.058263281,10204,4.631401792,4358.149086,5.14734764,941,1.535154743,4.99,0.000706312,7.208621708,0.017872512,10206,1.047253588,2.094507176,1.033826632,2
"KCAE20120727_103018",8893.17,"2012","07","27",0.524335537,8889.03,0.901484666,9198.749536,2.745838614,10204,4.422644247,9194.67739,4.630452427,2079,1.535291982,4.14,0.000501187,5.114114532,0,10204,NA,0,NA,0
"KCAE20120727_103954",15802.33,"2012","07","27",0.523222262,15679.55,1.505305901,15360.14141,3.166492658,10204,3.889819145,15357.00598,4.079520765,3948,1.534194475,122.78,0.018069959,184.3677879,0.1895144,10203,1.299444481,179.3233384,0.998978751,138
"KCAE20120727_104931",13889.59,"2012","07","27",0.525502289,13049.91,1.218826234,12438.12172,3.007284811,10205,3.449324239,12434.81388,4.232122719,3605,1.534703583,839.68,0.115756389,1181.178198,0.57130414,10204,1.622658544,1176.427444,1.466912958,725
"KCAE20120727_105907",8634.6,"2012","07","27",0.532237807,7429.94,0.740378514,7555.56274,1.876603567,10205,2.401279605,7552.024358,2.72780639,3145,1.53457688,1204.66,0.162971734,1663.126549,0.550534815,10205,1.33116887,1658.636412,0.963523949,1246
"KCAE20120727_110843",4770.91,"2012","07","27",0.524846417,3070.8,0.371623466,3792.045844,1.124114097,10204,1.629289028,3788.09699,1.87038575,2325,1.534223708,1700.11,0.224753487,2292.935075,0.803156816,10202,1.513610951,2288.579758,1.550301423,1512
"KCAE20120727_111820",2973.34,"2012","07","27",0.522764588,1822.75,0.275715266,2813.674287,0.851301258,10205,1.415392709,2809.554528,1.453951762,1985,1.533801991,1150.59,0.156563426,1597.416641,0.568943257,10203,1.368459114,1592.886409,1.086399073,1164
"KCAE20120727_112757",2377.13,"2012","07","27",0.524390239,1681.54,0.287223265,2931.68787,0.822950226,10207,1.388818195,2927.628754,1.323025702,2108,1.533560888,695.59,0.102674663,1047.486912,0.513387031,10202,1.363081318,1042.757208,1.341457543,765
"KCAE20120727_113733",2274.72,"2012","07","27",0.524601207,1946.44,0.347606775,3545.936709,1.078851665,10201,1.667555847,3541.88862,1.841363572,2124,1.533870905,328.28,0.05769399,588.6517805,0.374227196,10203,1.396525511,583.7476634,1.246087343,418
"KCAE20120727_114709",2093.69,"2012","07","27",0.52332444,1907.15,0.355532714,3626.789213,1.213410156,10201,1.697631741,3622.746136,2.182213643,2134,1.535980592,186.54,0.038175133,389.6535868,0.313724067,10207,1.345039539,384.6813082,1.327131209,286
"KCAE20120727_115645",1561.31,"2012","07","27",0.522256949,1430.92,0.249033416,2541.635049,0.747766292,10206,1.38885364,2537.435601,1.241619049,1827,1.536684115,130.39,0.028098588,286.7179957,0.247427756,10204,1.286363658,281.7136411,1.113512453,219
"KCAE20120727_120622",1093.28,"2012","07","27",0.525345257,1053.18,0.193689507,1976.214035,0.671879478,10203,1.299842269,1971.860723,1.264772708,1517,1.535564132,40.1,0.008313551,84.82315642,0.101851368,10203,0.960857128,79.75114161,0.603906853,83
"KCAE20120727_121558",954.18,"2012","07","27",0.524179731,903.83,0.173720142,1772.814046,0.602486063,10205,1.278664188,1768.392572,1.125527837,1383,1.536310163,50.35,0.010695862,109.1191871,0.176267223,10202,1.351229433,104.0446664,1.528341045,77
"KCAE20120727_122534",1176.18,"2012","07","27",0.523506716,1147.02,0.208001911,2122.867502,0.660682103,10206,1.274720432,2118.585358,1.149678749,1662,1.535747413,29.16,0.005591599,57.05667111,0.102683732,10204,1.208467619,51.96410763,1.036241529,43
"KCAE20120727_123511",672.32,"2012","07","27",0.52529848,661.71,0.123931547,1264.845365,0.483707373,10206,1.151991359,1260.278547,0.999823686,1094,1.533300214,10.61,0.001804757,18.41393633,0.041275772,10203,1.023602955,13.30683841,0.562049291,13
"KCAE20120727_124448",635.13,"2012","07","27",0.522569333,625.17,0.121140923,1236.000841,0.449227282,10203,1.109408599,1231.443545,0.871536734,1110,1.534986443,9.96,0.001703117,17.37690718,0.039963204,10203,0.943831483,12.26980927,0.628462794,13
"KCAE20120727_125425",507.76,"2012","07","27",0.525147346,503.17,0.10181046,1038.873929,0.414270354,10204,1.069539258,1034.244462,0.881509485,967,1.533447732,4.59,0.000588648,6.005978155,0.006246579,10203,0.446683592,0.893367184,0,2
"KCAE20120728_100013",440.42,"2012","07","28",0.535343598,434.43,0.090775289,925.9987254,0.538565762,10201,1.849670092,921.1357057,1.641268353,498,1.476085503,5.99,0.00070911,7.23362705,0.014873182,10201,1.061009227,2.122018454,0.086280076,2
"KCAE20120728_100601",279.7,"2012","07","28",0.535187973,256.04,0.050885225,519.0801853,0.332958149,10201,1.534732752,514.135472,1.049855995,335,1.475947279,23.66,0.00449055,45.81258844,0.266132771,10202,6.783747234,40.7024834,9.450825133,6
"KCAE20120728_101147",347.65,"2012","07","28",0.531615553,343.51,0.048547559,495.4278346,0.580404095,10205,2.489400775,490.4119527,3.381090718,197,1.486187811,4.14,0.000501187,5.114114532,0,10204,NA,0,NA,0
"KCAE20120728_101732",1135.56,"2012","07","28",0.531880926,1130.2,0.131698382,1343.981992,1.04143025,10205,4.433836871,1339.018735,4.19896779,302,1.484505384,5.36,0.000711499,7.260847862,0.016640381,10205,1.073617259,2.147234518,0.723053359,2
"KCAE20120728_102319",5114.08,"2012","07","28",0.531352974,5108.7,0.533605389,5443.84218,3.562083277,10202,8.887313389,5439.035794,11.72525036,612,1.481948782,5.38,0.000804513,8.21166052,0.016639875,10207,0.774511794,3.098047176,0.378797319,4
"KCAE20120728_102906",7690,"2012","07","28",0.531114814,7682.52,0.774953775,7905.303463,3.819072193,10201,7.884923195,7900.693041,9.618085243,1002,1.483689349,7.48,0.000875769,8.937227676,0.027144399,10205,1.911807166,3.823614331,0.462326174,2
"KCAE20120728_103451",12699.43,"2012","07","28",0.531625005,12694.49,1.239524124,12646.86464,5.202198375,10203,8.344891302,12642.51032,11.09199837,1515,1.483964111,4.94,0.000695463,7.095110146,0.016172301,10202,0.991500182,1.983000363,0.839184444,2
"KCAE20120728_104038",11279.79,"2012","07","28",0.531159883,11272.69,1.062146647,10833.8958,3.781574121,10200,6.793966486,10829.58258,7.252081607,1594,1.484454374,7.1,0.000971956,9.917838041,0.021838028,10204,0.961245889,4.806229445,0.251453188,5
"KCAE20120728_104624",9709.82,"2012","07","28",0.530912691,9656.93,0.885084404,9027.860917,3.175722205,10200,5.840468052,9023.523141,6.136819272,1545,1.484348323,52.89,0.007601326,77.56393259,0.123294674,10204,1.509872397,72.47387505,0.992122386,48
"KCAE20120728_105210",7744.3,"2012","07","28",0.531733437,7515.37,0.657727544,6712.109587,2.426151673,10205,5.116439381,6707.652028,4.798087147,1311,1.482420475,228.93,0.03233046,329.8676842,1.092489065,10203,2.874431017,324.810705,10.02382581,113
"KCAE20120728_105756",5739.29,"2012","07","28",0.531102628,5544.49,0.485417728,4950.775411,2.028145509,10199,4.525353706,4946.2116,4.485224526,1093,1.480513249,194.8,0.031081667,317.0951647,0.244068261,10202,1.380952747,312.0953209,0.91050912,226
"KCAE20120728_110343",4128.28,"2012","07","28",0.531784802,3924.61,0.345700718,3526.838729,1.550795803,10202,3.891910709,3522.179191,3.650114582,905,1.481326832,203.67,0.032994938,336.6143538,0.319268816,10202,1.514205487,331.6110017,1.586628586,219
"KCAE20120728_110928",2076.93,"2012","07","28",0.531408573,1821.73,0.174695335,1782.416505,0.935859309,10203,2.871749801,1777.613127,2.588798986,619,1.483567657,255.2,0.042460292,433.3497428,0.302117914,10206,1.492607898,428.3784667,1.041885639,287
"KCAE20120728_111515",891.67,"2012","07","28",0.531261055,749.13,0.081000963,826.4528291,0.571426454,10203,2.288354156,821.519142,2.059353154,359,1.481782352,142.54,0.024981398,254.8602267,0.213993036,10202,1.274721159,249.8453472,0.891600961,196
"KCAE20120728_112101",503.34,"2012","07","28",0.531809032,387.25,0.051471442,525.111648,0.421049278,10202,1.775240217,520.1453837,1.767380897,293,1.48265208,116.09,0.021081972,215.141527,0.213126116,10205,1.346827542,210.1050965,1.092648178,156
"KCAE20120728_112647",239.7,"2012","07","28",0.531884766,148.37,0.023698148,241.7211092,0.236172543,10200,1.470122302,236.6896906,1.190161353,161,1.482207367,91.33,0.016971995,173.1822397,0.163319916,10204,1.159591706,168.1407973,0.745871495,145
"KCAE20120728_113233",153.05,"2012","07","28",0.531645768,72.48,0.013843695,141.2195352,0.139139597,10201,1.080714872,136.1700738,0.646601487,126,1.479238762,80.57,0.015296184,156.051667,0.259483156,10202,1.540690522,150.9876712,2.169630825,98
"KCAE20120728_113819",162.04,"2012","07","28",0.531600535,96.57,0.017018422,173.6049213,0.176680571,10201,1.296595882,168.5574647,0.892711597,130,1.480123474,65.47,0.01243102,126.8461263,0.149945355,10204,1.255470381,121.780627,0.901864887,97
"KCAE20120728_114406",130.14,"2012","07","28",0.531840016,47.43,0.009615289,98.12402355,0.10549573,10205,0.979547585,93.05702062,0.498412908,95,1.477799485,82.71,0.01570934,160.2981036,0.216245889,10204,1.617001074,155.2321031,1.551300813,96
"KCAE20120728_114952",100.15,"2012","07","28",0.532027877,54.13,0.010984126,112.0930024,0.141500696,10205,1.189149928,107.0234936,0.937788286,90,1.481975767,46.02,0.008889776,90.70238444,0.14650662,10203,1.380965237,85.6198447,1.290211641,62
"KCAE20120728_115537",94.83,"2012","07","28",0.531816032,67.77,0.010952727,111.7397207,0.145097931,10202,1.300825681,106.6677058,0.976457767,82,1.481067099,27.06,0.005241523,53.46877608,0.107646776,10201,1.382105905,48.37370666,1.2321188,35
"KCAE20120728_120123",53.67,"2012","07","28",0.531042832,33.71,0.00711489,72.58610734,0.093632271,10202,1.038547267,67.50557235,0.556753383,65,1.4813516,19.96,0.003421271,34.90380222,0.063191951,10202,1.103860079,29.80422212,0.553034743,27
"KCAE20120728_120709",51.96,"2012","07","28",0.531124878,32.8,0.007272726,74.18180928,0.109251645,10200,1.233888678,69.09776598,0.820337764,56,1.480696375,19.16,0.003714528,37.88818727,0.072231098,10200,1.130710756,32.79061191,0.762351824,29
"KCAE20120728_121255",55.1,"2012","07","28",0.531367261,41.81,0.009162624,93.49541667,0.157789204,10204,1.163413057,88.41939237,1.423677639,76,1.481803078,13.29,0.002559831,26.12051278,0.049824919,10204,0.91382285,21.01792555,0.530301116,23
"KCAE20120728_121840",40.46,"2012","07","28",0.531273744,28.25,0.005464878,55.76908036,0.089376508,10205,1.206559869,50.6755145,0.710038859,42,1.480800776,12.21,0.001887926,19.26062045,0.047313306,10202,1.286638305,14.15302135,0.68259949,11
"KCAE20120728_122426",52.9,"2012","07","28",0.531316268,43.9,0.00747709,76.30370057,0.113497432,10205,1.112830638,71.22116084,0.915088892,64,1.477991638,9,0.001506334,15.37213966,0.029209537,10205,0.733181469,10.26454056,0.303929056,14
"KCAE20120728_123014",44.91,"2012","07","28",0.531351067,28.4,0.005591203,57.03026635,0.10222847,10200,1.154238,51.94070999,1.032986152,45,1.483409467,16.51,0.002654289,27.0843651,0.070337088,10204,1.373641848,21.97826956,1.164944151,16
"KCAE20120728_123601",36.83,"2012","07","28",0.531399959,24.68,0.004573481,46.66323006,0.080704334,10203,1.259580482,41.5661559,0.668545517,33,1.483713571,12.15,0.002243368,22.89356542,0.093811273,10205,1.616769341,17.78446276,2.471766318,11
"KCAE20120728_124148",46.77,"2012","07","28",0.531442491,41.31,0.006423978,65.54384493,0.110192452,10203,1.314201874,60.4532862,0.998300829,46,1.475821464,5.46,0.000787526,8.035124031,0.015904347,10203,0.730878859,2.923515436,0.386267851,4
"KCAE20120728_124737",35.14,"2012","07","28",0.536039555,25,0.00439765,44.86482776,0.100815965,10202,1.2427423,39.76775359,1.325375176,32,1.47363791,10.14,0.00174367,17.78892319,0.040907462,10202,0.975563574,12.68232647,0.627601603,13
"KCAE20120728_125323",30.28,"2012","07","28",0.531592041,19.6,0.003403975,34.72735287,0.123074056,10202,1.645736783,29.62326209,2.495647803,18,1.489375756,10.68,0.001301035,13.27706193,0.033689264,10205,1.166564931,8.165954517,0.587337875,7
"KCAE20120728_125909",47.91,"2012","07","28",0.531542504,43.77,0.007421462,75.71375399,0.139806088,10202,1.642376579,70.62219289,1.413853533,43,1.481409017,4.14,0.000501187,5.114114532,0,10204,NA,0,NA,0
"KCAE20120729_100009",572.61,"2012","07","29",0.534642989,468.88,0.098088199,999.420663,0.633786017,10189,2.089396284,994.5526314,2.108817696,476,0.88879879,103.73,0.020793433,212.196985,0.208738155,10205,1.31949717,207.1610557,1.061162091,157
"KCAE20120729_100426",474.75,"2012","07","29",0.536433674,432.31,0.08745681,891.9720008,0.625628075,10199,2.322125251,887.0518458,2.296731234,382,0.890579291,42.44,0.00862326,87.94862692,0.121729698,10199,1.201037685,82.87160025,0.877321502,69
"KCAE20120729_100845",463.14,"2012","07","29",0.536821729,421.29,0.076304754,779.7582816,0.537094931,10219,2.023051185,774.828604,1.941267996,383,0.886778815,41.85,0.007426382,75.65998273,0.106984899,10188,1.26039203,70.58195368,0.716004659,56
"KCAE20120729_101303",671.68,"2012","07","29",0.536124314,645.01,0.084940643,867.4987883,0.762206254,10213,2.865551563,862.5310204,3.432590479,301,0.859479705,26.67,0.005772309,58.9179599,0.091321926,10207,1.170117313,53.82539642,0.706641984,46
"KCAE20120729_101721",2055.09,"2012","07","29",0.535389234,2040.86,0.204094021,2083.391768,1.864935848,10208,6.661641086,2078.432019,8.42581346,312,0.864523443,14.23,0.001656899,16.9036883,0.045361431,10202,1.474323205,11.79458564,0.719781695,8
"KCAE20120729_102140",4826.06,"2012","07","29",0.536529191,4746.36,0.457604339,4666.191443,3.524686947,10197,10.24463489,4661.308877,13.36138084,455,0.890716822,79.7,0.007766398,79.13960018,0.147713187,10190,2.115715538,74.05004382,1.395991442,35
"KCAE20120729_102558",12741.81,"2012","07","29",0.536508355,10856.55,1.046664396,10680.1635,5.251651835,10204,9.548845894,10675.60971,13.06399001,1118,0.888104919,1885.26,0.179788665,1835.82206,1.177707562,10211,4.161193091,1830.92496,3.956611273,440
"KCAE20120729_103016",16594.74,"2012","07","29",0.536339809,14041.52,1.347628835,13747.16174,5.695544452,10201,7.703443525,13742.94325,11.68712983,1784,0.886517098,2553.22,0.244367975,2493.042081,1.338457991,10202,3.833981879,2488.25424,3.797351041,649
"KCAE20120729_103434",18956.4,"2012","07","29",0.534909166,15895.14,1.575102263,16070.76839,4.959696835,10203,5.933165432,16067.01199,8.175659775,2708,0.88979771,3061.26,0.309394471,3153.039059,1.487179274,10191,3.177021328,3148.428136,3.694133017,991
"KCAE20120729_103852",24497.79,"2012","07","29",0.534996039,19330.5,1.89163178,19288.96926,5.439250569,10197,5.731216984,19285.54515,8.225623315,3365,0.86558895,5167.29,0.500323441,5101.798123,1.916599664,10197,3.505788338,5097.416243,3.90312885,1454
"KCAE20120729_104310",24552.02,"2012","07","29",0.535806076,18895.54,1.886621892,19252.9764,4.75249501,10205,5.136003265,19249.74024,6.694484886,3748,0.889132822,5656.48,0.557840278,5694.991402,2.707229445,10209,3.428136598,5690.706752,5.93737343,1660
"KCAE20120729_104729",29463.21,"2012","07","29",0.535481651,16216.26,1.718329695,17516.65291,4.07755973,10194,4.411469401,17513.53352,5.551309325,3970,0.861355144,13246.95,1.307853746,13347.95533,4.179628917,10206,4.020639848,13344.50365,6.543725821,3319
"KCAE20120729_105146",20202.56,"2012","07","29",0.535259703,14144.21,1.682080244,17150.49017,13.09229528,10196,4.359865556,17147.35123,20.80277798,3933,0.892369645,6058.35,0.617404361,6298.141884,1.933967684,10201,2.81617424,6294.149426,3.298994246,2235
"KCAE20120729_105604",14032.81,"2012","07","29",0.535863188,9766.29,1.268496324,12942.46799,2.638360737,10203,3.401488142,12939.26089,3.378962078,3804,0.888743009,4266.52,0.447085411,4561.165359,1.550975843,10202,2.461901645,4556.979945,2.881362607,1851
"KCAE20120729_110023",10981.88,"2012","07","29",0.535156597,7906.06,1.136671144,11598.59236,2.3385631,10204,3.19693853,11595.29605,2.966688133,3627,0.885974964,3075.82,0.32967317,3364.314701,1.213260258,10205,2.270230975,3359.941842,2.397537993,1480
"KCAE20120729_110441",8887.74,"2012","07","29",0.535621202,6263.25,1.013139201,10331.99358,2.160010779,10198,3.119462972,10328.5419,2.79316386,3311,0.890833218,2624.49,0.275748067,2814.836264,1.260841113,10208,2.502478164,2810.282978,2.980893825,1123
"KCAE20120729_110859",6039.17,"2012","07","29",0.536051612,4399.53,0.725421898,7410.184689,1.851759351,10215,2.741087812,7406.419269,2.727796395,2702,0.892499111,1639.64,0.188557413,1922.908501,0.89800906,10198,1.969492351,1918.28555,2.22283652,974
"KCAE20120729_111317",6368.64,"2012","07","29",0.536547667,5174.35,0.875641006,8932.413907,1.934218813,10201,2.86917127,8928.860991,2.55844065,3112,0.891094023,1194.29,0.158433393,1616.81278,0.691726419,10205,1.582148061,1612.208874,1.594399303,1019
"KCAE20120729_111735",4324.54,"2012","07","29",0.536857695,4128.01,0.744707211,7596.013549,1.607513317,10200,2.46348024,7592.446099,2.078325863,3082,1.480704577,196.53,0.028185666,287.6347226,0.242223345,10205,1.449322248,282.6178384,1.008190547,195
"KCAE20120729_112320",4066.89,"2012","07","29",0.53386557,3818.17,0.693425255,7076.404729,1.666792516,10205,2.408978746,7072.761599,2.350653157,2936,1.478734138,248.72,0.03628223,370.1875965,0.281744276,10203,1.560646414,365.191261,1.042708991,234
"KCAE20120729_112906",2611.13,"2012","07","29",0.53717997,2414.15,0.44182748,4507.523946,1.116512227,10202,1.920505807,4503.586118,1.607754342,2345,1.476626353,196.98,0.029439108,300.3672206,0.242441259,10203,1.419989684,295.3578542,0.955749637,208
"KCAE20120729_113452",2800.28,"2012","07","29",0.531731497,2637,0.48202264,4917.594977,1.117264909,10202,1.923194676,4913.762398,1.487876055,2555,1.480023188,163.28,0.024034711,245.322293,0.221503672,10207,1.48325844,240.2878672,0.965975988,162
"KCAE20120729_114038",2343.99,"2012","07","29",0.535984095,2153.99,0.404481187,4126.517068,1.035826164,10202,1.851154064,4122.5201,1.49613086,2227,1.476829863,190,0.029957344,305.6547786,0.263840577,10203,1.541737932,300.6388968,1.148346623,195
"KCAE20120729_114623",2091.6,"2012","07","29",0.531812765,1906.82,0.347769152,3549.679735,0.936263828,10207,1.79885944,3545.551957,1.389407813,1971,1.483020738,184.78,0.031515619,321.4593099,0.259428554,10200,1.48569931,316.453953,1.033400087,213
"KCAE20120729_115209",1684.75,"2012","07","29",0.531322728,1480.15,0.268347309,2738.484292,0.802085456,10205,1.667190014,2734.191623,1.293221199,1640,1.481281064,204.6,0.035090446,357.9927299,0.289072567,10202,1.502116582,352.9973968,1.196044086,235
"KCAE20120729_115755",1545.47,"2012","07","29",0.530941086,1369.83,0.247267896,2523.368879,1.100734754,10205,1.893925446,2518.920843,2.48647772,1330,1.481412076,175.64,0.032538584,331.9911775,0.357473022,10203,1.767406939,326.9702838,2.000805597,185
"KCAE20120729_120340",1418.55,"2012","07","29",0.531423786,1219.23,0.215127201,2195.157959,0.904305632,10204,1.880367148,2190.627727,2.008732077,1165,1.484037252,199.32,0.036615159,373.584463,0.314786995,10203,1.638149408,368.5836168,1.370619951,225
"KCAE20120729_120927",1085.04,"2012","07","29",0.53109866,933.25,0.164765194,1680.769742,0.6856772,10201,1.687970604,1676.15481,1.50375634,993,1.482103595,151.79,0.026705968,272.4008722,0.277018277,10200,1.630310714,267.3709572,1.473772375,164
"KCAE20120729_121512",880.41,"2012","07","29",0.531045524,740.33,0.131581277,1342.39219,0.579192277,10202,1.613624321,1337.694562,1.318834204,829,1.484544815,140.08,0.025469698,259.8927941,0.268869992,10204,1.613024476,254.8578672,1.456613961,158
"KCAE20120729_122058",684.01,"2012","07","29",0.531835318,571.26,0.104736187,1068.413841,0.486096229,10201,1.441288761,1063.671106,1.158412892,738,1.480412021,112.75,0.01813424,185.0780519,0.222668466,10206,1.666824659,180.0170632,1.398508702,108
"KCAE20120729_122644",627.02,"2012","07","29",0.531366223,545.22,0.097656964,996.8822906,0.471757207,10208,1.494124939,992.0989597,1.156428539,664,1.483335733,81.8,0.013672171,139.4971557,0.198090753,10203,1.792281753,134.4211314,1.476436899,75
"KCAE20120729_123230",638.29,"2012","07","29",0.531688422,583.92,0.099930918,1019.49523,0.470317561,10202,1.48351598,1014.72493,1.117518598,684,1.480104035,54.37,0.00838254,85.51867518,0.134766951,10202,1.675617084,80.42962001,1.043897844,48
"KCAE20120729_123816",439.4,"2012","07","29",0.531805599,422,0.075948154,774.6711714,0.380353584,10200,1.348240349,769.8452395,0.933183198,571,1.483814704,17.4,0.002697943,27.53520993,0.060660907,10206,1.319330189,22.42861321,0.708554297,17
"KCAE20120729_124401",550.8,"2012","07","29",0.53155986,531.47,0.097117009,990.8848446,0.468545966,10203,1.385011343,986.1280765,1.16810049,712,1.482413942,19.33,0.002603821,26.56418565,0.075437555,10202,1.532720723,21.45809012,1.393099833,14
"KCAE20120729_124947",2855.32,"2012","07","29",0.531391203,504.82,0.094941008,968.5881676,0.460304936,10202,1.384804428,963.8238817,1.14969068,696,1.482578223,2350.5,0.300656378,3067.597025,14.63134902,10203,255.2074522,3062.489426,357.1807967,12
"KCAE20120729_125534",549.08,"2012","07","29",0.536045611,538.11,0.10488564,1070.357957,0.466069456,10205,1.418934397,1065.619732,1.043544424,751,1.475713214,10.97,0.001498866,15.28843487,0.046586881,10200,1.696555369,10.17933221,0.988516628,6
"KCAE20120730_100309",471.92,"2012","07","30",0.532028336,437.16,0.073565752,750.6649284,0.485018153,10204,1.936996808,745.743771,1.622512354,385,1.48444,34.76,0.003172442,32.38111333,0.083542037,10207,2.27262579,27.27150949,0.922086547,12
"KCAE20120730_100857",684.93,"2012","07","30",0.530670444,680.79,0.090084989,919.1371445,1.526063148,10203,3.360881816,914.159854,8.754447162,272,1.483176366,4.14,0.000501187,5.114615719,0,10205,NA,0,NA,0
"KCAE20120730_101443",1111.97,"2012","07","30",0.531727189,1106.75,0.114761275,1170.794523,1.650894189,10202,6.77771869,1165.767615,10.82434078,172,1.484555845,5.22,0.000639541,6.527153264,0.013977133,10206,1.412537545,1.412537545,NA,1
"KCAE20120730_102032",1697.92,"2012","07","30",0.531737635,1693.78,0.166601743,1700.004186,1.901086659,10204,7.669687032,1695.000834,10.47899817,221,1.483341619,4.14,0.000501187,5.114615719,0,10205,NA,0,NA,0
"KCAE20120730_102618",5189.95,"2012","07","30",0.531417465,5185.81,0.507026719,5174.20767,4.230293864,10205,9.960218054,5169.35317,16.06815208,519,1.483853055,4.14,0.000501187,5.114114532,0,10204,NA,0,NA,0
"KCAE20120730_103207",5569.51,"2012","07","30",0.531065256,5565.37,0.5612068,5726.554185,3.080115043,10204,6.322534415,5721.893645,8.403136213,905,1.483350231,4.14,0.000501187,5.114615719,0,10205,NA,0,NA,0
"KCAE20120730_103752",11090.79,"2012","07","30",0.531365685,11086.66,1.124357646,11477.44285,6.186064197,10208,6.185043901,11473.25644,13.3926151,1855,1.47988198,4.13,0.000501187,5.113613345,0,10203,NA,0,NA,0
"KCAE20120730_104339",12900.36,"2012","07","30",0.53176186,12896.22,1.351405749,13789.74426,4.751458947,10204,4.909557508,13786.03748,8.03667264,2808,1.484720005,4.14,0.000501187,5.115116906,0,10206,NA,0,NA,0
"KCAE20120730_104925",13819.95,"2012","07","30",0.531133662,13815.81,1.46612378,14955.92868,4.335029733,10201,4.266069253,14952.57273,6.538912647,3505,1.484329481,4.14,0.000501187,5.114114532,0,10204,NA,0,NA,0
"KCAE20120730_105512",9497.34,"2012","07","30",0.531034217,9493.2,1.087830805,11098.04987,2.505342354,10202,3.277587379,11094.63328,3.426801122,3385,1.480722217,4.14,0.000501187,5.116620468,0,10209,NA,0,NA,0
"KCAE20120730_110059",6301.72,"2012","07","30",0.53125736,6280.14,0.805490185,8215.99989,1.834359439,10200,2.747536242,8212.385829,2.479665179,2989,1.481345841,21.58,0.003360944,34.31188065,0.059911536,10209,1.08180712,29.20879224,0.445274279,27
"KCAE20120730_110646",4738.83,"2012","07","30",0.532173083,4698.54,0.705563102,7198.860332,1.536722737,10203,2.542461159,7195.165079,1.960913098,2830,1.485777343,40.29,0.005776459,58.94876752,0.091910985,10205,1.282266706,53.85520166,0.652963926,42
"KCAE20120730_111232",3855.89,"2012","07","30",0.531761439,3808.43,0.662991236,6762.510605,1.439077283,10200,2.506025286,6758.750197,1.793021058,2697,1.48452853,47.46,0.007976867,81.37201609,0.141412081,10201,1.695154634,76.28195855,1.308278433,45
"KCAE20120730_111818",3378.16,"2012","07","30",0.530944854,3341.61,0.615207271,6278.190205,1.440443101,10205,2.558851754,6274.3045,1.91404537,2452,1.481630363,36.55,0.006018824,61.39802759,0.100815385,10201,1.309464364,56.30696767,0.849442274,43
"KCAE20120730_112405",3253.07,"2012","07","30",0.531863762,3233.17,0.621847259,6342.842039,1.390828448,10200,2.502565905,6338.999437,1.756223104,2533,1.481071481,19.9,0.0031763,32.41096301,0.0628919,10204,1.137869874,27.30887698,0.638724838,24
"KCAE20120730_112952",3393.36,"2012","07","30",0.537719188,3380.49,0.671882888,6857.236751,1.489831045,10206,2.594037006,6853.445771,1.894625501,2642,1.47723854,12.87,0.001633902,16.67233851,0.037734198,10204,0.963686519,11.56423823,0.556623196,12
"KCAE20120730_113539",3932.69,"2012","07","30",0.533146487,3916.72,0.77991751,7957.498353,1.650104817,10203,2.841653292,7953.787563,2.016972107,2799,1.479799397,15.97,0.002112041,21.55127031,0.048002025,10204,1.096311573,16.44467359,0.628158723,15
"KCAE20120730_114126",4227.34,"2012","07","30",0.53169789,4209.36,0.839405915,8561.940331,1.745327408,10200,2.987177704,8558.264122,2.10494154,2865,1.484268111,17.98,0.002684108,27.38863936,0.057703007,10204,1.237974789,22.28354619,0.616287446,18
"KCAE20120730_114713",4487.47,"2012","07","30",0.532547262,4477.35,0.887923751,9059.486036,1.868926991,10203,3.109832376,9055.83188,2.308740742,2912,1.48502644,10.12,0.001441992,14.71552621,0.046193393,10205,1.200614999,9.604919988,1.210693076,8
"KCAE20120730_115259",5534.4,"2012","07","30",0.532403385,5524.76,1.087941108,11096.9993,2.20462999,10200,3.495109629,11093.47796,2.684779299,3174,1.484808112,9.64,0.001659534,16.93886286,0.038562283,10207,1.075341621,11.82875783,0.498239205,11
"KCAE20120730_115844",5421.91,"2012","07","30",0.531585212,5415.71,1.065487875,10866.91084,2.147711202,10199,3.381079845,10863.40954,2.61047597,3213,1.484944434,6.2,0.001010653,10.31169055,0.020930978,10203,0.743083645,5.201585518,0.319427363,7
"KCAE20120730_120431",5561.64,"2012","07","30",0.531342304,5526.2,1.069188853,10904.65712,2.061352002,10199,3.294410377,10901.20394,2.40157858,3309,1.481011634,35.44,0.007901449,80.60268098,0.097111947,10201,0.921111797,75.53116737,0.580071673,82
"KCAE20120730_121019",5725.2,"2012","07","30",0.531820878,5664.2,1.098629797,11208.22119,2.038019108,10202,3.352717848,11204.78305,2.263493227,3342,1.485546351,61,0.014008381,142.9275088,0.165829035,10203,1.077172245,137.8780474,1.027299755,128
"KCAE20120730_121605",6157.16,"2012","07","30",0.531510458,6068.94,1.167023676,11908.30959,2.102255429,10204,3.350682857,11904.97619,2.318854542,3553,1.48484359,88.22,0.019560808,199.5984806,0.214404591,10204,1.14452687,194.5695679,1.216836395,170
"KCAE20120730_122151",5863.24,"2012","07","30",0.532745361,5822.51,1.113191538,11354.55369,1.956207168,10200,3.145261947,11351.25037,2.103616027,3609,1.489236456,40.73,0.009075837,92.60076738,0.117222885,10203,0.931215592,87.53426564,0.799948852,94
"KCAE20120730_122737",6068.54,"2012","07","30",0.531892045,6021.46,1.13875017,11618.66798,1.977740051,10203,3.137603934,11615.40977,2.123635615,3702,1.480592687,47.08,0.007313882,74.60891415,0.116387576,10201,1.219734576,69.52487086,0.98117218,57
"KCAE20120730_123324",5909.94,"2012","07","30",0.537918791,5891.15,1.118972984,11418.00033,1.946178682,10204,3.121334169,11414.71906,2.078353014,3657,1.478984209,18.79,0.003361026,34.28582366,0.061054911,10201,0.97294161,29.1882483,0.579440331,30
"KCAE20120730_123911",6839.95,"2012","07","30",0.532008499,6799.49,1.261081988,12869.34169,2.071246333,10205,3.218971808,12866.23032,2.15682954,3997,1.482719946,40.46,0.008515734,86.91158238,0.109458714,10206,0.930006477,81.84056996,0.734170597,88
"KCAE20120801_100349",49931.6,"2012","08","01",0.536768602,25375.96,2.302815691,23493.32568,30.07938036,10202,37.82370983,23488.5238,116.3644685,621,0.908558252,24555.64,2.259073394,23062.88028,26.6510526,10209,39.14780791,23058.05886,104.3277172,589
"KCAE20120801_100807",22874.36,"2012","08","01",0.535142115,11195.51,0.980828581,10003.4707,13.61213663,10199,22.57016053,9998.581113,61.53636706,443,0.900262266,11678.85,1.024979347,10445.56453,14.28166701,10191,23.56812405,10440.67895,64.57401198,443
"KCAE20120801_101226",8663.61,"2012","08","01",0.536450951,5005.32,0.433554704,4425.726418,5.975657153,10208,13.68660118,4420.772182,30.82156044,323,0.892622472,3658.29,0.330290337,3370.282595,4.467233988,10204,10.9977838,3365.321843,23.44963118,306
"KCAE20120801_101644",3161.32,"2012","08","01",0.535649724,1925.52,0.179514617,1831.40812,1.916579172,10202,7.106707443,1826.423813,9.846475411,257,0.900717865,1235.8,0.108247846,1104.019778,1.334232257,10199,5.440640642,1099.00941,7.820887306,202
"KCAE20120801_102104",2224.66,"2012","08","01",0.536590155,1625.32,0.188669627,1925.750879,1.662460323,10207,5.856096493,1920.79965,7.278223749,328,0.89907354,599.34,0.0537259,547.6281023,0.762725826,10193,4.340657194,542.5821492,5.390747127,125
"KCAE20120801_102523",2696.39,"2012","08","01",0.535946049,2381.2,0.281201963,2871.634446,1.966936627,10212,4.646394739,2866.825554,6.619508969,617,0.900812717,315.19,0.026980191,275.4137905,0.434179446,10208,3.703209013,270.3342579,3.594872438,73
"KCAE20120801_102942",3425.61,"2012","08","01",0.536266771,3097.11,0.410424274,4180.581659,1.848017915,10186,3.242330819,4176.122095,4.223638406,1288,0.897779853,328.5,0.031176005,318.2446585,0.555907744,10208,4.289933231,313.1651259,5.028758533,73
"KCAE20120801_103400",6256.76,"2012","08","01",0.536104298,5916.75,0.769121875,7852.734342,4.279996325,10210,3.904788362,7848.624607,8.991027941,2010,0.898007076,340.01,0.033387058,340.4478303,0.612304878,10197,3.457585972,335.3858393,5.278094538,97
"KCAE20120801_103818",10781.1,"2012","08","01",0.535565457,10321.09,1.237191888,12620.59445,5.217366015,10201,4.85634485,12616.78392,9.451574987,2598,0.902141504,460.01,0.045605386,465.083727,0.773824127,10198,3.129566627,460.0462941,5.666208659,147
"KCAE20120801_104236",12284.04,"2012","08","01",0.535855922,9725.89,1.272696599,12998.05036,3.483888402,10213,4.114792428,12994.51449,5.250179788,3158,0.900991473,2558.15,0.340335256,3471.079273,1.702864415,10199,2.273266869,3466.731975,3.874011908,1525
"KCAE20120801_104655",8306.11,"2012","08","01",0.536822499,7758.32,1.179271901,12035.64902,3.100334941,10206,3.624155977,12032.19784,4.54888689,3320,0.8987445,547.79,0.075820317,773.8979796,0.516012173,10207,1.679065295,769.0119052,1.802618135,458
"KCAE20120801_105113",9169.15,"2012","08","01",0.536084171,8598.7,1.244223168,12702.27432,2.656141216,10209,3.476317695,12698.98854,3.458289376,3653,0.901168898,570.45,0.079638783,813.1119771,0.524930321,10210,1.924298462,808.2053541,1.776694271,420
"KCAE20120801_105531",10183.02,"2012","08","01",0.536380561,9761.73,1.327167885,13559.67428,2.690309583,10217,3.536779208,13556.4747,3.388190172,3833,0.904492731,421.29,0.059165587,603.5481559,0.425994054,10201,1.676791229,598.6144687,1.574871893,357
"KCAE20120801_105950",10049.23,"2012","08","01",0.535824717,9365.56,1.270061164,12957.164,2.65384264,10202,3.423347616,12953.94738,3.408676049,3784,0.901144739,683.67,0.086959107,887.6785651,0.60560161,10208,2.057756306,882.7774551,2.1639028,429
"KCAE20120801_110408",12307.51,"2012","08","01",0.536781373,9157.22,1.21905295,12435.55914,2.599613911,10201,3.234228172,12432.37309,3.379154058,3844,0.901794883,3150.29,0.389001174,3965.866964,1.655640312,10195,2.570752557,3961.52969,3.540291523,1541
"KCAE20120801_110826",10629.86,"2012","08","01",0.53537574,9381.05,1.243300576,12689.12568,2.435459592,10206,3.160444028,12686.02233,3.004005817,4014,0.90017529,1248.81,0.149838179,1527.750074,0.886897942,10196,2.256264104,1522.97827,2.671960109,675
"KCAE20120801_111245",10804.63,"2012","08","01",0.537268795,9498.69,1.308309169,13353.91169,2.551017299,10207,3.191702734,13350.89253,3.14165942,4183,0.890866295,1305.94,0.154479305,1577.388186,1.11396624,10211,2.33324683,1572.608364,3.706183172,674
"KCAE20120801_111703",14693.32,"2012","08","01",0.536161865,11709.07,1.494124384,15255.00996,11.0467036,10210,3.898735552,15251.85348,17.58298976,3912,0.896942453,2984.25,0.308265478,3145.849204,6.537799204,10205,6.39710931,3140.980671,29.17310324,491
"KCAE20120801_112120",28782.07,"2012","08","01",0.536585096,20571.89,2.319895816,23639.73837,28.19870013,10190,6.823431692,23636.36738,48.05039342,3464,0.89985022,8210.18,0.818237169,8328.017911,19.25113932,10178,18.45486222,8323.142863,89.75117225,451
"KCAE20120801_112540",46346.62,"2012","08","01",0.536705157,24833.78,2.733488324,27777.70835,26.77909158,10162,6.733256408,27774.68268,41.71275416,4125,0.907468433,21512.84,2.089131929,21227.66953,31.73025674,10161,19.77923089,21223.11474,95.87456781,1073
"KCAE20120801_112958",60385.06,"2012","08","01",0.535890115,35014.88,3.730687283,37862.74523,37.94998124,10149,9.072549758,37859.75014,58.77653644,4173,0.901137701,25370.18,2.416800557,24520.85845,35.93861087,10146,32.81947495,24516.14779,128.7065582,747
"KCAE20120801_113416",60635.94,"2012","08","01",0.536299713,36696.17,3.794407003,38414.5765,38.09200557,10124,9.531395102,38411.52226,59.9249285,4030,0.899895776,23939.77,2.231440512,22604.49238,31.63255124,10130,41.7739122,22599.6865,130.8209548,541
"KCAE20120801_113834",76784.2,"2012","08","01",0.53602595,44914.22,4.486419887,45339.75938,46.2048154,10106,11.66966319,45336.64149,73.96272484,3885,0.888290722,31869.98,2.946175831,29774.05294,39.07177915,10106,48.32678032,29769.29668,151.2839252,616
"KCAE20120801_114252",78616.31,"2012","08","01",0.535690463,48188.28,4.685136277,47277.71017,47.13264932,10091,13.62767117,47274.3913,79.63306632,3469,0.90434613,30428.03,2.766388679,27993.08704,36.55571025,10119,64.34076676,27988.23354,164.873507,435
"KCAE20120801_114710",87232.61,"2012","08","01",0.535640071,49571.14,4.767879049,48146.04264,48.25688822,10098,12.12363935,48142.97186,76.37743615,3971,0.902495247,37661.47,3.358143535,33907.17528,41.27211646,10097,25.82084756,33902.77285,111.9255932,1313
"KCAE20120801_115128",83615.69,"2012","08","01",0.540907192,44820.26,4.2861828,43277.58773,41.37975964,10097,11.58928727,43274.39868,67.42598328,3734,0.897657033,38795.43,3.362480409,33984.5895,48.29843536,10107,62.46286148,33979.79665,199.2918221,544
"KCAE20120801_115546",76476.15,"2012","08","01",0.536476339,40670.18,3.787539067,38216.26918,39.08962054,10090,11.29556835,38212.90772,66.88358356,3383,0.899555442,35805.97,3.011498498,30461.3073,41.59526157,10115,59.60174932,30456.4939,175.8752377,511
"KCAE20120801_120004",61650.76,"2012","08","01",0.536378452,36300.87,3.313600608,33464.05254,39.76551037,10099,11.11644506,33460.49962,72.2492681,3010,0.906526639,25349.89,2.096860255,21163.61055,32.72453627,10093,55.68090137,21158.74252,159.763301,380
"KCAE20120801_120423",65052.46,"2012","08","01",0.536829815,36254.8,3.065132226,30930.24929,43.59968939,10091,15.99077617,30926.16111,98.56887239,1934,0.900712909,28797.66,2.336520048,23582.49684,38.23877927,10093,52.51149976,23577.66339,174.0636153,449
"KCAE20120801_120841",42663.62,"2012","08","01",0.536005901,22928.57,2.073871495,20968.91469,29.82426363,10111,8.710034708,20965.05354,60.66132849,2407,0.90745255,19735.05,1.647017759,16646.40849,30.56729063,10107,32.8236629,16641.59709,132.8005831,507
"KCAE20120801_121259",51335.36,"2012","08","01",0.536545913,25491.39,2.330053656,23566.16268,31.23849832,10114,9.585974609,23562.32559,62.82506249,2458,0.903398796,25843.97,2.119882968,21497.73318,33.51462525,10141,44.59106269,21492.89222,147.584396,482
"KCAE20120801_121718",42177.1,"2012","08","01",0.534910235,25456.81,2.239410597,22747.93284,30.50806589,10158,10.07708151,22743.97296,64.12012374,2257,0.899880247,16720.29,1.426026917,14511.2499,24.15332852,10176,33.73573333,14506.36533,112.8899398,430
"KCAE20120801_122136",31937.52,"2012","08","01",0.536591933,18516.42,1.723951898,17565.34589,24.37817514,10189,8.587415267,17561.26422,53.88142792,2045,0.890121617,13421.1,1.244290872,12683.05685,23.42983283,10193,26.86056105,12678.18481,105.7799731,472
"KCAE20120801_122554",14199.13,"2012","08","01",0.535813118,7882.19,0.847183844,8643.816757,12.44103023,10203,7.832507664,8639.255953,37.12334859,1103,0.904551783,6316.94,0.704172988,7184.676999,14.26760497,10203,15.95508649,7179.78892,66.19251559,450
"KCAE20120801_123013",21356.83,"2012","08","01",0.536863619,12764.62,1.534270528,15649.55939,22.80060602,10200,8.601076931,15645.35894,53.43829259,1819,0.90246977,8592.21,0.984190283,10038.74088,16.06241391,10200,14.90931066,10033.96607,60.89161605,673
"KCAE20120801_123431",39378.83,"2012","08","01",0.536502799,22755.97,2.328021292,23710.89686,32.79754251,10185,12.76614053,23706.72297,75.95395099,1857,0.900043107,16622.86,1.678447293,17076.52276,25.56418948,10174,29.9503673,17071.70936,104.0962126,570
"KCAE20120801_123849",58825.34,"2012","08","01",0.537424736,28864.28,2.893010803,29384.31072,33.9219486,10157,15.8983476,29380.14636,78.23308744,1848,0.902673221,29961.06,2.934389336,29833.93638,40.51696606,10167,54.63207775,29829.11445,166.7095092,546
"KCAE20120801_124307",58605.51,"2012","08","01",0.53723458,33552.38,3.154837922,32065.77264,35.0565566,10164,16.80379184,32061.63484,79.49878291,1908,0.909553517,25053.13,2.377698065,24193.07781,31.46576926,10175,48.18372475,24188.22982,133.7712443,502
"KCAE20120801_124730",63236.91,"2012","08","01",0.537008,35744.58,3.430681393,34866.01499,39.21775113,10163,17.52735962,34861.91829,87.26234766,1989,0.909623678,27492.33,2.655872451,27010.22283,38.13213,10170,54.88896817,27005.37234,165.0511745,492
"KCAE20120801_125148",38333.83,"2012","08","01",0.536113387,22048.37,2.298333407,23397.03408,27.38437454,10180,12.34452862,23392.88174,62.49930341,1895,0.906823452,16285.46,1.700525081,17321.54848,27.61250539,10186,39.17797491,17316.66491,127.0329624,442
"KCAE20120801_125607",23472.74,"2012","08","01",0.536454258,15837.43,1.727919639,17598.86152,21.8192849,10185,10.19978057,17594.62148,52.20963795,1725,0.900064605,7635.31,0.889409183,9065.747802,11.75306608,10193,11.93810224,9061.019602,41.53644229,759
"KCAE20120802_100341",5696.89,"2012","08","02",0.537625881,5286.09,0.736432131,7519.708492,4.119742437,10211,3.627234232,7515.629329,8.554756197,2072,0.906714114,410.8,0.061910095,631.3591444,0.726546127,10198,1.886790455,626.4144312,3.578998511,332
"KCAE20120802_100759",9901.93,"2012","08","02",0.537042693,8453.94,1.069389611,10923.81488,9.997981388,10215,5.387129333,10919.71116,21.92425707,2027,0.907371855,1447.99,0.201218071,2053.02798,1.355469058,10203,2.670532956,2048.298777,4.227096495,767
"KCAE20120802_101219",9621.27,"2012","08","02",0.537189754,8398.34,1.013668538,10337.39175,6.759495131,10198,4.996768422,10333.3171,14.33503193,2068,0.903827324,1222.93,0.14923834,1523.126493,1.239216956,10206,2.286662898,1518.344165,4.329345284,664
"KCAE20120802_101637",10915.13,"2012","08","02",0.536978859,10122.73,1.23686749,12620.99586,5.420033959,10204,5.328153953,12617.06856,10.23830913,2368,0.904405262,792.4,0.101481974,1034.811691,1.080970246,10197,2.097652073,1029.947168,4.485471688,491
"KCAE20120802_102057",14352.64,"2012","08","02",0.536878952,13492.45,1.696953911,17305.53599,8.343065103,10198,6.39622203,17301.78059,15.24553171,2705,0.908570305,860.19,0.103437371,1055.371497,0.810959406,10203,1.8997017,1050.53504,2.955851834,553
"KCAE20120802_102516",22548.92,"2012","08","02",0.537216919,21398.57,2.620523971,26755.54974,12.65075465,10210,7.333404865,26752.26095,20.33307128,3648,0.903429861,1150.35,0.133921482,1366.936566,0.747018646,10207,2.102076724,1362.145717,2.158713741,648
"KCAE20120802_102935",26959.4,"2012","08","02",0.536689612,25923.84,3.017764859,30790.25486,7.66507776,10203,6.564497189,30787.49182,10.22476874,4690,0.905229006,1035.56,0.133605249,1364.3768,0.617902963,10212,1.740909223,1359.650103,1.482314329,781
"KCAE20120802_103358",34968.23,"2012","08","02",0.536948448,31963.59,3.696473278,37740.99217,9.352714057,10210,6.428005028,37738.81752,11.60051821,5871,0.901305267,3004.64,0.408123391,4164.491087,1.352475335,10204,2.28587315,4160.289133,2.442629431,1820
"KCAE20120802_103817",49188.18,"2012","08","02",0.537744255,43022.12,5.083224586,51859.05722,18.15460663,10202,7.534126657,51857.39378,21.68121262,6883,0.907628297,6166.06,0.843035384,8604.019128,2.675458838,10206,3.320541346,8600.202086,4.47059706,2590
"KCAE20120802_104238",68862.71,"2012","08","02",0.536273038,58514.64,6.67852866,68074.24263,21.2417551,10193,8.893777125,68072.97012,24.10820019,7654,0.904961111,10348.07,1.393275603,14222.55735,3.427481821,10208,3.615411239,14219.4124,4.73925924,3933
"KCAE20120802_104656",87124.35,"2012","08","02",0.536078764,68726.16,8.068889516,82334.94862,26.51687526,10204,10.02849565,82333.94926,29.22820736,8210,0.90368796,18398.19,2.392968702,24408.28076,5.543319533,10200,4.796721441,24405.71869,7.076482408,5088
"KCAE20120802_105113",92045.87,"2012","08","02",0.53647658,64927.44,7.388461286,75347.5282,15.23683174,10198,8.960236839,75346.63158,16.35464466,8409,0.903381916,27118.43,3.463998459,35350.10428,5.872841175,10205,5.10005243,35348.46339,6.51463374,6931
"KCAE20120802_105534",86975.3,"2012","08","02",0.535937182,57651.4,6.650450363,67861.19551,11.50527195,10204,8.039368785,67860.31192,12.20062171,8441,0.903113915,29323.9,3.739272174,38204.1438,5.951729802,10217,5.159742566,38202.73396,6.44621218,7404
"KCAE20120802_105953",77214.15,"2012","08","02",0.535898793,53553.76,6.602209048,67289.71462,15.86801516,10192,8.15818869,67288.74031,17.27577939,8248,0.899757249,23660.39,3.091639399,31568.7299,5.060974492,10211,4.653842228,31567.01183,5.593692614,6783
"KCAE20120802_110411",69042.63,"2012","08","02",0.536083903,48344.6,6.104661089,62255.33379,12.4046717,10198,7.899273257,62254.17254,13.59940531,7881,0.904270333,20698.03,2.746133164,28013.30441,4.820222696,10201,4.401536982,28011.38135,5.473458456,6364
"KCAE20120802_110829",62345.48,"2012","08","02",0.536302769,45155.88,5.814197124,59345.51004,11.56367011,10207,7.639583889,59344.28765,12.71859969,7768,0.900556477,17189.6,2.330816137,23746.3548,4.133607697,10188,4.0526003,23744.18516,4.768184275,5859
"KCAE20120802_111251",56202.32,"2012","08","02",0.537377506,40810.06,5.501078647,56149.50975,14.47939964,10207,7.55796439,56148.11745,16.50800648,7429,0.901985396,15392.26,2.115047307,21588.28786,4.510035983,10207,3.9672669,21585.8992,5.550861066,5441
"KCAE20120802_111709",44372.04,"2012","08","02",0.53711656,31723.86,4.145399309,42258.20056,8.411916738,10194,5.82530012,42256.72707,9.468715865,7254,0.905674166,12648.18,1.824463603,18582.1618,3.728106705,10185,3.692285211,18579.57918,4.608430882,5032
"KCAE20120802_112127",39222.15,"2012","08","02",0.537753495,25907.23,3.332625248,33972.78178,5.158203035,10194,4.88582733,33971.15743,5.605550224,6953,0.90687649,13314.92,1.922224887,19614.38275,4.116583761,10204,3.853766786,19611.81918,5.151528323,5089
"KCAE20120802_112545",43769.87,"2012","08","02",0.5383694,30130.13,3.784514136,38594.47516,8.610887055,10198,5.307069402,38593.00869,9.793117528,7272,0.904576197,13639.74,1.944649551,19837.37007,3.619982923,10201,3.666352843,19834.96888,4.289366007,5410
"KCAE20120802_113004",49092.7,"2012","08","02",0.537084128,34655.88,4.117343213,42005.13546,6.474762217,10202,5.480671117,42003.86344,6.952346951,7664,0.901515319,14436.82,2.002167222,20444.1295,3.36111427,10211,3.662750225,20441.809,3.819460741,5581
"KCAE20120802_113424",46080.5,"2012","08","02",0.536641158,32689.64,3.848964275,39270.9825,5.603877666,10203,5.226195742,39269.63481,5.953586785,7514,0.904916304,13390.86,1.856735634,18951.70062,3.562826308,10207,3.555874615,18949.25582,4.274710459,5329
"KCAE20120802_113842",42121.25,"2012","08","02",0.53616901,30659.18,3.59631336,36675.20365,5.927942266,10198,5.105623356,36673.69257,6.495088823,7183,0.90433946,11462.07,1.622156392,16549.23951,3.761468048,10202,3.556083908,16546.45843,4.914032115,4653
"KCAE20120802_114300",39086.13,"2012","08","02",0.536966473,27823.55,3.315879632,33848.49928,5.208839843,10208,4.918882696,33846.83183,5.689205978,6881,0.899310507,11262.58,1.628891193,16624.46352,3.895691178,10206,3.703564556,16621.59773,5.179969094,4488
"KCAE20120802_114717",39219.26,"2012","08","02",0.536979803,25163.58,3.002982988,30639.43542,4.873262444,10203,4.574153294,30637.67876,5.384324113,6698,0.907026813,14055.68,1.896446467,19347.54685,3.948931185,10202,3.54047808,19345.17223,4.826770489,5464
"KCAE20120802_115138",35765.51,"2012","08","02",0.537582896,23747.75,2.788613521,28435.49207,4.029923996,10197,4.27317649,28433.71637,4.306380024,6654,0.90463212,12017.76,1.658305933,16931.30358,2.980799854,10210,3.283314697,16928.77058,3.501516269,5156
"KCAE20120802_115557",32475.44,"2012","08","02",0.537313224,22129.14,2.611714364,26665.60366,4.444477766,10210,4.125595809,26663.72571,4.996152453,6463,0.902558451,10346.3,1.486049285,15139.87012,3.65754169,10188,3.219294046,15137.1206,4.838279677,4702
"KCAE20120802_120017",30323.13,"2012","08","02",0.536793069,21309.5,2.493541765,25434.126,3.759920421,10200,3.981248509,25432.21548,4.080610239,6388,0.903827823,9013.63,1.312835659,13401.42641,2.427096093,10208,2.931860113,13398.60072,2.900494489,4570
"KCAE20120802_120435",32826.56,"2012","08","02",0.537382369,23669.15,2.71255173,27703.29082,3.822710908,10213,4.185147235,27701.48955,4.047932889,6619,0.898899795,9157.41,1.321668042,13484.97904,2.64341358,10203,2.995361312,13482.12127,3.290616148,4501
"KCAE20120802_120854",31513.4,"2012","08","02",0.537816945,23044.66,2.66374985,27175.57597,3.712442422,10202,4.086899571,27173.79525,3.915566429,6649,0.903576812,8468.74,1.254718928,12814.44441,2.639013878,10213,2.921670124,12811.5235,3.369296786,4385
"KCAE20120802_121312",30551,"2012","08","02",0.537376737,22765.49,2.580324997,26301.2527,4.152959538,10193,4.157994325,26299.3141,4.608237737,6325,0.90654454,7785.51,1.176993673,11995.91952,2.250220632,10192,2.851383597,11992.91941,2.73805968,4206
"KCAE20120802_121732",28829.97,"2012","08","02",0.536385871,20636.25,2.412185229,24630.82338,4.212156246,10211,4.087076985,24628.72591,4.818758049,6026,0.904617706,8193.72,1.241827557,12660.43194,2.454319868,10195,2.896455956,12657.51253,3.043350461,4370
"KCAE20120802_122151",31896.02,"2012","08","02",0.537676951,19689.52,2.325694757,23726.73792,3.630689111,10202,3.928572855,23724.65147,3.996639114,6039,0.906484505,12206.5,1.68124814,17167.22476,2.647023328,10211,3.127137576,17164.85816,2.917857125,5489
"KCAE20120802_122608",25968.89,"2012","08","02",0.537011977,17062.37,2.058148584,20997.23185,3.02662253,10202,3.577280663,20995.06021,3.238841881,5869,0.903134306,8906.52,1.33610098,13634.91051,2.616045059,10205,3.036090472,13632.04622,3.22410588,4490
"KCAE20120802_123027",23840.43,"2012","08","02",0.536781774,16671.56,1.95736866,19951.45875,3.176773221,10193,3.572555297,19949.14878,3.557048821,5584,0.900703999,7168.87,1.091961188,11145.64784,2.094636996,10207,2.711752641,11142.5916,2.551014482,4109
"KCAE20120802_123444",21904.26,"2012","08","02",0.537529643,15078.22,1.785176578,18205.23074,3.043422234,10198,3.454689768,18202.76039,3.487246143,5269,0.904949829,6826.04,1.046502278,10686.88126,2.272380394,10212,2.76564826,10683.69923,2.982911791,3863
"KCAE20120802_123901",24891.93,"2012","08","02",0.536696349,15053.24,1.789229731,18246.5648,3.938746252,10198,3.538409196,18244.03781,4.949519124,5156,0.900982937,9838.69,1.349496546,13752.7193,2.555796116,10191,2.902678029,13749.98582,3.089648003,4737
"KCAE20120802_124320",21511.23,"2012","08","02",0.536134322,13203.42,1.593962861,16245.66948,2.890848688,10192,3.307477644,16243.02271,3.417273945,4911,0.903527637,8307.81,1.178671877,12009.48776,2.983693596,10189,2.985923013,12006.39644,4.14305748,4021
"KCAE20120802_124739",21018.79,"2012","08","02",0.540975552,13455.56,1.607049828,16414.40695,3.0609462,10214,3.366508945,16411.73111,3.702579416,4875,0.909186967,7563.23,1.086611202,11096.47359,2.303120151,10212,2.782381164,11093.3537,2.978197127,3987
"KCAE20120802_125157",19830.53,"2012","08","02",0.538288569,13092.64,1.571556597,16014.16172,3.443982336,10190,3.374379928,16011.43276,4.403508725,4745,0.903891807,6737.89,0.981644776,10022.59316,2.038103202,10210,2.628380527,10019.38657,2.607473082,3812
"KCAE20120802_125616",16638.93,"2012","08","02",0.536649861,11578,1.40263424,14302.66134,2.691516204,10197,3.062730945,14299.89078,3.276959659,4669,0.903932217,5060.93,0.781970937,7989.397063,1.580186918,10217,2.241387079,7986.062163,1.972357757,3563
"KCAE20120803_100140",242989.23,"2012","08","03",0.537090183,227034.18,37.54492866,361782.9326,128.2749046,9636,85.7095993,361780.2186,182.8640715,4221,0.937826602,15955.05,3.436107656,35041.42588,32.60194514,10198,33.24178655,35036.84302,96.44180461,1054
"KCAE20120803_100601",271244.26,"2012","08","03",0.535326174,259420.47,43.03175452,413836.3832,137.9297892,9617,88.5774625,413833.9048,187.4301749,4672,0.939358008,11823.79,2.542542549,25908.50858,26.32207473,10190,23.6998621,25903.94928,77.21941168,1093
"KCAE20120803_101020",59006.12,"2012","08","03",0.536121398,58063.38,5.347577895,54555.98968,43.21266925,10202,42.18988755,54551.52461,114.8390375,1293,0.940365702,942.74,0.104667774,1067.506631,6.270956234,10199,5.39336932,1062.493756,44.915826,197
"KCAE20120803_101439",65214.88,"2012","08","03",0.536110515,65148.1,5.790176236,59054.00743,41.80105872,10199,34.71472566,59049.74834,97.35107312,1701,0.940866923,66.78,0.011545207,117.8072926,0.157151128,10204,1.34208664,112.7352778,1.108756022,84
"KCAE20120803_101900",68337.29,"2012","08","03",0.534874475,68059.08,6.008265732,61212.21128,37.91328994,10188,33.31955681,61208.02587,84.05351405,1837,0.939210338,278.21,0.031613231,322.2336617,0.370462862,10193,2.086850268,317.2012407,2.224205725,152
"KCAE20120803_102321",137999.98,"2012","08","03",0.536210715,137227.44,11.62105471,118162.8843,63.88265428,10168,49.45960047,118158.9855,124.5099981,2389,0.940207807,772.54,0.087716225,894.705494,0.791578346,10200,3.121881483,889.7362226,3.605298377,285
"KCAE20120803_102741",105632.7,"2012","08","03",0.535913,104138.95,9.053858343,92222.60109,46.59761956,10186,33.04152447,92218.89481,84.46117757,2791,0.937836397,1493.75,0.172238424,1755.970731,1.382503583,10195,3.91741646,1751.085158,5.3836387,447
"KCAE20120803_103201",98301.2,"2012","08","03",0.535739696,95670.74,8.496614702,86504.03428,46.62393932,10181,25.72126589,86500.61719,78.35170969,3363,0.932348803,2630.46,0.300460885,3068.006094,1.970247135,10211,4.445912611,3063.233789,6.257190623,689
"KCAE20120803_103619",105850.24,"2012","08","03",0.535781263,98308.19,8.62594496,87691.35646,46.76974591,10166,21.3249811,87688.32228,71.67842663,4112,0.938284122,7542.05,0.877742846,8952.977029,5.065590032,10200,6.209984129,8948.58713,12.1905083,1441
"KCAE20120803_104038",119165.07,"2012","08","03",0.53550957,106214.58,9.385590335,95545.30961,51.92585533,10180,20.69363689,95542.5215,75.57579107,4617,0.940464804,12950.49,1.471152656,15004.28594,6.058026859,10199,6.649071371,15000.30501,11.46862929,2256
"KCAE20120803_104457",87986.03,"2012","08","03",0.536567957,73229.3,6.917630885,70559.83503,35.27705199,10200,14.97709276,70557.08401,50.73498121,4711,0.940051064,14756.73,1.619042824,16527.18914,5.362185583,10208,5.352646644,16523.62019,8.666712591,3087
"KCAE20120803_104917",140267.72,"2012","08","03",0.536208897,117963.3,10.75831659,109519.6629,54.33759348,10180,20.49349536,109517.2392,73.65756287,5344,0.906289061,22304.42,2.418726704,24649.24384,13.76364007,10191,6.6538857,24645.99263,22.20615865,3704
"KCAE20120803_105337",144011.38,"2012","08","03",0.536117816,131790.1,11.28414709,114906.4698,56.37340342,10183,22.03758715,114903.9794,77.26676818,5214,0.930419814,12221.28,1.443743256,14721.84998,4.40360467,10197,4.090756712,14718.54265,6.643608587,3598
"KCAE20120803_105758",28932.25,"2012","08","03",0.535524198,16246.65,2.188736879,22303.22879,7.762490059,10190,5.668554491,22300.09337,11.67791279,3934,0.905598711,12685.6,1.771876534,18085.54379,13.50738936,10207,4.790018583,18082.32015,21.88464594,3775
"KCAE20120803_110218",22444.32,"2012","08","03",0.537100699,14887.16,2.169059842,22126.57945,13.7617833,10201,6.231900296,22123.24605,22.78118277,3550,0.884141451,7557.16,1.037806298,10585.62424,3.004565736,10200,3.336097697,10582.1019,4.622402643,3172
"KCAE20120803_110636",16308.4,"2012","08","03",0.5367469,10168.27,1.393012124,14200.36559,4.534119621,10194,4.408965934,14196.87031,7.197085936,3220,0.904671639,6140.13,0.882943526,9010.438683,3.358915684,10205,3.072942016,9006.793047,5.706205586,2931
"KCAE20120803_111056",13885.17,"2012","08","03",0.536339505,8827.96,1.207300903,12333.78602,4.006215433,10216,4.148773696,12330.15542,6.555664468,2972,0.903903511,5057.21,0.718436463,7331.644108,2.482450976,10205,3.016775165,7327.746876,4.354736907,2429
"KCAE20120803_111516",8878.5,"2012","08","03",0.535454039,5092.02,0.670207174,6839.464215,2.094100907,10205,3.037989898,6835.477271,3.563869626,2250,0.901515257,3786.48,0.481826145,4920.40859,1.714701446,10212,2.45324094,4916.294845,3.186052712,2004
"KCAE20120803_111934",6366.22,"2012","08","03",0.53619759,4285.26,0.560842929,5716.671975,2.638824919,10193,3.005005855,5712.51613,5.477751667,1901,0.900499882,2080.96,0.277172586,2827.991892,1.07888399,10203,2.068543882,2823.562399,2.235774454,1365
"KCAE20120803_112354",4838.93,"2012","08","03",0.536914781,3461.94,0.48718097,4969.245889,3.129468555,10200,3.148334909,4964.924152,7.415955982,1577,0.905242217,1376.99,0.199784878,2038.804684,0.840166722,10205,1.866271892,2034.236363,1.871364282,1090
"KCAE20120803_112814",2944.59,"2012","08","03",0.535926415,2033.38,0.31939175,3259.073417,2.626971756,10204,2.776916974,3254.546694,7.300668411,1172,0.904956512,911.21,0.141443468,1443.006257,0.651596761,10202,1.649461216,1438.330181,1.575776469,872
"KCAE20120803_113233",1999.07,"2012","08","03",0.536446462,1225.58,0.186188311,1900.424095,0.913965831,10207,2.214646604,1895.737493,2.339805541,856,0.90406925,773.49,0.123331107,1257.977294,0.703987821,10200,1.691277415,1253.236564,2.043508958,741
"KCAE20120803_113651",1411.57,"2012","08","03",0.542287114,888.75,0.145628862,1487.307572,0.787589947,10213,2.117913969,1482.539778,2.209092672,700,0.903801958,522.82,0.090032992,919.2368529,0.511170693,10210,1.56845956,914.4119234,1.503779108,583
"KCAE20120803_114113",1128.8,"2012","08","03",0.536411719,717.32,0.105591104,1078.507537,0.628740759,10214,1.991945362,1073.65855,1.934119737,539,0.884912396,411.48,0.070377054,718.1978392,0.445454852,10205,1.595765669,713.3072542,1.449486493,447
"KCAE20120803_114533",1067.87,"2012","08","03",0.536301551,666.47,0.107757824,1100.099626,0.633126133,10209,2.130818319,1095.240616,1.912637091,514,0.90126816,401.4,0.070256808,716.8302089,0.43211321,10203,1.5716195,711.9436333,1.36030265,453
"KCAE20120803_114952",1001.14,"2012","08","03",0.542192089,639.28,0.102329354,1044.168726,1.269723174,10204,2.394636236,1039.272127,5.699846706,434,0.905167396,361.86,0.05944671,606.6536785,0.406511632,10205,1.65308103,601.7214949,1.415766325,364
"KCAE20120803_115413",1422.74,"2012","08","03",0.536925163,890.43,0.147480469,1505.038184,1.66965185,10205,2.976540013,1500.176167,6.936619958,504,0.902188852,532.31,0.08807792,899.363641,0.59386921,10211,1.851942219,894.4880916,2.048955153,483
"KCAE20120803_115835",1834.77,"2012","08","03",0.537590438,1399.87,0.231542148,2361.035288,2.051292953,10197,3.90103874,2356.227399,7.537380538,604,0.90376054,434.9,0.068367604,696.5975122,0.424798624,10189,1.682960836,691.6969034,1.327006064,411
"KCAE20120803_120257",1378.33,"2012","08","03",0.536669893,895.59,0.130070513,1325.548598,1.101485433,10191,2.786241691,1320.678562,4.326990273,474,0.906997799,482.74,0.063555202,648.3266178,0.436604543,10201,1.787206762,643.3944342,1.525715638,360
"KCAE20120803_120716",726.54,"2012","08","03",0.537276085,403.15,0.057622367,587.1143,0.448587393,10189,2.086550303,582.1475346,1.768312379,279,0.904977913,323.39,0.046905286,478.4808197,0.387571782,10201,1.807250076,473.4995198,1.636356553,262
"KCAE20120803_121134",544.76,"2012","08","03",0.535946943,331,0.040242195,410.55087,0.41065737,10202,2.079669176,405.5354893,2.145999136,195,0.90588082,213.76,0.033556758,342.2118181,0.454336926,10198,1.852702894,337.1919268,2.870742213,182
"KCAE20120803_121554",450.05,"2012","08","03",0.536600749,289.53,0.040532265,413.6722952,0.394317067,10206,2.074395494,408.6559122,1.963681327,197,0.901695858,160.52,0.024921705,254.3758385,0.311226761,10207,1.846873191,249.3278807,1.997077212,135
"KCAE20120803_122015",328.18,"2012","08","03",0.537536262,209.82,0.030756585,313.7171665,0.369324756,10200,2.269656016,308.6732181,2.277451178,136,0.904103084,118.36,0.020499804,209.1389977,0.231993039,10202,1.569931076,204.0910398,1.343666132,130
"KCAE20120803_122433",208.13,"2012","08","03",0.537069467,124.26,0.021636987,220.7189072,0.238888439,10201,1.812318803,215.6659375,1.288831179,119,0.904430901,83.87,0.015451577,157.7605964,0.210422513,10210,1.427075717,152.6971018,1.493871604,107
"KCAE20120803_122852",189.57,"2012","08","03",0.535417249,110.01,0.017636219,180.065798,0.236079767,10210,1.923014114,174.9942844,1.618097496,91,0.904152414,79.56,0.014136149,144.2735343,0.151818401,10206,1.265577709,139.213548,0.748482579,110
"KCAE20120803_123313",233.36,"2012","08","03",0.535936974,148.3,0.022497061,229.6949904,0.29882835,10210,1.919970151,224.6365076,2.045846779,117,0.907645363,85.06,0.014173766,144.4306795,0.176749232,10190,1.565934688,139.3681872,1.077193514,89
"KCAE20120803_123732",235.38,"2012","08","03",0.53704904,127.19,0.019069259,194.4492322,0.336843795,10197,1.972778541,189.38674,2.878164047,96,0.905651823,108.19,0.01675631,170.864094,0.209198729,10197,1.641624829,165.8041077,1.330004595,101
"KCAE20120803_124151",294.37,"2012","08","03",0.537525885,160.45,0.023290994,237.6845917,0.282815939,10205,2.07701883,232.626109,1.746373411,112,0.905344189,133.92,0.023630229,241.0755973,0.297211533,10202,1.788095771,236.0286418,1.923646649,132
"KCAE20120803_124609",162.92,"2012","08","03",0.536177352,99.08,0.014310465,146.1384728,0.185333323,10212,1.659564114,141.0629497,1.188825377,85,0.90601651,63.84,0.010951227,111.8339335,0.162694854,10212,1.386420791,106.7544009,1.274738855,77
"KCAE20120803_125028",185.37,"2012","08","03",0.537058866,108.46,0.017529341,178.9921009,0.215295152,10211,1.890441166,173.9205873,1.273579274,92,0.90129189,76.91,0.013968474,142.5063697,0.216836232,10202,1.561788204,137.437362,1.75174832,88
"KCAE20120803_125446",210.37,"2012","08","03",0.536520039,127.58,0.021754913,221.7695867,0.519646628,10194,2.814273707,216.6990755,5.315585329,77,0.903861479,82.79,0.01351797,137.9779202,0.187291303,10207,1.640776522,132.9028983,1.331376543,81
"KCAE20120803_125907",158.87,"2012","08","03",0.537132167,76.15,0.012738777,129.9737429,0.17275012,10203,1.601272079,124.8992221,1.173903303,78,0.906458288,82.72,0.014613441,148.969414,0.241449496,10194,2.026702756,143.8958957,2.086590806,71
"KCAE20120804_100339",794.38,"2012","08","04",0.536242471,535.81,0.068110739,694.6614238,0.641927903,10199,2.78094399,689.6741096,3.072452243,248,0.935704458,258.57,0.029259313,298.70833,0.726426231,10209,5.33853227,293.6192748,8.419501987,55
"KCAE20120804_100758",954.16,"2012","08","04",0.536747293,842.02,0.10598551,1081.052202,1.40012592,10200,3.898834855,1076.07842,7.60687665,276,0.935995323,112.14,0.013371216,136.453258,0.325525967,10205,2.919137682,131.3611957,3.987621276,45
"KCAE20120804_101218",759.35,"2012","08","04",0.536763139,728.22,0.092732908,946.9884519,1.153635568,10212,3.813741381,941.9941211,6.402761534,247,0.936095186,31.13,0.004024773,41.02853525,0.078701298,10194,1.437278491,35.93196227,0.696799351,25
"KCAE20120804_101635",2144.99,"2012","08","04",0.536284883,2118.93,0.272288174,2777.611668,4.168582829,10201,8.66456074,2772.659437,21.97024753,320,0.936094117,26.06,0.003299407,33.69024697,0.078027532,10211,1.786290195,28.58064312,0.864745588,16
"KCAE20120804_102053",6115.08,"2012","08","04",0.535353089,5952.59,0.710915745,7254.18426,13.53352462,10204,19.91552906,7249.252578,69.0256475,364,0.936572909,162.49,0.019736237,201.5661925,0.35783744,10213,3.572275139,196.4751326,3.360265665,55
"KCAE20120804_102512",4460.34,"2012","08","04",0.53529792,4349.34,0.518138497,5292.266612,6.401708377,10214,13.87752871,5287.338438,30.25830784,381,0.934431441,111,0.013600648,138.8354197,0.201011241,10208,2.157264098,133.7503741,1.435897821,62
"KCAE20120804_102930",5433.85,"2012","08","04",0.536416886,5063.19,0.602486564,6151.387817,8.46062122,10210,12.56956191,6146.515776,36.69850834,489,0.879048496,370.66,0.045421974,463.0770286,0.726592935,10195,3.693786871,458.029572,5.492759829,124
"KCAE20120804_103350",4660.03,"2012","08","04",0.53612539,4296.76,0.51198874,5228.941006,5.065768858,10213,8.606468866,5224.126601,19.04382482,607,0.934804834,363.27,0.045514707,464.3865558,0.611667878,10203,3.734427549,459.3345885,4.171265745,123
"KCAE20120804_103808",3840,"2012","08","04",0.535817626,3151.75,0.381930572,3897.98342,2.650755512,10206,5.522300199,3893.22164,8.56912893,705,0.935418905,688.25,0.085132387,868.4354791,1.764163712,10201,5.049172931,863.4085712,12.70933446,171
"KCAE20120804_104225",4412.07,"2012","08","04",0.535964727,3952.18,0.466803348,4768.863005,2.831344065,10216,5.359042105,4764.188431,8.122324515,889,0.935257599,459.89,0.054061517,551.8059068,0.646606348,10207,3.178933098,546.7764929,3.868291627,172
"KCAE20120804_104645",13532.66,"2012","08","04",0.535460097,6997.77,0.681928675,6951.580911,9.966691268,10194,6.355919127,6947.019606,29.85169043,1093,0.87950331,6534.89,0.524948466,5351.324664,15.28053177,10194,12.17866875,5346.435583,72.74317867,439
"KCAE20120804_105104",24037.95,"2012","08","04",0.536196931,15342.94,1.28483766,13098.91995,22.2295169,10195,11.1157901,13094.40074,64.57925368,1178,0.884580543,8695.01,0.678974636,6918.751541,15.85245724,10190,13.71804969,6913.897042,70.08021889,504
"KCAE20120804_105525",18290.13,"2012","08","04",0.535083824,10724.88,0.937979815,9569.270071,13.94408932,10202,7.340606298,9564.810006,38.42344824,1303,0.882058057,7565.25,0.60019262,6118.363567,14.50988317,10194,10.61379019,6113.543148,60.21389426,576
"KCAE20120804_105946",11623.25,"2012","08","04",0.535698487,8569.86,0.783342181,7989.306906,10.29398159,10199,6.665104941,7984.79572,29.38638268,1198,0.935989941,3053.39,0.279216459,2849.403967,5.278659657,10205,4.904448344,2844.580039,21.6412613,580
"KCAE20120804_110403",5312.29,"2012","08","04",0.536064989,4070.83,0.416115286,4246.456497,2.972743906,10205,3.740661576,4241.910227,8.194153082,1134,0.935422985,1241.46,0.139870966,1426.543985,0.95211557,10199,2.543314026,1421.71254,3.231897635,559
"KCAE20120804_110820",4744.43,"2012","08","04",0.535462862,3252.83,0.368425259,3757.937639,2.537121899,10200,3.494752146,3753.363805,7.088725181,1074,0.936675173,1491.6,0.174658325,1782.388204,2.195564932,10205,3.04377788,1777.566282,8.696248911,584
"KCAE20120804_111239",7083.62,"2012","08","04",0.53674961,4151.4,0.416982814,4256.560562,4.413077232,10208,4.576867648,4251.910045,13.96957764,929,0.935672711,2932.22,0.295971857,3022.464602,4.108434317,10212,3.949907572,3017.729385,14.54097358,764
"KCAE20120804_111657",13567.21,"2012","08","04",0.536805574,9167.23,0.806037705,8228.032893,18.06906219,10208,9.697337005,8223.34178,62.03344215,848,0.896058441,4399.98,0.430694064,4389.20321,6.431285986,10191,5.542973515,4384.49205,22.47531264,791
"KCAE20120804_112116",10667.97,"2012","08","04",0.535631701,8532.16,0.768258541,7835.468858,19.63311566,10199,8.7986554,7830.803306,65.96205369,890,0.936049047,2135.81,0.215637698,2200.15143,3.138330582,10203,3.913224568,2195.318983,12.84275556,561
"KCAE20120804_112534",5006.91,"2012","08","04",0.536678898,3959.01,0.376458663,3839.878367,11.53749898,10200,6.246048838,3835.073987,46.66915215,614,0.935819244,1047.9,0.118954691,1212.980989,1.176768796,10197,2.527426674,1208.10995,4.847819074,478
"KCAE20120804_112951",2494.31,"2012","08","04",0.536946958,1765.13,0.200614242,2046.064658,1.720928237,10199,3.453890442,2041.249251,6.319535436,591,0.933740971,729.18,0.093260018,951.4387067,0.802134229,10202,2.342891273,946.5280742,3.317237055,404
"KCAE20120804_113410",2391.68,"2012","08","04",0.535487281,1491.7,0.20251285,2063.808452,3.073262066,10191,3.862979335,2058.967985,12.91296271,533,0.898599822,899.98,0.121937004,1244.367126,1.557524482,10205,2.875797036,1239.468522,7.04486902,431
"KCAE20120804_113827",1587.07,"2012","08","04",0.536728982,1085.41,0.139361703,1421.489375,0.963767058,10200,2.777711512,1416.632871,3.35707659,510,0.936564012,501.66,0.067719487,690.8742051,0.489682651,10202,2.047549226,685.9289907,1.805180826,335
"KCAE20120804_114246",1646.79,"2012","08","04",0.536643764,1010.79,0.136227789,1390.749493,0.954308336,10209,2.717428389,1385.888478,3.352234135,510,0.927206911,636,0.084900128,866.4907081,0.606250909,10206,2.046523969,861.586591,2.215235387,421
"KCAE20120804_114706",4210.66,"2012","08","04",0.536716434,1763.8,0.192278281,1964.314918,2.849596205,10216,3.790046234,1959.453903,12.12811934,517,0.918773663,2446.86,0.216313221,2208.12536,8.41229489,10208,5.875192497,2203.197186,43.56595583,375
"KCAE20120804_115125",5563.04,"2012","08","04",0.535798872,3988.93,0.350077095,3571.486528,10.08976596,10202,7.1048307,3566.625011,44.99736687,502,0.936097818,1574.11,0.139909787,1427.639463,5.440754124,10204,5.044917317,1422.666683,32.4036883,282
"KCAE20120804_115543",1407.03,"2012","08","04",0.536529684,1096.91,0.135903254,1387.844032,1.07020536,10212,2.986950232,1382.957958,4.096468027,463,0.935639881,310.12,0.041790604,426.5149062,0.351895606,10206,1.848745877,421.51406,1.487450973,228
"KCAE20120804_120002",1146.02,"2012","08","04",0.536576013,778.25,0.105777923,1079.252147,0.651011151,10203,2.366445094,1074.366073,2.04556064,454,0.935519967,367.77,0.051727537,527.05187,0.529972921,10189,2.031416647,522.0740784,2.672360991,257
"KCAE20120804_120419",939.11,"2012","08","04",0.536655129,724.09,0.099133805,1010.470875,0.588833636,10193,2.259742252,1005.585302,1.751207755,445,0.936374689,215.02,0.02992496,305.2046687,0.285688816,10199,1.631441731,300.1852785,1.386384439,184
"KCAE20120804_120838",1004.44,"2012","08","04",0.536965263,806.51,0.108860395,1111.138047,0.704369478,10207,2.343769045,1106.258989,2.345754899,472,0.936007577,197.93,0.028353334,289.1473025,0.267778268,10198,1.605225453,284.1249053,1.268699171,177
"KCAE20120804_121258",1187.58,"2012","08","04",0.536230179,887.73,0.115568281,1177.525216,0.665365911,10189,2.354755442,1172.66821,1.947542981,498,0.88455378,299.85,0.041331985,422.1235609,0.30779741,10213,1.610558854,417.1347432,1.101622876,259
"KCAE20120804_121718",3007.34,"2012","08","04",0.535252916,2546.26,0.307093793,3135.734718,6.255917299,10211,4.434803022,3130.970934,23.41913507,706,0.922842406,461.08,0.065033244,663.2740537,0.454891852,10199,1.838943771,658.3418701,1.625011219,358
"KCAE20120804_122138",2414.64,"2012","08","04",0.535835289,1904.88,0.249634216,2548.76535,1.287503835,10210,3.244950458,2544.041159,3.447115998,784,0.934911762,509.76,0.070866262,723.1902038,0.511058151,10205,2.000711739,718.2555143,1.890368281,359
"KCAE20120804_122556",2382.38,"2012","08","04",0.53645037,1940.26,0.251124692,2561.220737,1.315096563,10199,3.248416217,2556.503563,3.562567319,787,0.934099444,442.12,0.062154354,634.4094959,0.408954246,10207,1.692151396,629.4803195,1.354975628,372
"KCAE20120804_123015",3081.71,"2012","08","04",0.536720236,2357.9,0.313774677,3202.384356,1.636044353,10206,3.592938534,3197.715296,4.351118311,890,0.925362201,723.81,0.10103922,1031.509401,0.632141268,10209,2.217332246,1026.62483,2.031673061,463
"KCAE20120804_123434",3754.32,"2012","08","04",0.535505669,2831.42,0.376262346,3837.499665,2.451778485,10199,4.11250554,3832.855163,7.103928861,932,0.936084164,922.9,0.129597348,1321.892945,0.969288651,10200,2.385973715,1317.057491,3.463843924,552
"KCAE20120804_123853",3284.35,"2012","08","04",0.536160591,2842.08,0.370100324,3776.503707,1.772408966,10204,3.68709903,3771.902307,4.372833771,1023,0.93687421,442.27,0.063723221,649.9768503,0.383116378,10200,1.64137839,645.0617071,1.106124243,393
"KCAE20120804_124313",3489.86,"2012","08","04",0.535800735,2527.08,0.337324033,3441.717109,1.445214342,10203,3.257945259,3437.132249,3.270147594,1055,0.936681373,962.78,0.141535048,1444.22363,0.815148474,10204,2.056371923,1439.460346,2.399301638,700
"KCAE20120804_124732",3887.09,"2012","08","04",0.536684231,2875.27,0.379389391,3867.116065,1.754711094,10193,3.451803657,3862.568292,4.178014858,1119,0.935468228,1011.82,0.141721529,1445.417878,0.765086578,10199,2.118598642,1440.647077,2.144337681,680
"KCAE20120804_125151",3041.6,"2012","08","04",0.535430998,2425.04,0.327108017,3334.539124,1.79985462,10194,3.204957416,3329.950755,4.751876956,1039,0.932962153,616.56,0.088505725,902.1388557,0.542564447,10193,1.90502402,897.2663134,1.707810683,471
"KCAE20120804_125608",3026.68,"2012","08","04",0.535591841,2255.44,0.285566834,2913.638411,1.607729187,10203,3.117891109,2908.992405,4.410796133,933,0.921510021,771.24,0.110445479,1127.427452,0.59220238,10208,1.880419667,1122.610541,1.634963085,597
"KCAE20120805_100020",13.64,"2012","08","05",0.536242514,9.51,0.00150871,15.41147219,0.035173098,10215,1.029685647,10.29685647,0.477770303,10,0.937178721,4.13,0.000501187,5.110105034,0,10196,NA,0,NA,0
"KCAE20120805_100438",37.06,"2012","08","05",0.53528723,32.92,0.005090506,51.95879005,0.12560973,10207,1.874228065,46.85570164,1.749665902,25,0.936167883,4.14,0.000501187,5.115116906,0,10206,NA,0,NA,0
"KCAE20120805_100857",183.19,"2012","08","05",0.535224427,177.24,0.02323791,237.1196335,0.501228178,10204,3.625587421,232.0375949,5.236519393,64,0.936058314,5.95,0.000880131,8.97733652,0.022589327,10200,0.966807872,3.867231486,0.700188691,4
"KCAE20120805_101316",1194.43,"2012","08","05",0.536508171,1180.18,0.153300716,1565.047005,1.844236846,10209,8.041379457,1560.027615,10.77674846,194,0.936244481,14.25,0.002059433,21.01239321,0.046653296,10203,1.136128321,15.90579649,0.566680469,14
"KCAE20120805_101735",4231.25,"2012","08","05",0.534984937,4162.99,0.558719906,5696.708162,5.698887446,10196,17.84250137,5691.757936,27.05305301,319,0.937395455,68.26,0.008779834,89.65088831,0.154131374,10211,2.113832824,84.55331296,1.287082403,40
"KCAE20120805_102154",4958.36,"2012","08","05",0.536689242,4899.61,0.650518141,6631.381926,5.658098997,10194,14.66039681,6626.49936,22.75319634,452,0.936241688,58.75,0.0081205,82.89406234,0.160013662,10208,1.897524189,77.79849174,1.691078749,41
"KCAE20120805_102611",7661.1,"2012","08","05",0.534899003,7406.63,0.982748348,10031.89513,7.186850069,10208,16.27773985,10027.08774,24.65502992,616,0.935701768,254.47,0.033729963,344.3491965,0.446092036,10209,2.851195104,339.2922174,3.019143295,119
"KCAE20120805_103030",6860.1,"2012","08","05",0.537020952,6498.58,0.870381474,8885.72447,4.987852298,10209,11.71634268,8880.98775,14.43075484,758,0.937827345,361.52,0.049196492,502.4929704,0.500111455,10214,2.618258261,497.4690696,2.598945951,190
"KCAE20120805_103448",7370.58,"2012","08","05",0.536089113,6648.27,0.893568983,9120.658609,4.690166765,10207,9.20812037,9116.039166,12.26256855,990,0.934091546,722.31,0.099032203,1010.128468,0.767662433,10200,2.823580844,1005.194781,3.035986964,356
"KCAE20120805_103906",8079.17,"2012","08","05",0.535774455,6733.29,0.928753326,9484.428962,4.614368026,10212,7.795987074,9479.920282,11.19670639,1216,0.937065394,1345.88,0.188048671,1918.096444,1.378092519,10200,3.766218381,1913.238938,4.970194393,508
"KCAE20120805_104325",6983.11,"2012","08","05",0.535767319,4966.65,0.694492249,7087.293405,3.678073983,10205,5.956917327,7082.774701,9.21007196,1189,0.937705724,2016.46,0.285092957,2907.948165,1.583824724,10200,3.85552915,2903.21345,4.498789479,753
"KCAE20120805_104744",6766.24,"2012","08","05",0.535164444,3911.19,0.554347588,5657.117133,2.467415792,10205,4.577021444,5652.621484,5.649631363,1235,0.922166868,2855.05,0.401600675,4098.334884,2.399112086,10205,4.420825451,4093.684368,6.760776096,926
"KCAE20120805_105204",4852.88,"2012","08","05",0.536237572,2749.78,0.401475906,4096.660143,1.919705805,10204,3.897211691,4092.072276,4.712704144,1050,0.937627802,2103.1,0.299117539,3051.298016,1.812240755,10201,4.089340658,3046.55879,5.432044321,745
"KCAE20120805_105622",3186.85,"2012","08","05",0.536410488,1407.85,0.204514406,2085.228883,1.216037887,10196,2.901643137,2080.478129,3.635925876,717,0.92675926,1779,0.251541448,2567.483562,1.797336944,10207,3.579227366,2562.726794,5.846870145,716
"KCAE20120805_110043",1834.08,"2012","08","05",0.535527718,702.29,0.103109444,1050.994563,0.72666351,10193,2.496649067,1046.095959,2.624148406,419,0.901654576,1131.79,0.161166393,1645.831207,1.272721417,10212,3.321782733,1640.96067,4.799069267,494
"KCAE20120805_110502",875.9,"2012","08","05",0.541307716,344.78,0.05015844,512.1678271,0.466841803,10211,2.149019002,507.1684844,2.222661505,236,0.936857919,531.12,0.076563213,780.5619578,0.645162743,10195,2.39387265,775.6147386,2.751940587,324
"KCAE20120805_110921",604.75,"2012","08","05",0.535757549,250.35,0.037837808,385.718613,0.401127797,10194,2.080334577,380.7012276,2.177174012,183,0.894482882,354.4,0.051198976,521.7687692,0.47053168,10191,2.237129629,516.7769444,2.213281193,231
"KCAE20120805_111342",387.53,"2012","08","05",0.535979635,133.58,0.02245404,229.0087538,0.231028405,10199,1.646803726,223.9653067,1.156694066,136,0.935484386,253.95,0.037226343,379.6714702,0.40482671,10199,2.178174801,374.6460658,2.254796655,172
"KCAE20120805_111802",266.5,"2012","08","05",0.535075428,110.35,0.019120616,195.0494029,0.323893723,10201,1.666613397,189.9939272,2.588492871,114,0.923593212,156.15,0.022570242,230.1938968,0.278519491,10199,2.010164475,225.1384211,1.759704848,112
"KCAE20120805_112222",161.04,"2012","08","05",0.535243371,87.04,0.015277973,155.8200445,0.187490205,10199,1.570380728,150.7565499,1.143028646,96,0.937407802,74,0.011642024,118.8417763,0.175234455,10208,1.496891411,113.7637473,1.388123678,76
"KCAE20120805_112640",87.61,"2012","08","05",0.536780849,47.4,0.008008238,81.63598149,0.156410283,10194,1.739748433,76.54893107,1.648386666,44,0.93870992,40.21,0.006488814,66.10803446,0.156454452,10188,1.488353356,61.0224876,1.993493991,41
"KCAE20120805_113059",66.42,"2012","08","05",0.535506006,36.76,0.007255363,74.06274921,0.118137389,10208,1.301380997,68.97319285,1.011736978,53,0.922986291,29.66,0.004681605,47.71959892,0.086185241,10193,1.217958257,42.628539,0.840276312,35
"KCAE20120805_113519",92.71,"2012","08","05",0.535714081,54.31,0.010744324,109.6028468,0.143111685,10201,1.290504099,104.530832,0.96942853,81,0.935546026,38.4,0.00604384,61.67133885,0.103798889,10204,1.347101766,56.57827418,0.911749115,42
"KCAE20120805_113937",72.98,"2012","08","05",0.536721127,46.34,0.010124035,103.2449089,0.118900522,10198,1.197254863,98.1748988,0.584371929,82,0.934950198,26.64,0.004468058,45.58759815,0.087601537,10203,1.265313212,40.49002279,0.937722356,32
"KCAE20120805_114355",85.44,"2012","08","05",0.535617997,64.26,0.013292999,135.4556561,0.16273919,10190,1.330588516,130.3976746,1.005850673,98,0.936961676,21.18,0.004166764,42.47598932,0.065724069,10194,0.958626486,37.38643297,0.469182868,39
"KCAE20120805_114815",69.65,"2012","08","05",0.53538439,49.49,0.010251267,104.6449314,0.129504391,10208,1.214267189,99.56990952,0.796220038,82,0.93646864,20.16,0.003358254,34.24075987,0.055249704,10196,0.910834151,29.14669282,0.388760393,32
"KCAE20120805_115235",55.25,"2012","08","05",0.535741922,39.74,0.007357746,75.00486544,0.107894476,10194,1.146333364,69.92633521,0.806735859,61,0.934679016,15.51,0.002651033,27.04318851,0.054662837,10201,0.997345621,21.94160365,0.642303743,22
"KCAE20120805_115655",28.39,"2012","08","05",0.536284407,18.72,0.003310125,33.77651046,0.070908778,10204,1.194767684,28.67442442,0.86354212,24,0.93486604,9.67,0.001654982,16.87088814,0.032432123,10194,0.784620219,11.76930329,0.328672933,15
"KCAE20120805_120113",52.44,"2012","08","05",0.535145947,35.74,0.006391297,65.27431886,0.10120518,10213,1.308233658,60.17874826,0.76424343,46,0.93703797,16.7,0.00239772,24.43995861,0.049312967,10193,1.017941037,19.34087969,0.535036656,19
"KCAE20120805_120532",50.33,"2012","08","05",0.534700839,43.01,0.007043772,71.80421286,0.101923982,10194,1.258899493,66.72167313,0.656290639,53,0.928174885,7.32,0.001104774,11.25543818,0.028123061,10188,1.025391627,6.152349763,0.593004972,6
"KCAE20120805_120953",49.1,"2012","08","05",0.535437493,37.42,0.005755802,58.68615411,0.120298823,10196,1.576267337,53.59308944,1.386059034,34,0.934811833,11.68,0.001769259,18.05175244,0.039973112,10203,0.995742656,12.94465453,0.535497919,13
"KCAE20120805_121413",104.71,"2012","08","05",0.535979172,78.35,0.009874063,100.7549418,0.228250481,10204,2.585388412,95.65937124,2.814814237,37,0.937202548,26.36,0.00357925,36.48687672,0.098833637,10194,1.846252602,31.38629424,1.615300491,17
"KCAE20120805_121832",135.8,"2012","08","05",0.536143913,109.33,0.014605253,148.8859518,0.282293432,10194,2.282673397,143.808424,2.800288619,63,0.932316525,26.47,0.003290216,33.59639585,0.104448152,10211,2.191176034,28.48528844,2.022309718,13
"KCAE20120805_122251",1171.01,"2012","08","05",0.535969709,993.08,0.096995893,989.1641157,3.061906911,10198,12.45686838,984.0926021,32.70632704,79,0.92812155,177.93,0.019809073,201.8544524,0.767636083,10190,5.465705479,196.7653972,11.87140256,36
"KCAE20120805_122712",4365.11,"2012","08","05",0.535474236,3409.63,0.267765908,2732.818862,7.923356659,10206,25.25701734,2727.757873,73.14703837,108,0.924892865,955.48,0.099441071,1014.995014,4.193168674,10207,21.03965526,1009.903452,58.03549412,48
"KCAE20120805_123131",14274.85,"2012","08","05",0.534795826,5747.19,0.545458612,5546.223171,15.82064813,10168,42.29918134,5541.192755,133.3983422,131,0.878074916,8527.66,0.805135302,8203.523592,23.8444429,10189,105.1084114,8198.456088,253.2218786,78
"KCAE20120805_123550",29555.16,"2012","08","05",0.535640385,15581.05,1.351738325,13770.15831,28.48756993,10187,106.7063362,13765.11737,230.7621807,129,0.897047431,13974.11,1.177043749,11999.96102,21.04099534,10195,119.9490154,11994.90154,176.6258116,100
"KCAE20120805_124010",33391.63,"2012","08","05",0.536272301,15983.08,1.295661187,13184.64824,24.7736085,10176,86.70805488,13179.62434,184.1217396,152,0.926556305,17408.55,1.342770007,13668.0559,31.54570191,10179,140.8557003,13663.00293,292.6582134,97
"KCAE20120805_124428",38641.58,"2012","08","05",0.536411796,21076.99,1.672442085,16992.01158,31.30286407,10160,101.1131174,16987.00372,222.4698252,168,0.934217102,17564.59,1.397231812,14208.4503,27.80375977,10169,132.7421248,14203.40735,237.8128494,107
"KCAE20120805_124847",43203.94,"2012","08","05",0.536046081,25924.24,2.135113048,21690.61345,35.7990571,10159,154.8970861,21685.59206,264.24169,140,0.935217129,17279.7,1.393480355,14157.76041,30.19114312,10160,116.9647024,14152.72899,252.0638043,121
"KCAE20120805_125307",42714.58,"2012","08","05",0.535523676,20387.71,1.690502745,17153.53135,30.71427701,10147,120.764204,17148.51697,231.0854861,142,0.923701199,22326.87,1.85531383,18844.42257,34.88803239,10157,168.2088227,18839.38815,288.3259904,112
"KCAE20120805_125725",38334.09,"2012","08","05",0.535976097,22487.81,1.997958776,20309.25096,35.78073926,10165,130.9950585,20304.23407,259.7876079,155,0.927363379,15846.28,1.363556955,13845.55732,28.52980824,10154,119.3148828,13840.5264,240.1364168,116
"KCAE20130627_100208",160579.35,"2013","06","27",0.477784872,79022.17,6.748717422,64659.46162,65.52191068,9581,166.6362222,64654.85421,282.0679671,388,0.923310847,81557.18,6.941269775,66872.19301,64.58129143,9634,154.0727698,66867.58209,264.6993746,434
"KCAE20130627_100519",169869.4,"2013","06","27",0.476164692,80755.98,6.834739011,65497.30394,65.83758181,9583,133.1153408,65492.74765,260.2817755,492,0.925704866,89113.42,7.490363958,72289.50256,65.8616598,9651,152.1787446,72284.90366,257.3830312,475
"KCAE20130627_100831",206952.55,"2013","06","27",0.470649182,101451.05,8.441979564,81228.72737,71.81382712,9622,126.5174871,81224.2267,249.8895709,642,0.926205502,105501.5,8.764471054,84857.60875,73.26016839,9682,164.4438273,84853.01486,274.2991443,516
"KCAE20130627_101142",218361.65,"2013","06","27",0.474941287,114796.73,9.33283075,90080.4824,75.65106264,9652,150.8809785,90075.94415,266.9848927,597,0.924492899,103564.92,8.40914784,81728.50786,70.19274313,9719,157.1613412,81723.89744,262.3600523,520
"KCAE20130627_101452",192907.62,"2013","06","27",0.473162207,113182.2,9.137065391,88592.98603,74.96390323,9696,135.043377,88588.4553,257.195947,656,0.923460723,79725.42,6.405880972,62386.87478,55.08691701,9739,117.039889,62382.26085,206.3332645,533
"KCAE20130627_101802",163726.95,"2013","06","27",0.478640521,95812.61,7.608612439,73955.7129,64.16092766,9720,122.2332968,73951.14458,228.4879864,605,0.925731121,67914.34,5.369733342,52349.53035,50.74961799,9749,112.5696287,52344.87733,204.9751083,465
"KCAE20130627_102113",119816.58,"2013","06","27",0.471953218,66598.48,5.248992706,51146.18493,50.29181321,9744,93.15405558,51141.57651,191.7412717,549,0.925422215,53218.1,4.137571424,40436.48553,41.14597782,9773,94.24662572,40431.80243,173.61374,429
"KCAE20130627_102423",83698.03,"2013","06","27",0.474517119,56779.25,4.411418607,43077.5027,46.65370364,9765,83.15225526,43072.86822,185.866351,518,0.924696114,26918.78,2.047211335,19997.16032,22.6969612,9768,52.47363693,19992.45567,102.8968774,381
"KCAE20130627_102942",26453.9,"2013","06","27",0.479154052,13268.36,1.025483934,10021.029,11.82607203,9772,23.07914496,10016.34891,51.43754279,434,0.926050334,13185.54,0.985502937,9631.320201,9.768534935,9773,32.96770016,9626.568445,46.32960811,292
"KCAE20130627_103254",18208.88,"2013","06","27",0.474379697,5354.61,0.420195109,4105.306219,5.338417485,9770,11.11272238,4100.594558,25.24661357,369,0.924930194,12854.27,0.944978628,9232.441193,13.4091186,9770,37.8183069,9227.666883,76.34283471,244
"KCAE20130627_103605",11224.52,"2013","06","27",0.477389552,2897,0.239420077,2341.049514,4.312937763,9778,7.787664204,2336.299261,23.43655635,300,0.922690975,8327.52,0.610952681,5966.56388,7.61566387,9766,24.23492918,5961.792578,41.674904,246
"KCAE20130627_103915",5809.17,"2013","06","27",0.473518274,734.02,0.073838036,721.6191284,0.816328137,9773,3.024640536,716.8398069,4.316443133,237,0.925767295,5075.15,0.373263154,3648.647332,4.272319222,9775,18.03885875,3643.849467,23.81865775,202
"KCAE20130627_104225",3645.88,"2013","06","27",0.473461719,200.72,0.036945245,360.9919873,0.330420411,9771,1.855162056,356.1911148,1.481487709,192,0.925578181,3445.16,0.254977853,2490.623666,2.898486463,9768,14.8851004,2485.811767,16.59006931,167
"KCAE20130627_104536",4419.26,"2013","06","27",0.473875736,278.19,0.047645169,465.7315229,0.386485567,9775,1.944941768,460.951199,1.575255277,237,0.924743965,4141.07,0.308244129,3013.086364,3.510731652,9775,18.23193912,3008.269954,20.14415018,165
"KCAE20130627_104847",4314.1,"2013","06","27",0.479626592,239.85,0.03940585,385.3104024,0.344804277,9778,1.951320642,380.5075252,1.49755181,195,0.925725912,4074.25,0.299451954,2928.939559,4.117571982,9781,25.20772056,2924.095585,28.43471735,116
"KCAE20130627_105157",2417.36,"2013","06","27",0.474772023,360.63,0.05946657,581.2262504,0.403072712,9774,1.928018399,576.4775014,1.309359549,299,0.926378989,2056.73,0.14874356,1453.968299,3.202670925,9775,21.00150399,1449.103776,32.09265377,69
"KCAE20130627_105508",1482.29,"2013","06","27",0.473497137,240.53,0.041715804,407.6051177,0.339974613,9771,1.927333806,402.8127654,1.333535386,209,0.923064502,1241.76,0.0898737,878.6951682,1.719861832,9777,13.87026405,873.8266354,16.49801311,63
"KCAE20130627_105819",761.79,"2013","06","27",0.477334825,299.61,0.049952714,488.2378279,0.392811543,9774,2.048548746,483.4575041,1.518654107,236,0.926917752,462.18,0.033916164,331.4287579,0.757747244,9772,7.775052526,326.5522061,8.670948447,42
"KCAE20130627_110131",519.31,"2013","06","27",0.475245242,377.88,0.060619372,592.4937448,0.439468861,9774,2.106576961,587.734972,1.570058072,279,0.926868305,141.43,0.010520026,102.8227325,0.262783516,9774,4.896707611,97.93415221,3.215100687,20
"KCAE20130627_110441",266.02,"2013","06","27",0.475450468,246.46,0.043013616,420.2860385,0.365197211,9771,2.056882069,415.4901779,1.523410154,202,0.925421127,19.56,0.002059923,20.13574626,0.071191638,9775,1.905081319,15.24065055,1.713034694,8
"KCAE20130627_110752",242.22,"2013","06","27",0.476495459,237.12,0.043792243,428.1129699,0.349895161,9776,1.809105305,423.3306413,1.389130346,234,0.926596135,5.1,0.000645715,6.30863563,0.014285604,9770,1.412537545,1.412537545,NA,1
"KCAE20130627_111104",266.28,"2013","06","27",0.476895906,256.13,0.044042465,430.1187111,0.391026428,9766,2.181137683,425.3218481,1.735529796,195,0.927656606,10.15,0.001296333,12.67165358,0.045991388,9775,1.943638279,7.774553116,1.363462969,4
"KCAE20130627_111415",173.65,"2013","06","27",0.473601067,164.47,0.029633267,289.4281203,0.280503364,9767,1.635748455,284.6202312,1.341677279,174,0.926600071,9.18,0.00100883,9.856268335,0.03862864,9770,2.480335718,4.960671437,1.510094659,2
"KCAE20130627_111727",168.66,"2013","06","27",0.475862057,158.06,0.027616551,269.9241653,0.261742736,9774,1.732694398,265.1022429,1.196628434,153,0.92650543,10.6,0.001108763,10.83815872,0.038052546,9775,1.98018569,5.94055707,1.095187554,3
"KCAE20130627_112038",338.02,"2013","06","27",0.472893576,334.01,0.055469203,542.0450502,0.432104637,9772,2.09056908,537.2762537,1.690088138,257,0.92494263,4.01,0.000501187,4.89710046,0,9771,NA,0,NA,0
"KCAE20130627_112349",200.73,"2013","06","27",0.474233332,195.58,0.032085568,313.7005954,0.323321405,9777,2.00569916,308.8776706,1.641970448,154,0.924442622,5.15,0.000754736,7.367731531,0.018395605,9762,1.238072065,2.476144131,0.490479142,2
"KCAE20130627_112702",149.07,"2013","06","27",0.47671776,143.26,0.023990531,234.2675345,0.24409914,9765,1.778589879,229.4380944,1.183623583,129,0.925607415,5.81,0.000791953,7.742923813,0.02046189,9777,1.421909302,2.843818604,0.230494028,2
"KCAE20130627_113013",139.2,"2013","06","27",0.472756872,135.19,0.02376796,232.3318049,0.240154941,9775,1.69776014,227.4998588,1.172969315,134,0.925215972,4.01,0.000501187,4.898604021,0,9774,NA,0,NA,0
"KCAE20130627_113324",114.15,"2013","06","27",0.476431882,102.71,0.017767736,173.5552498,0.201927604,9768,1.739260495,168.7082681,1.060172362,97,0.922884156,11.44,0.001338205,13.0809532,0.038886046,9775,1.636870785,8.184353924,0.591148603,5
"KCAE20130627_113635",135.77,"2013","06","27",0.473133252,128.11,0.023500965,229.6749282,0.242030478,9773,1.641207942,224.845488,1.239095165,137,0.922872921,7.66,0.001221738,11.94004629,0.031785168,9773,1.174158431,7.044950584,0.567955515,6
"KCAE20130627_113946",152.03,"2013","06","27",0.471657501,135.6,0.024104316,235.7402117,0.233542639,9780,1.685454476,230.9072632,1.049734133,137,0.925598988,16.43,0.001523214,14.88636968,0.054410032,9773,2.497567898,9.990271591,1.154465624,4
"KCAE20130627_114257",86.26,"2013","06","27",0.471944786,79.92,0.015476224,151.1717536,0.172807773,9768,1.508502803,146.3247719,0.873648395,97,0.923225866,6.34,0.000912073,8.914602196,0.028910561,9774,2.008500274,4.017000549,0.325581469,2
"KCAE20130627_114608",113.79,"2013","06","27",0.473096296,101.46,0.019232128,187.9940507,0.186288415,9775,1.465260751,183.1575939,0.77475407,125,0.923142215,12.33,0.001990289,19.44711855,0.045212658,9771,1.213002695,14.55603234,0.462348727,12
"KCAE20130627_114919",117.73,"2013","06","27",0.471951396,110.85,0.020483592,200.2680823,0.198713891,9777,1.52681349,195.4321267,0.849911287,128,0.923287969,6.88,0.001076271,10.51947673,0.027001789,9774,1.12467573,5.623378648,0.449958715,5
"KCAE20130627_115229",78.59,"2013","06","27",0.471574812,72.89,0.013563011,132.5377407,0.159101108,9772,1.434660053,127.6847447,0.865670308,89,0.924190844,5.7,0.000896475,8.760358524,0.020951403,9772,0.966190407,3.864761626,0.432201665,4
"KCAE20130627_115541",90.19,"2013","06","27",0.476184973,85.79,0.01455853,142.3678621,0.178282552,9779,1.462913444,137.5138638,1.095885963,94,0.922929747,4.4,0.000603724,5.895966616,0.007164731,9766,0.501187234,1.002374467,0,2
"KCAE20130627_115852",101.29,"2013","06","27",0.478573444,88.44,0.016363207,159.9503521,0.172560707,9775,1.436160881,155.1053752,0.814018127,108,0.923488243,12.85,0.001671211,16.32939946,0.049207887,9771,1.270756632,11.43680969,1.069384873,9
"KCAE20130627_120202",46.53,"2013","06","27",0.471832787,41.95,0.00766429,74.92609791,0.121796522,9776,1.490426539,70.05004732,0.946085198,47,0.92288724,4.58,0.000654739,6.401379228,0.010753186,9777,0.75113701,1.502274019,0.061081616,2
"KCAE20130627_120514",46,"2013","06","27",0.472224057,39.71,0.00773537,75.58230099,0.114482711,9771,1.414205198,70.71025989,0.764410703,50,0.92279816,6.29,0.001059252,10.35101424,0.021498944,9772,0.77956013,5.456920908,0.212412643,7
"KCAE20130627_120825",48.45,"2013","06","27",0.472841236,36.17,0.006249499,61.03885207,0.099161481,9767,1.337257291,56.16480622,0.720793854,42,0.924997909,12.28,0.001317354,12.87582281,0.052802063,9774,2.659574118,7.978722353,1.738130193,3
"KCAE20130627_121136",33.15,"2013","06","27",0.472194978,27.67,0.004536342,44.35635502,0.082667443,9778,1.461825122,39.46927831,0.598610066,27,0.923693941,5.48,0.00081268,7.943949373,0.015658521,9775,0.761712228,3.046848913,0.162951488,4
"KCAE20130627_121447",49.32,"2013","06","27",0.472140123,32.76,0.00645431,63.02634019,0.098034343,9765,1.140349165,58.1578074,0.747306315,51,0.92642018,16.56,0.001671046,16.33113226,0.078884091,9773,2.858758543,11.43503417,3.062844901,4
"KCAE20130627_121758",34.52,"2013","06","27",0.481384933,29.92,0.006055158,59.18917321,0.096061995,9775,1.392554213,54.30961431,0.626612304,39,0.924777883,4.6,0.000667328,6.515795463,0.012429121,9764,0.811602844,1.623205688,0.438993966,2
"KCAE20130627_122108",29.01,"2013","06","27",0.472789989,24.35,0.004832446,47.24199085,0.08559763,9776,1.323700701,42.35842245,0.713396045,32,0.925212723,4.66,0.000667226,6.518802586,0.012425304,9770,0.811602844,1.623205688,0.438993966,2
"KCAE20130627_122419",47.01,"2013","06","27",0.474337189,39.06,0.005906042,57.73747081,0.123374998,9776,1.554556023,52.85490478,1.42448003,34,0.922782455,7.95,0.00096208,9.406253955,0.032434075,9777,2.253574373,4.507148746,0.365308416,2
"KCAE20130627_122731",36.34,"2013","06","27",0.475186795,32.33,0.00669247,65.40551319,0.100201361,9773,1.287892897,60.53096616,0.669065168,47,0.922905786,4.01,0.000501187,4.899606396,0,9776,NA,0,NA,0
"KCAE20130627_123248",46.28,"2013","06","27",0.475916476,31.76,0.006082754,59.41633673,0.087405871,9768,1.185734662,54.54379445,0.478476685,46,0.925019488,14.52,0.001281716,12.52621404,0.055351205,9773,3.814556791,7.629113582,0.922461993,2
"KCAE20130627_123559",34.96,"2013","06","27",0.470881795,30.39,0.006303111,61.57508848,0.082416388,9769,1.05011212,56.7060545,0.368236944,54,0.922626566,4.57,0.000630141,6.161521085,0.009016182,9778,0.630957344,1.261914689,0,2
"KCAE20130627_123910",53.23,"2013","06","27",0.472428691,32.64,0.006511385,63.63576272,0.090585261,9773,1.13007157,58.76372162,0.527493173,52,0.922378528,20.59,0.002433935,23.78441398,0.081887855,9772,1.453332905,18.89332777,1.782268329,13
"KCAE20130627_124221",48.95,"2013","06","27",0.472315442,44.94,0.009182951,89.75416116,0.112475635,9774,1.212723432,84.89064024,0.55832128,70,0.92515986,4.01,0.000501187,4.899606396,0,9776,NA,0,NA,0
"KCAE20130627_124532",54.84,"2013","06","27",0.471081975,42.82,0.008443304,82.48263644,0.118347413,9769,1.338200124,77.61560721,0.768233958,58,0.924869695,12.02,0.001585954,15.49953144,0.059882765,9773,2.650858339,10.60343335,1.522693614,4
"KCAE20130627_124844",39.3,"2013","06","27",0.472204444,34.08,0.006694757,65.43455382,0.100894214,9774,1.288500119,60.5595056,0.689838363,47,0.922498687,5.22,0.000786436,7.688194571,0.021712933,9776,1.394795275,2.78959055,0.849188632,2
"KCAE20130627_125154",33.77,"2013","06","27",0.473146386,29.13,0.006071927,59.34701686,0.078945347,9774,0.9557365,54.47698051,0.405348203,57,0.924901527,4.64,0.000654612,6.40079363,0.011304656,9778,0.750593617,1.501187234,0.35271389,2
"KCAE20130627_125507",28.05,"2013","06","27",0.473276816,23.55,0.004725809,46.14280386,0.07009989,9764,1.006579522,41.26976039,0.407727018,41,0.92349517,4.5,0.000630326,6.154504464,0.009022643,9764,0.630957344,1.261914689,0,2
"KCAE20130627_125817",43.23,"2013","06","27",0.472410144,37.97,0.007910034,77.37595067,0.099181301,9782,1.13289708,72.50541313,0.48277391,64,0.922520253,5.26,0.000707067,6.910871039,0.014486051,9774,1.006634696,2.013269392,0.163177276,2
"KCAE20130628_100358",152.27,"2013","06","28",0.497736517,148.26,0.021378315,208.9944031,0.37342059,9776,2.195068893,204.1414071,3.16127343,93,1.501975396,4.01,0.000501187,4.898102834,0,9773,NA,0,NA,0
"KCAE20130628_100853",289.92,"2013","06","28",0.496764031,283.5,0.041904292,409.530647,0.531250688,9773,2.152801954,404.7267673,3.190717841,188,1.501943638,6.42,0.000790154,7.722175549,0.02019876,9773,1.412537545,2.825075089,0,2
"KCAE20130628_101346",393.58,"2013","06","28",0.496352634,389.57,0.064524089,630.4003522,0.55273279,9770,1.967494121,625.6631305,2.379093249,318,1.501661062,4.01,0.000501187,4.899105209,0,9775,NA,0,NA,0
"KCAE20130628_101839",523.53,"2013","06","28",0.499588402,519.52,0.084865339,829.2192309,0.496036375,9771,1.852910469,824.5451587,1.460046083,445,1.505517233,4.01,0.000501187,4.895596898,0,9768,NA,0,NA,0
"KCAE20130628_102333",480.78,"2013","06","28",0.498528386,476.77,0.080712349,788.8017863,0.505607193,9773,1.936065838,784.1066643,1.607287162,405,1.496388876,4.01,0.000501187,4.897601647,0,9772,NA,0,NA,0
"KCAE20130628_102826",381.48,"2013","06","28",0.497414944,377.47,0.068317813,667.6016669,0.38829431,9772,1.65726135,662.9045401,1.026220741,400,1.501695903,4.01,0.000501187,4.899105209,0,9775,NA,0,NA,0
"KCAE20130628_103320",253.52,"2013","06","28",0.498773561,248,0.04935426,482.1417641,0.30116534,9769,1.408305512,477.4155684,0.838090059,339,1.500989373,5.52,0.000865039,8.453158093,0.025431889,9772,1.77827941,3.55655882,0,2
"KCAE20130628_103814",149.58,"2013","06","28",0.498224866,145.57,0.029787337,291.1116434,0.231858683,9773,1.453361799,286.3122744,0.775522449,197,1.500840092,4.01,0.000501187,4.896599273,0,9770,NA,0,NA,0
"KCAE20130628_104306",198.97,"2013","06","28",0.499236751,188.36,0.038182659,373.0827625,0.275880226,9771,1.49719087,368.3089541,0.917867565,246,1.501836171,10.61,0.001121289,10.95611841,0.04397007,9771,3.030010162,6.060020324,0.732737607,2
"KCAE20130628_104800",127.53,"2013","06","28",0.497440271,122.85,0.024470135,239.0976886,0.216217964,9771,1.411348104,234.2837852,0.894230307,166,1.500470023,4.68,0.00066726,6.517800212,0.012426576,9768,0.811602844,1.623205688,0.438993966,2
"KCAE20130628_105457",134.14,"2013","06","28",0.501437127,130.13,0.027442862,268.1990893,0.213608751,9773,1.364755003,263.3977156,0.698838461,193,1.502311798,4.01,0.000501187,4.898102834,0,9773,NA,0,NA,0
"KCAE20130628_105951",108.89,"2013","06","28",0.496476396,104.88,0.022730618,222.1008643,0.182715201,9771,1.207188764,217.2939775,0.620421397,180,1.501585434,4.01,0.000501187,4.89710046,0,9771,NA,0,NA,0
"KCAE20130628_110445",228.26,"2013","06","28",0.498159525,223.62,0.04815892,470.8497566,0.33548166,9777,1.538288808,466.1015088,1.159388978,303,1.502104054,4.64,0.000661631,6.464800132,0.012210321,9771,0.784351023,1.568702046,0.477533861,2
"KCAE20130628_110938",81.83,"2013","06","28",0.499288594,77.42,0.016483917,161.0973218,0.148927639,9773,1.149024856,156.2673805,0.543210579,136,1.501699349,4.41,0.000609963,5.958123082,0.007614088,9768,0.531764279,1.063528559,0.043242473,2
"KCAE20130628_111432",86.96,"2013","06","28",0.498336856,80.02,0.01697271,166.0100737,0.18251187,9781,1.438965128,161.1640944,0.933284418,112,1.501065395,6.94,0.001208342,11.80912309,0.024419736,9773,0.691603213,6.916032126,0.3425299,10
"KCAE20130628_111925",147.32,"2013","06","28",0.498994257,136.49,0.028631868,279.790615,0.230384834,9772,1.395897194,274.9917473,0.853460415,197,1.501421274,10.83,0.002042508,19.95734269,0.048060496,9771,1.076232775,15.06725886,0.701059098,14
"KCAE20130628_112418",137.08,"2013","06","28",0.498229587,121.88,0.02603017,254.2106403,0.238496187,9766,1.608991805,249.3937298,1.021774862,155,1.501414991,15.2,0.003022173,29.52662616,0.052728689,9770,0.947809914,24.64305776,0.394499489,26
"KCAE20130628_112912",226,"2013","06","28",0.499694693,217.55,0.047911335,468.2374766,0.329638172,9773,1.609318457,463.4837157,1.085824182,288,1.500533289,8.45,0.001567607,15.31238805,0.031645165,9768,0.801792814,10.42330659,0.347017734,13
"KCAE20130628_113405",215.39,"2013","06","28",0.498269502,205.43,0.04417644,431.6479917,0.328049537,9771,1.74234156,426.8736821,1.157158258,245,1.501461939,9.96,0.001667385,16.29035509,0.038033886,9770,0.949980839,11.39977007,0.549938333,12
"KCAE20130628_113859",920.94,"2013","06","28",0.499912206,480.59,0.100833112,985.7445022,0.583241171,9776,2.151476836,981.0734372,1.699257046,456,1.501800472,440.35,0.059307228,579.4909235,3.253086966,9771,28.73019234,574.6038467,67.63588366,20
"KCAE20130628_114352",264.2,"2013","06","28",0.497852491,247.23,0.05331979,521.0943045,0.343812308,9773,1.555309024,516.3625959,1.071177913,332,1.500661579,16.97,0.003154167,30.8162112,0.064579125,9770,1.234768422,25.93013686,0.664014076,21
"KCAE20130628_114845",246.26,"2013","06","28",0.498750391,231.62,0.048565729,474.3900398,0.384692857,9768,1.707753707,469.6322694,1.559553864,275,1.500561966,14.64,0.002716727,26.54514118,0.044790831,9771,0.802280473,21.66157277,0.296892011,27
"KCAE20130628_115339",371.45,"2013","06","28",0.49849677,361.38,0.077536965,757.8462957,0.464401365,9774,1.74747959,753.1637033,1.406256828,431,1.502351125,10.07,0.001829336,17.86712383,0.04642889,9767,1.08150353,12.97804236,0.800365488,12
"KCAE20130628_115832",322.25,"2013","06","28",0.485743375,305.25,0.067202373,656.7015861,0.402656211,9772,1.399222184,652.0375377,1.240860083,466,1.540841795,17,0.003335229,32.59185329,0.055591168,9772,0.839720934,27.71079082,0.468808576,33
"KCAE20130628_120812",574.56,"2013","06","28",0.483843502,561.81,0.11915897,1164.063981,0.493237846,9769,1.367444445,1159.59289,1.047525622,848,1.542121324,12.75,0.002288679,22.35810159,0.045300171,9769,0.794228619,17.47302962,0.544063582,22
"KCAE20130628_121751",638.66,"2013","06","28",0.482950045,631.21,0.130910807,1278.998587,0.492474982,9770,1.295320281,1274.595156,0.949227265,984,1.539964497,7.45,0.001231367,12.03168457,0.02191943,9771,0.595049863,7.140598359,0.203929588,12
"KCAE20130628_122731",674.41,"2013","06","28",0.482459291,665.29,0.134286782,1311.713291,0.478551068,9768,1.259477771,1307.337927,0.859645014,1038,1.541468854,9.12,0.001510103,14.75672508,0.026919759,9772,0.657776083,9.866641238,0.208836356,15
"KCAE20130628_123711",430.41,"2013","06","28",0.483456349,424.05,0.085875296,839.0016417,0.453106808,9770,1.423888632,834.3987382,1.233152091,586,1.541555911,6.36,0.001021426,9.982396006,0.01922466,9773,0.636037834,5.08830267,0.233910849,8
"KCAE20130628_124651",290.08,"2013","06","28",0.483054728,267.51,0.051551423,503.8120608,0.284900438,9773,1.152727418,499.1309721,0.751209149,433,1.539543399,22.57,0.002801956,27.38351348,0.081829051,9773,1.405839353,22.49342964,1.503005363,16
"KCAE20130628_125838",627.51,"2013","06","28",0.514377262,620.67,0.129921789,1269.205952,0.495035132,9769,1.367322651,1264.773452,0.947362392,925,1.53941511,6.84,0.000925279,9.043675065,0.017724212,9774,0.691346361,4.148078167,0.204118022,6
"KCAE20130629_100302",711741.75,"2013","06","29",0.529325904,349252.43,53.48932004,466052.4455,163.8304755,8713,154.8852066,466049.5867,249.0530083,3009,0.875660666,362489.32,55.39110732,477748.3006,163.3718394,8625,148.4604073,477745.5907,240.2687006,3218
"KCAE20130629_100718",861300.14,"2013","06","29",0.481844563,408054.43,62.9184406,525368.979,178.85425,8350,165.8353478,525366.3819,259.3413778,3168,0.870374132,453245.71,68.31769804,569906.237,185.439959,8342,162.0886855,569903.8183,257.6785791,3516
"KCAE20130629_101135",1046716.26,"2013","06","29",0.483691005,513687.63,79.28959599,650571.1351,204.0810302,8205,186.1427109,650568.7745,279.1012191,3495,0.877265514,533028.63,82.90036559,675555.0792,206.6565938,8149,179.23929,675552.884,274.0038676,3769
"KCAE20130629_101551",1237931.67,"2013","06","29",0.536176153,610419.44,94.00305188,768474.9491,220.4637196,8175,195.6397201,768472.8206,285.0963748,3928,0.868676445,627512.23,95.23919683,781437.61,212.8400542,8205,181.433865,781435.6564,265.8330855,4307
"KCAE20130629_102009",1359071.4,"2013","06","29",0.533323274,658177.44,97.66329096,803573.558,218.5603768,8228,183.7995484,803571.6254,272.1648318,4372,0.869677548,700893.96,102.4746998,845826.1718,220.4175863,8254,178.8590411,845824.4051,266.7230283,4729
"KCAE20130629_102426",1398723.84,"2013","06","29",0.470915832,695610.51,100.936858,827278.4879,216.2514208,8196,175.9414583,827276.7367,261.38698,4702,0.921670291,703113.33,103.6373316,849411.5701,220.8265159,8196,166.5183335,849410.019,260.5470327,5101
"KCAE20130629_102843",1415936.08,"2013","06","29",0.527368933,696847.69,102.848487,841300.6235,219.0383232,8180,171.1000586,841298.9881,261.041956,4917,0.878572497,719088.39,106.5578249,871643.0073,219.8330367,8180,166.3438042,871641.5338,255.9284404,5240
"KCAE20130629_103300",1466937.38,"2013","06","29",0.471940283,721781.18,105.1011694,855313.3169,219.4286915,8138,172.6158873,855311.7217,259.6704728,4955,0.921729389,745156.2,108.2134439,888865.228,221.1145607,8214,167.4889337,888863.7711,256.4139293,5307
"KCAE20130629_103717",1533515.4,"2013","06","29",0.480994496,757306.27,107.3221067,864586.8916,224.2671704,8056,180.6865731,864585.2522,267.2567179,4785,0.877999376,776209.13,110.2409094,886447.1527,228.5884602,8041,180.5020533,886445.584,269.9585367,4911
"KCAE20130629_104133",1530924.98,"2013","06","29",0.523942924,754329.02,104.7722021,832624.6899,221.219275,7947,186.0194259,832622.9502,267.9168427,4476,0.878579553,776595.96,108.1433746,866444.7172,227.2345971,8012,186.4922579,866443.0302,272.834591,4646
"KCAE20130629_104550",1626161.03,"2013","06","29",0.519480191,814591.58,112.0622884,888541.885,233.1163326,7929,208.7735066,888540.0441,284.7067473,4256,0.878538226,811569.45,111.1372232,886652.7665,231.9585512,7978,201.7867479,886650.9702,281.7890055,4394
"KCAE20130629_105006",1719411.91,"2013","06","29",0.472814344,846493.27,115.5376298,914364.8025,240.3468928,7914,231.3671095,914362.8168,298.1412911,3952,0.921918278,872918.64,116.8065492,939475.0754,240.9212125,8043,233.8742986,939473.0576,298.0682709,4017
"KCAE20130629_105423",1672575.22,"2013","06","29",0.472315932,831400.76,111.8494064,887972.437,237.9719509,7939,242.8802764,887970.2904,301.9239788,3656,0.921774392,841174.46,110.524561,899559.4023,233.7938877,8139,234.3817735,899557.2467,294.7738972,3838
"KCAE20130629_105839",1602229.35,"2013","06","29",0.531006989,801449.02,103.513312,839285.9334,228.7788206,8108,247.138861,839283.5718,299.1278554,3396,0.869142285,800780.33,102.1931666,845239.6808,226.7813678,8271,236.2317856,845237.3287,295.3512474,3578
"KCAE20130629_110257",1550048.28,"2013","06","29",0.52017974,779159.59,97.34602939,812741.9994,225.3750872,8349,251.5442384,812739.4343,304.1025021,3231,0.878301699,770888.69,96.19962233,819909.3811,224.2337999,8523,241.5042153,819906.811,301.9075935,3395
"KCAE20130629_110713",1377465.51,"2013","06","29",0.523384989,706662.39,85.28225565,732745.1405,210.186851,8592,243.4359943,732742.3429,296.0086188,3010,0.878396265,670803.12,80.87579742,702568.0522,203.0800857,8687,225.2533702,702565.2616,286.9792529,3119
"KCAE20130629_111129",1218800.53,"2013","06","29",0.532007439,639735.57,74.1889899,651972.8433,197.1099829,8788,234.5215223,651969.8321,291.9477146,2780,0.869937271,579064.96,66.78841059,594416.8543,186.3198399,8900,204.5470923,594413.8502,279.564484,2906
"KCAE20130629_111545",1007366.01,"2013","06","29",0.489906223,534269.42,60.54396968,543139.952,179.4704611,8971,214.8483872,543136.7228,284.9005325,2528,0.878390463,473096.59,53.84885412,483455.0123,170.3089342,8978,186.0861489,483451.8147,275.0355398,2598
"KCAE20130629_112002",836477.97,"2013","06","29",0.524266752,433191.8,47.34439716,428182.7279,157.3044234,9044,186.3269569,428179.3469,267.4122223,2298,0.878500622,403286.17,44.23349586,399251.5336,152.9668022,9026,170.4731783,399248.1837,262.0636879,2342
"KCAE20130629_112418",769605.3,"2013","06","29",0.484462885,370104.8,39.00498891,355374.4539,142.835866,9111,168.5021075,355370.9446,257.5645075,2109,0.878487841,399500.5,42.02917398,383768.3876,151.2483155,9131,176.2815353,383764.9024,268.89716,2177
"KCAE20130629_112833",729027.45,"2013","06","29",0.523743835,352986.98,36.04499139,332154.5957,137.2719943,9215,180.5167932,332150.8994,261.3790222,1840,0.878927682,376040.47,38.39598669,354279.7692,144.4024931,9227,180.2014904,354276.1301,268.9562568,1966
"KCAE20130629_113500",634405.23,"2013","06","29",0.477314233,287806.39,27.91700077,262056.8862,118.842054,9387,167.125617,262052.9674,247.6212652,1568,0.922914151,346598.84,33.68360278,316322.7137,136.6337524,9391,193.4671722,316318.8265,276.3167492,1635
"KCAE20130629_113916",641129.57,"2013","06","29",0.481740923,315045.97,29.12661558,279353.37,124.3077119,9591,196.8634773,279349.2743,267.3216871,1419,0.878216876,326083.6,30.44025109,291069.6809,131.1372304,9562,198.9512111,291065.6218,280.9168069,1463
"KCAE20130629_114333",518821.82,"2013","06","29",0.521536131,263215.63,23.84109551,230519.5525,112.1517077,9669,198.8915336,230515.2874,264.8890294,1159,0.878508004,255606.19,23.35247185,224510.6644,115.3125723,9614,187.244743,224506.4469,275.6524896,1199
"KCAE20130629_114750",375689.85,"2013","06","29",0.482769119,197028.28,17.30267345,167870.5378,97.51823295,9702,186.9333244,167866.1253,266.6516061,898,0.878590789,178661.57,15.623169,151122.9137,92.38518149,9673,159.2397696,151118.5414,253.348186,949
"KCAE20130629_115206",289732,"2013","06","29",0.48304219,147235.26,12.2704129,119292.9542,84.57099053,9722,168.9637897,119288.4355,268.5273567,706,0.878849579,142496.74,11.91358741,115478.4028,84.26559677,9693,151.7397191,115473.9262,263.2631167,761
"KCAE20130629_115623",200129.4,"2013","06","29",0.535582368,100678.41,8.202934777,79912.9906,66.43396957,9742,140.4365434,79908.39321,238.9276819,569,0.865662519,99450.99,8.224691332,79935.77505,67.8202817,9719,123.7325507,79931.22778,234.4916121,646
"KCAE20130629_120039",101581.64,"2013","06","29",0.46709284,54607.81,4.398213506,42930.96203,46.01595762,9761,95.39176772,42926.29548,193.2058429,450,0.922242528,46973.83,3.872059458,37682.88264,43.17576699,9732,72.73796275,37678.2647,173.4019781,518
"KCAE20130629_120455",45513.66,"2013","06","29",0.526478627,21297.82,1.730725511,16912.6497,19.95328917,9772,48.58599572,16907.92651,94.48705087,348,0.878678283,24215.84,1.969174281,19217.1718,25.77325032,9759,49.38939763,19212.47568,119.8237822,389
"KCAE20130629_120912",22328.71,"2013","06","29",0.531214317,11273.74,0.916666428,8957.664334,15.10860917,9772,38.75706713,8952.882506,90.68940266,231,0.868916532,11054.97,0.902412597,8813.863834,13.23145355,9767,35.09599417,8809.094536,75.06095499,251
"KCAE20130629_121328",21714.65,"2013","06","29",0.472098094,10255.4,0.82289757,8039.709263,13.40938927,9770,35.08701937,8034.927435,80.60285187,229,0.921856946,11459.25,0.924097876,9028.436245,13.23929025,9770,40.46480453,9023.65141,78.14002002,223
"KCAE20130629_121745",14193.89,"2013","06","29",0.492692291,9473.61,0.749594383,7324.286715,11.69819716,9771,43.56829651,7319.473814,78.28997257,168,1.450844178,4720.28,0.374995356,3666.704595,8.065035016,9778,38.5458063,3661.851599,72.65254549,95
"KCAE20130629_122329",10707.72,"2013","06","29",0.493933981,8783.28,0.67683441,6614.702687,10.55899854,9773,61.7743758,6609.858211,80.42700983,107,1.455926821,1924.44,0.147104856,1437.508652,2.317790976,9772,18.13481828,1432.650644,18.50915558,79
"KCAE20130629_122913",5171.4,"2013","06","29",0.495920737,4281.62,0.323077951,3155.502343,5.392769421,9767,36.21437759,3150.65085,44.58269719,87,1.451227108,889.78,0.067877564,663.2995592,1.597440264,9772,13.43727583,658.4265157,18.33220655,49
"KCAE20130629_123458",1938.49,"2013","06","29",0.483984802,1673.64,0.125712531,1228.337137,2.357542059,9771,17.73151621,1223.474619,21.94982897,69,1.460486001,264.85,0.019962228,195.0708959,0.694035157,9772,9.509165902,190.183318,12.35856628,20
"KCAE20130629_124044",438.43,"2013","06","29",0.493197343,434.42,0.032533586,318.0158068,0.893453874,9775,10.10103995,313.1322384,12.44932934,31,1.49278392,4.01,0.000501187,4.896599273,0,9770,NA,0,NA,0
"KCAE20130629_124629",14.29,"2013","06","29",0.494504781,9.6,0.001299887,12.70249117,0.042712462,9772,1.561479091,7.807395455,1.188353949,5,1.455253252,4.69,0.000680527,6.64807151,0.013016408,9769,0.876487899,1.752975799,0.347232641,2
"KCAE20130629_125213",13.55,"2013","06","29",0.494565399,7.09,0.00125013,12.22252204,0.023998573,9777,0.732742633,7.32742633,0.174488125,10,1.450546185,6.46,0.001116598,10.91697666,0.031445651,9777,1.203875003,6.019375016,0.779415192,5
"KCAE20130629_125758",16.46,"2013","06","29",0.483523001,11.27,0.002128305,20.78928145,0.046650788,9768,1.135764369,15.90070117,0.499093733,14,1.497726362,5.19,0.000808641,7.900422147,0.014185582,9770,0.601265762,3.00632881,0.201343116,5
"KCAE20130630_100211",1558048.03,"2013","06","30",0.449847493,786109.25,77.89830325,677325.7467,210.160336,8695,323.4586621,677322.4384,322.4872014,2094,0.922248504,771938.78,79.6057301,672907.2366,215.8272657,8453,331.9704075,672904.0159,332.4273682,2027
"KCAE20130630_100629",1586459.75,"2013","06","30",0.483200253,855519.73,82.23195746,725943.7205,218.6005382,8828,338.9077355,725940.3695,331.6397432,2142,0.877516987,730940.02,73.16099418,629038.228,205.7296592,8598,308.5016874,629034.9407,325.4257456,2039
"KCAE20130630_101045",1426094.79,"2013","06","30",0.480668446,733136.31,69.09994865,617753.541,195.0234227,8940,291.2541836,617750.1234,309.2531832,2121,0.878660447,692958.48,67.29821334,588051.7882,197.4405852,8738,291.5460683,588048.4197,321.7667466,2017
"KCAE20130630_101502",1295269.01,"2013","06","30",0.482969533,663173.21,60.92992938,547028.906,184.5578939,8978,264.1358978,547025.4443,306.6198014,2071,0.878669938,632095.8,60.2165876,530508.1367,184.8578318,8810,272.333007,530504.6976,311.1490048,1948
"KCAE20130630_101918",1166958.44,"2013","06","30",0.531073345,588287.92,52.98367768,482310.4179,173.8663044,9103,230.3280349,482306.9051,300.9894595,2094,0.878280982,578670.52,53.59453044,480260.5872,175.507847,8961,252.7668676,480257.0484,308.1661857,1900
"KCAE20130630_102335",1038527.31,"2013","06","30",0.482669825,531353.4,46.73489956,431269.6531,161.0407603,9228,204.1013191,431266.0872,284.9005937,2113,0.876492358,507173.91,45.91304664,416569.0722,162.0203266,9073,219.7075291,416565.4752,295.7470772,1896
"KCAE20130630_102752",1004163.78,"2013","06","30",0.532453341,506254.04,44.0315465,410506.108,159.4718943,9323,201.0296077,410502.4589,290.8219695,2042,0.876075245,497909.74,44.40603464,408846.361,159.1509927,9207,209.7705097,408842.7233,291.5398714,1949
"KCAE20130630_103209",1005621.52,"2013","06","30",0.483174227,491225.63,41.56115083,395080.2998,151.2954069,9506,187.0627812,395076.594,275.3819692,2112,0.878455923,514395.89,45.50325857,422952.7884,164.9195759,9295,213.5028383,422949.1228,302.9546752,1981
"KCAE20130630_103626",851082.88,"2013","06","30",0.524682963,434810.24,37.09641129,352712.6785,142.5032252,9508,188.412848,352708.8515,273.2406946,1872,0.878712315,416272.64,36.80488131,343499.9573,141.3581217,9333,184.6753827,343496.2119,270.1585526,1860
"KCAE20130630_104043",754194.21,"2013","06","30",0.481944348,363717.84,31.32247055,297594.7927,128.1053606,9501,182.7953605,297590.8469,260.9937047,1628,0.878084342,390476.37,34.04473773,321280.1899,135.3591668,9437,181.6146675,321276.3468,266.4038803,1769
"KCAE20130630_104500",650201.4,"2013","06","30",0.533404314,314285.15,27.0153629,259320.4685,116.811531,9599,165.3803848,259316.4434,246.3309027,1568,0.871079272,335916.25,29.17042901,277177.4164,125.2289154,9502,167.5776802,277173.4831,258.7075807,1654
"KCAE20130630_104916",503392.98,"2013","06","30",0.466492791,227381.73,19.67724527,190357.6707,95.8406558,9674,132.3738129,190353.543,216.5693277,1438,0.922113654,276011.25,24.28869378,234240.1628,107.0126775,9644,149.0051636,234236.1172,227.3695742,1572
"KCAE20130630_105333",381476.84,"2013","06","30",0.521656323,163227.24,14.28127989,138514.1336,76.10241375,9699,112.3356777,138509.8906,185.9192546,1233,0.87850596,218249.6,19.20960488,186506.0537,95.84015269,9709,135.0484286,186501.8799,221.2729194,1381
"KCAE20130630_105749",264664.1,"2013","06","30",0.53076305,118353.35,10.50685995,102567.9669,64.38664182,9762,96.57590069,102563.6065,172.6821271,1062,0.878413888,146310.75,13.07077663,127453.1429,71.66219524,9751,109.9644838,127448.8367,180.4855778,1159
"KCAE20130630_110206",183016.16,"2013","06","30",0.533430185,78311.45,6.942398506,67848.0606,51.04530801,9773,84.17315937,67843.56645,158.496717,806,0.871274981,104704.71,9.269824695,90547.64762,59.91421591,9768,94.90904628,90543.23015,169.2732403,954
"KCAE20130630_110623",100099.75,"2013","06","30",0.524635135,45166.26,3.877943006,37871.99139,32.04351407,9766,65.06424139,37867.38849,115.1936599,582,0.878788166,54933.49,4.638674163,45315.2079,36.45008305,9769,64.27044701,45310.66514,120.8158472,705
"KCAE20130630_111039",72911.65,"2013","06","30",0.473584119,28300.23,2.323196746,22713.89458,23.29386317,9777,49.36788048,22709.22502,96.0682383,460,0.923017554,44611.42,3.668086254,35870.21547,30.88265098,9779,62.70209972,35865.60104,112.357152,572
"KCAE20130630_111459",41232.93,"2013","06","30",0.535977512,14553.23,1.160171171,11330.23166,15.43663453,9766,36.53384656,11325.49243,78.95515058,310,0.871973611,26679.7,2.136327344,20878.32714,25.06416416,9773,52.31485967,20873.62901,113.1047987,399
"KCAE20130630_111915",13643.06,"2013","06","30",0.523903209,4801.88,0.382683463,3736.521329,5.122066383,9764,16.80963514,3731.739001,29.69212635,222,0.878869708,8841.18,0.723886762,7073.097549,8.467399874,9771,21.35458109,7068.366341,40.99728171,331
"KCAE20130630_112332",14023.25,"2013","06","30",0.480563637,4510.23,0.392468592,3836.772956,7.618576187,9776,18.78419408,3831.975592,49.47471167,204,0.878554564,9513.02,0.793970597,7757.092736,15.77513692,9770,23.85341238,7752.359023,83.37596393,325
"KCAE20130630_112748",11649.31,"2013","06","30",0.524191381,6103.36,0.516679112,5046.404889,15.51509257,9767,31.31422661,5041.590484,117.1427229,161,0.878578573,5545.95,0.466275584,4553.181081,9.0599729,9765,17.16384831,4548.419803,52.42289154,265
"KCAE20130630_113204",23190.03,"2013","06","30",0.481693294,10775.95,0.942328184,9195.23842,23.87628853,9758,72.36544477,9190.411486,197.3201312,127,0.877339187,12414.08,1.080532196,10544.9137,22.10588502,9759,41.33392319,10540.15041,130.7785846,255
"KCAE20130630_113621",20335.2,"2013","06","30",0.523047086,8047.8,0.706499711,6903.915177,19.70189353,9772,38.75902689,6899.106786,141.2260947,178,0.878721157,12287.4,1.070080554,10448.26653,22.87144879,9764,45.60474983,10443.48771,142.6866904,229
"KCAE20130630_114037",35188.76,"2013","06","30",0.478572935,16701.1,1.443081182,14093.13082,25.85603402,9766,70.79565809,14088.33596,167.4403838,199,0.87870878,18487.66,1.591362619,15538.06461,30.01713275,9764,69.34501468,15533.28329,186.3540897,224
"KCAE20130630_114452",34690.68,"2013","06","30",0.47763309,14315.49,1.21247427,11843.44867,23.46700053,9768,57.46920541,11838.65631,151.6203493,206,0.878764549,20375.19,1.736911616,16967.88957,31.61045443,9769,86.54638627,16963.09171,206.5810388,196
"KCAE20130630_114910",26010.29,"2013","06","30",0.472445001,11583.98,0.968214947,9459.460031,23.1032864,9770,43.56991792,9454.672189,149.2502704,217,0.922874329,14426.31,1.215978991,11882.5467,24.92266533,9772,71.12414847,11877.73279,177.6487478,167
"KCAE20130630_115326",22327.92,"2013","06","30",0.472621223,10016.47,0.822108098,8033.640333,22.13551103,9772,54.24876288,8028.816907,172.193808,148,0.920968594,12311.45,1.016533964,9931.536826,20.20442921,9770,65.73984044,9926.715906,149.3409085,151
"KCAE20130630_115742",14275.11,"2013","06","30",0.48023097,4398.5,0.357834746,3495.687632,6.14131054,9769,32.02611159,3490.846163,48.86295627,109,0.878678844,9876.61,0.84436463,8250.286802,20.75491822,9771,61.07746194,8245.457362,166.436412,135
"KCAE20130630_120410",31113.18,"2013","06","30",0.476983558,11328.48,0.966787448,9440.679433,20.5254764,9765,68.37575727,9435.854503,159.3203994,138,0.92571508,19784.7,1.684543609,16459.6756,27.78863144,9771,125.6094974,16454.84416,205.787696,131
"KCAE20130630_120826",40391.13,"2013","06","30",0.532147105,20008.21,1.680140912,16409.93629,29.82284243,9767,150.5054663,16405.09582,240.455079,109,0.875465075,20382.92,1.706493483,16660.49587,28.03151689,9763,130.1223979,16655.66693,208.7043421,128
"KCAE20130630_121243",11768.17,"2013","06","30",0.53201381,4097.35,0.333136995,3257.080402,6.906565499,9777,39.66123649,3252.221392,64.63758938,82,0.869827544,7670.82,0.596331053,5825.558052,12.16912107,9769,59.39501093,5820.711071,106.6969663,98
"KCAE20130630_121659",5264.18,"2013","06","30",0.511721441,1663.84,0.123982791,1212.055763,3.620539674,9776,15.88413483,1207.194247,38.14162059,76,0.878391248,3600.34,0.259514345,2538.309807,6.748159487,9781,46.9154585,2533.434759,78.56733108,54
"KCAE20130630_122115",5384.44,"2013","06","30",0.535079211,1368.93,0.10236433,1000.201865,2.87914297,9771,17.46198828,995.3333322,33.72947768,57,0.870511981,4015.51,0.291321222,2847.956266,10.59186469,9776,86.15373329,2843.073199,163.2216729,33
"KCAE20130630_122532",1008.64,"2013","06","30",0.511659676,329.37,0.027584027,269.5511116,0.732016926,9772,4.812383187,264.6810753,8.573715802,55,0.877936951,679.27,0.050706431,495.5539464,2.212575696,9773,15.82810904,490.6713804,36.55929673,31
"KCAE20130630_122949",116.81,"2013","06","30",0.531586602,86.14,0.009377803,91.63051592,0.223196339,9771,2.478598772,86.75095702,2.831255543,35,0.876435451,30.67,0.00332948,32.52901507,0.098595193,9770,2.126071633,27.63893123,1.739446108,13
"KCAE20130630_123405",301.24,"2013","06","30",0.52210237,252.5,0.027009319,263.989086,0.738258677,9774,4.545948239,259.1190496,8.614485104,57,0.877329389,48.74,0.006015049,58.79710199,0.11769603,9775,1.739146245,53.91353359,1.182942983,31
"KCAE20130630_123821",587.43,"2013","06","30",0.53160685,381.8,0.03917362,383.1179997,1.009008011,9780,5.645521913,378.2499681,10.89589816,67,0.872507579,205.63,0.019958761,195.1168463,0.902171966,9776,10.56812563,190.2262613,18.70760882,18
"KCAE20130630_124238",3249.52,"2013","06","30",0.522733767,2557.86,0.238511704,2329.066786,5.918528473,9765,22.56528461,2324.224315,53.33318117,103,0.878647705,691.66,0.064204984,628.1815596,1.698101555,9784,12.98545835,623.3020007,20.7088359,48
"KCAE20130630_124655",15720.38,"2013","06","30",0.523179986,7418.97,0.67027292,6543.204248,18.57425461,9762,61.68268664,6538.364784,168.1455001,106,0.878487895,8301.41,0.758374472,7408.560222,18.26196591,9769,100.0500164,7403.701211,185.8892055,74
"KCAE20130630_125113",16926.16,"2013","06","30",0.535140181,8292.97,0.760711021,7423.018144,20.5912426,9758,93.90085004,7418.167153,210.1902515,79,0.86678944,8633.19,0.778930797,7603.922444,21.14974934,9762,161.6819875,7599.05341,261.4135611,47
"KCAE20130630_125530",18794.04,"2013","06","30",0.525943179,10268.54,0.931522271,9097.246503,23.27015904,9766,93.73608788,9092.400524,215.1534984,97,0.878942267,8525.5,0.760057869,7418.924863,20.17082191,9761,104.423498,7414.068359,213.889475,71
"KCAE20130630_125947",14350.52,"2013","06","30",0.539090847,7294.28,0.649428616,6346.865869,15.7983303,9773,56.62521338,6342.023899,137.0200843,112,0.867538843,7056.24,0.618443323,6039.71749,17.82803807,9766,91.43721173,6034.855974,198.2858108,66
"KCAE20130701_100222",67914.59,"2013","07","01",0.521220926,42588.59,5.639464087,54905.82236,46.85327698,9736,68.54100405,54901.34425,149.6546272,801,0.879251155,25326,3.796337478,37063.6428,40.52989027,9763,64.90198929,37059.03588,155.435241,571
"KCAE20130701_100638",71366.58,"2013","07","01",0.480255334,44637.69,6.921086488,67356.0137,59.58488723,9732,89.80201604,67351.51203,196.6556721,750,0.8787566,26728.89,4.92065846,48045.3092,48.73824874,9764,88.3100887,48040.68825,187.967378,544
"KCAE20130701_101054",59231.77,"2013","07","01",0.526928985,41172.45,6.996374468,68151.68369,57.48949844,9741,86.70126662,68147.19556,184.6307377,786,0.917583155,18059.32,3.464629802,33828.64539,36.27073472,9764,62.52129933,33824.02294,141.7245284,541
"KCAE20130701_101511",45165.89,"2013","07","01",0.526917236,28692.67,5.57086578,54349.36655,48.78137391,9756,72.36332005,54344.85336,161.5896693,751,0.879317619,16473.22,3.418656785,33393.43948,35.73361587,9768,57.86626181,33388.83307,135.9985646,577
"KCAE20130701_101928",47997.13,"2013","07","01",0.532256091,30891.95,6.528128419,63623.13957,51.91390617,9746,81.1462346,63618.64793,165.7685539,784,0.878526595,17105.18,4.120713541,40185.19845,41.00313468,9752,68.92041692,40180.60307,153.930549,583
"KCAE20130701_102553",37376.34,"2013","07","01",0.456841246,23615.89,5.428702176,52593.26668,51.81676214,9688,55.59078785,52588.8853,157.2630535,946,0.923285667,13760.45,3.441340276,33291.52583,42.69394704,9674,84.48445385,33286.87482,194.936072,394
"KCAE20130701_103010",47320.22,"2013","07","01",0.523626447,23398.86,5.064444225,48892.14455,53.13143125,9654,59.54655001,48887.71756,173.1573484,821,0.87899288,23921.36,5.471312785,52907.59463,53.61912378,9670,107.7454058,52902.99424,213.7512158,491
"KCAE20130701_103427",85405.82,"2013","07","01",0.532111542,40625.13,9.13107548,87749.63536,70.96538426,9610,108.1938661,87745.22541,221.3859305,811,0.878707537,44780.69,10.56289398,101615.0401,79.16678503,9620,150.9815096,101610.5559,261.6851314,673
"KCAE20130701_103843",110884.19,"2013","07","01",0.522900868,57593.94,12.5288605,119425.0983,83.37127213,9532,127.1786918,119420.7916,236.7068393,939,0.878623014,53290.25,12.22044059,116607.4441,83.77157261,9542,136.6976428,116603.0893,248.0943265,853
"KCAE20130701_104259",133907.21,"2013","07","01",0.466504153,71818.94,15.54356904,146871.1838,89.32262691,9449,125.7423232,146867.0335,225.2232401,1168,0.922424117,62088.27,14.14388131,134324.4408,87.23648442,9497,130.6616695,134320.1962,234.7923052,1028
"KCAE20130701_104717",169762.17,"2013","07","01",0.531767273,88404.47,18.10805644,170179.5144,94.03249949,9398,126.8073598,170175.4769,219.4689442,1342,0.878755553,81357.7,17.11900675,161620.5427,96.72724741,9441,128.5731432,161616.441,236.5984455,1257
"KCAE20130701_105134",203606.71,"2013","07","01",0.522877071,112633.97,22.94148024,214846.9624,112.7222924,9365,144.578071,214843.0136,250.049496,1486,0.879105046,90972.74,19.80634788,187447.2763,103.2101198,9464,136.9198095,187443.2192,240.0824418,1369
"KCAE20130701_105539",229709.1,"2013","07","01",0.47578511,135268.93,26.66328492,250181.6024,122.7529072,9383,158.1401344,250177.6927,261.9419727,1582,0.923455191,94440.17,20.15441058,191204.8932,104.2387529,9487,137.7527623,191200.8341,241.043418,1388
"KCAE20130701_105942",217235.72,"2013","07","01",0.474419474,123395.25,24.0570038,226232.0637,113.4941583,9404,136.2820377,226228.1825,240.216594,1660,0.922918503,93840.47,19.26054102,183341.09,102.3897159,9519,136.0066727,183336.9948,241.2224682,1348
"KCAE20130701_110333",217096.3,"2013","07","01",0.485340313,119480.22,22.71814855,214709.222,111.9462978,9451,128.874742,214705.3202,239.6629937,1666,0.923246064,97616.08,19.38460865,185433.1664,103.8929693,9566,137.9680399,185429.0456,245.9704703,1344
"KCAE20130701_110724",185141.49,"2013","07","01",0.473387588,103254.3,19.35741,184166.3987,99.43694783,9514,116.9285205,184162.4198,219.8718843,1575,0.923187623,81887.19,16.33140818,157500.1005,93.08393693,9644,124.6998417,157495.9,229.5268486,1263
"KCAE20130701_111115",158599.26,"2013","07","01",0.479391699,92652.69,17.49570132,168623.5693,91.59755792,9638,116.772481,168619.4626,210.7893456,1444,0.923243891,65946.57,12.71432735,123456.1185,77.54586634,9710,109.7349474,123451.8158,203.1916348,1125
"KCAE20130701_111452",135146.97,"2013","07","01",0.472529208,88612.92,15.84031957,153445.1757,90.63895103,9687,114.7651389,153440.9908,219.5454898,1337,0.922803838,46534.05,8.631879007,83953.65522,63.2847594,9726,80.56554982,83949.30291,177.8014401,1042
"KCAE20130701_111828",100616.25,"2013","07","01",0.476137954,64765.44,11.29132456,109480.683,69.5988382,9696,91.38265766,109476.4239,178.6295614,1198,0.922788961,35850.81,6.608527096,64367.05392,54.70556693,9740,69.13280232,64362.63896,164.3550376,931
"KCAE20130701_112206",92156.38,"2013","07","01",0.475711344,59172.69,10.55121531,102515.608,70.57148158,9716,89.6861866,102511.3113,187.7877491,1143,0.923197103,32983.69,5.965606553,58182.56071,51.35238632,9753,70.77625864,58178.0846,163.4961742,822
"KCAE20130701_112530",83604.92,"2013","07","01",0.478012871,46794.88,8.306418748,80572.26186,62.67827679,9700,80.97276284,80567.89902,180.1202005,995,0.923213579,36810.04,6.441408034,62700.66581,56.07121118,9734,86.71666612,62696.14961,188.1806901,723
"KCAE20130701_112853",91012.27,"2013","07","01",0.47611501,56423.99,9.632821881,93399.84095,74.67522881,9696,111.4503597,93395.40144,230.7171616,838,0.923352864,34588.28,5.956580372,57993.2665,53.29187995,9736,92.33869696,57988.70169,190.0158585,628
"KCAE20130701_113217",95545.14,"2013","07","01",0.472952527,60113.58,10.12335688,98115.5749,74.73331608,9692,116.7989743,98111.13839,228.1157669,840,0.923533066,35431.56,6.022527151,58713.6172,54.01781843,9749,93.93447098,58709.04436,193.1633234,625
"KCAE20130701_113541",86252.39,"2013","07","01",0.472525335,52855.43,8.819265147,85573.32972,66.3098809,9703,102.1108433,85568.8867,203.5435181,838,0.923013027,33396.96,5.598850679,54571.99757,53.91260868,9747,93.1184406,54567.40619,200.6473873,586
"KCAE20130701_113905",83015.27,"2013","07","01",0.479545079,55874.53,9.117735673,88560.56659,70.76739622,9713,105.0487794,88556.12106,218.3469859,843,0.922947711,27140.74,4.459756168,43442.48484,48.69960666,9741,73.74855343,43437.89797,184.8429569,589
"KCAE20130701_114229",81330.39,"2013","07","01",0.473630769,50987.79,7.936072765,77035.45833,63.98141642,9707,97.50758133,77030.98925,203.9935424,790,0.923297632,30342.6,4.83875184,47163.31418,50.39236448,9747,80.75123597,47158.7218,190.5529793,584
"KCAE20130701_114540",74714.5,"2013","07","01",0.477040551,47863.51,7.338508725,71278.93525,63.08170528,9713,86.60325601,71274.4797,200.3569067,823,0.922891274,26850.99,4.168136973,40647.67176,43.81688477,9752,70.56089039,40643.07286,166.9300693,576
"KCAE20130701_114850",71232.95,"2013","07","01",0.488137189,46258.2,7.170941537,69680.03891,58.72965102,9717,79.72037404,69675.60691,180.5466445,874,0.923590236,24974.75,3.981792273,38834.42004,46.17651085,9753,62.93329205,38829.84119,173.3214462,617
"KCAE20130701_115202",82084.14,"2013","07","01",0.473733847,53273.29,7.907617944,76885.76927,58.50046971,9723,84.02333859,76881.35481,173.2044616,915,0.923134324,28810.85,4.470368299,43639.73533,42.51558204,9762,61.9818119,43635.19558,146.7244735,704
"KCAE20130701_115512",86120.83,"2013","07","01",0.475728177,55285.59,8.218885073,79912.21957,60.79216264,9723,73.78383131,79907.88931,168.4175246,1083,0.922834944,30835.24,4.884663185,47630.35072,46.73440863,9751,61.13716825,47625.85406,154.6867289,779
"KCAE20130701_115823",93749.94,"2013","07","01",0.496133979,57539.4,8.75929352,85052.74008,61.89723543,9710,72.25867753,85048.46345,164.4339162,1177,0.923238619,36210.54,5.964452079,58153.40777,51.56404153,9750,67.85175112,58148.95071,161.4857905,857
"KCAE20130701_120134",106654.57,"2013","07","01",0.499558264,69479.49,10.78914036,104751.7637,69.53164318,9709,78.81682753,104747.5638,173.1378708,1329,0.923656809,37175.08,6.375303767,62082.70808,54.97650896,9738,62.95975831,62078.32169,162.2075809,986
"KCAE20130701_120445",108210.91,"2013","07","01",0.476165469,63334.06,10.38827764,100579.3041,68.78434084,9682,72.51272297,100575.1468,168.9357301,1387,0.922994279,44876.85,7.667096937,74662.18997,59.1918176,9738,68.61935175,74657.8547,164.9195277,1088
"KCAE20130701_120755",120710.58,"2013","07","01",0.474597007,76836.75,12.60608252,122052.091,78.12036128,9682,80.24194662,122048.0008,182.8616599,1521,0.922908342,43873.83,7.53711768,73283.3952,57.62879386,9723,61.63088147,73279.11807,154.4066739,1189
"KCAE20130701_121105",144247.74,"2013","07","01",0.500734424,90364.12,14.96531249,144594.8493,85.34122729,9662,88.5973191,144590.8248,191.3452634,1632,0.923206143,53883.62,9.854358448,95567.56823,65.87117197,9698,74.02273799,95563.35474,166.9221804,1291
"KCAE20130701_121417",162792.82,"2013","07","01",0.474332294,91187.27,15.45654614,148923.822,86.05300865,9635,90.0361681,148919.822,190.8915098,1654,0.92310494,71605.55,13.01260268,125961.9939,82.00499023,9680,93.09521106,125957.8206,201.6986684,1353
"KCAE20130701_121729",182114.17,"2013","07","01",0.473424038,110864.96,18.86620256,181323.0728,101.7556136,9611,106.5329664,181319.1089,221.7035275,1702,0.923095981,71249.21,13.64292309,131845.2087,83.77380945,9664,97.15626041,131841.0454,204.6743571,1357
"KCAE20130701_122040",181980.62,"2013","07","01",0.473131023,117658.93,20.18289465,193695.2399,103.2880388,9597,109.368333,193691.3177,219.2691797,1771,0.923299839,64321.69,12.92468196,124723.1809,81.19877747,9650,88.64182629,124719.0496,196.2936626,1407
"KCAE20130701_122552",176331.19,"2013","07","01",0.48027193,113415.03,20.93501899,200683.092,103.4483293,9586,108.4166479,200679.2153,214.373706,1851,0.923034535,62916.16,13.38502399,128589.9254,82.84081636,9607,88.0724947,128585.8423,196.4706536,1460
"KCAE20130701_122904",166971.56,"2013","07","01",0.472737351,103803.57,19.34124388,184728.2203,99.40710311,9551,100.0131885,184724.3592,207.4831448,1847,0.923300639,63167.99,12.84779705,123210.3737,82.29644797,9590,84.09986456,123206.3016,195.8671698,1465
"KCAE20130701_123214",175384.22,"2013","07","01",0.476131937,100373.26,18.87158818,179902.8501,97.87414031,9533,95.33599259,179899.018,202.7835719,1887,0.92305835,75010.96,15.21484035,146108.1119,90.69486449,9603,101.040127,146104.0237,214.4316616,1446
"KCAE20130701_123524",176294.88,"2013","07","01",0.50322548,99814.04,18.78321724,178985.2771,96.16447337,9529,91.73832859,178981.4791,196.1862629,1951,0.923198677,76480.84,15.12242736,145145.0578,86.04421825,9598,95.23688397,145141.0112,197.5300356,1524
"KCAE20130701_123835",188362.08,"2013","07","01",0.472947472,111119.64,20.16953698,192155.1788,99.43279621,9527,95.69293345,192151.4104,199.2394319,2008,0.923264999,77242.44,15.30185936,146484.6996,91.07181972,9573,96.05289578,146480.6661,210.5524774,1525
"KCAE20130701_124145",188570.77,"2013","07","01",0.473638833,112886.63,20.31823145,193612.4274,102.535465,9529,94.58166955,193608.6776,204.7754221,2047,0.923223388,75684.14,14.70348725,140977.0357,83.55844109,9588,91.18564372,140973.0052,190.6464886,1546
"KCAE20130701_124457",193339.59,"2013","07","01",0.476881851,120148.47,21.09402271,201363.5408,102.5202852,9546,97.60532741,201359.7904,202.931512,2063,0.923192166,73191.12,13.90559766,133438.1151,81.50363708,9596,87.67021586,133434.0685,188.2397445,1522
"KCAE20130701_124808",197043.42,"2013","07","01",0.473938212,127101.29,22.33815857,213396.4288,104.816524,9553,99.25242724,213392.7186,202.9679976,2150,0.923133315,69942.13,13.23413199,127074.1353,78.52252691,9602,80.47505656,127070.1143,179.1641353,1579
"KCAE20130701_125119",208904.21,"2013","07","01",0.474661817,125894.52,21.30123183,203937.9935,102.4882501,9574,98.70969535,203934.2306,202.6066437,2066,0.923071335,83009.69,15.08241251,145138.0556,87.3625686,9623,91.336708,145134.029,198.181552,1589
"KCAE20130701_125429",200013.45,"2013","07","01",0.474119545,123444.87,20.47401203,196059.1392,96.12720765,9576,97.92974186,196055.3432,191.3831941,2002,0.92270905,76568.58,13.25371455,127460.9728,79.05955796,9617,82.17725999,127456.9302,181.9593153,1551
"KCAE20130701_125740",221802.8,"2013","07","01",0.498367854,138137.98,21.80894118,208886.0386,102.890249,9578,108.849505,208882.2,208.2811677,1919,0.923435233,83664.82,13.9320821,134333.1356,81.26034928,9642,88.31628236,134329.0655,187.9074092,1521
"KCAE20130702_100153",376768.77,"2013","07","02",0.524840242,180505.76,44.05541995,380815.0501,169.0052336,8644,200.6383925,380811.6691,314.1702917,1898,0.919796807,196263.01,47.15020326,408037.859,176.1718904,8654,156.4550724,408034.8288,293.0986566,2608
"KCAE20130702_100631",438784.8,"2013","07","02",0.466983728,205617.01,49.79635458,430688.6708,178.8316858,8649,211.0168344,430685.3589,318.6480168,2041,0.923385629,233167.79,55.78610988,484279.2199,189.8999192,8681,172.9558116,484276.2724,302.5883567,2800
"KCAE20130702_101110",479800.67,"2013","07","02",0.532475505,228154.84,55.12191433,475040.6577,185.5425772,8618,221.359466,475037.414,318.5634841,2146,0.877541846,251645.83,60.62846744,524678.7572,196.3344139,8654,191.7674675,524675.7912,311.124434,2736
"KCAE20130702_101549",502352.88,"2013","07","02",0.521787879,256303.41,62.7568528,536006.2798,201.7046493,8541,269.4836581,536002.996,345.0147381,1989,0.879322641,246049.47,61.05192772,523520.2802,195.9363973,8575,195.0511653,523517.3277,310.7073597,2684
"KCAE20130702_102026",483023.9,"2013","07","02",0.464176578,247753.01,62.21821559,527112.7225,199.6756489,8472,272.1267151,527109.4472,342.4942771,1937,0.927707017,235270.89,58.91119531,496798.11,196.6367872,8433,191.2957971,496795.1851,316.6319719,2597
"KCAE20130702_102504",472751.92,"2013","07","02",0.468917354,243160.2,61.30804236,513148.3146,200.1609103,8370,285.7154899,513145.0198,350.2052865,1796,0.904781529,229591.72,57.31399613,479316.9496,193.4607513,8363,183.9977212,479314.0638,311.2360579,2605
"KCAE20130702_102942",459425.55,"2013","07","02",0.531442818,231992.8,58.08269368,486907.2212,195.7045614,8383,251.89032,486903.9885,342.5239633,1933,0.877731425,227432.75,55.54412966,468125.9248,189.5746927,8428,168.693006,468123.0915,300.1362557,2775
"KCAE20130702_103420",406674.82,"2013","07","02",0.471663608,208320.79,51.48251247,431474.937,184.3651747,8381,206.4458297,431471.784,323.0260237,2090,0.921555536,198354.03,48.50538779,407784.7951,176.7837274,8407,135.9273617,407782.0852,275.1576081,3000
"KCAE20130702_103859",403351.18,"2013","07","02",0.482717275,199426.07,48.26131515,404960.6954,176.2333877,8391,173.4294048,404957.6602,299.8791001,2335,0.878230765,203925.11,48.42743772,408194.8725,177.5070925,8429,130.8727833,408192.2112,272.7185241,3119
"KCAE20130702_104336",441738.33,"2013","07","02",0.527274426,217192.75,51.09618321,431200.6901,182.2153626,8439,177.4476043,431197.6785,304.8124296,2430,0.920733743,224545.58,52.24309611,442499.0241,182.7385853,8470,129.574375,442496.4906,269.8422903,3415
"KCAE20130703_100054",151352.92,"2013","07","03",0.477422907,75354.12,12.97730705,122661.5063,85.16754026,9452,111.2033743,122657.3219,226.439397,1103,0.869559655,75998.8,13.17118396,125047.2205,87.05517666,9494,140.0256549,125042.9098,250.7421503,893
"KCAE20130703_100452",161678.42,"2013","07","03",0.473549411,86969.68,14.84683716,141520.0518,94.15602415,9532,126.1281968,141515.8368,247.6431353,1122,0.869493912,74708.74,12.61637538,120599.9322,84.90488798,9559,140.0645446,120595.5729,249.4935866,861
"KCAE20130703_100850",125907.8,"2013","07","03",0.475685182,65506.79,10.8655961,104070.6795,73.44290111,9578,91.04676462,104066.452,194.7490882,1143,0.869384975,60401.01,10.06295933,96835.85762,72.17298171,9623,116.2442403,96831.45218,218.8221599,833
"KCAE20130703_101249",121863.64,"2013","07","03",0.472316183,67597.24,10.58320527,102117.3476,74.06459603,9649,92.41001403,102113.0655,200.9244582,1105,0.868805604,54266.4,8.691694839,83987.84723,69.89099118,9663,104.3272146,83983.40772,220.7086689,805
"KCAE20130703_101647",104795.68,"2013","07","03",0.474751274,56651.27,8.319478519,80258.00927,62.99435472,9647,68.24299635,80253.76371,168.7729446,1176,0.869881604,48144.41,7.127758062,68939.67597,59.34395753,9672,85.00028971,68935.23495,188.2022891,811
"KCAE20130703_102044",101104.45,"2013","07","03",0.474622488,49654.02,7.05898947,68013.36354,59.71435465,9635,54.58198963,68009.15908,158.1036912,1246,0.869349509,51450.43,7.076219805,68356.28332,63.07956061,9660,100.3697256,68351.78316,217.1226086,681
"KCAE20130703_102443",98986.15,"2013","07","03",0.471535644,48638.28,6.680542822,64353.66901,62.97319357,9633,63.46089672,64349.34928,184.6614036,1014,0.869886351,50347.87,6.975851026,67463.45527,65.06451518,9671,129.7285941,67458.86891,250.841217,520
"KCAE20130703_102840",94537.94,"2013","07","03",0.475162672,56775.26,7.593180123,73342.52681,67.65871142,9659,81.75934828,73338.13541,208.0207089,897,0.868666794,37762.68,5.193742641,50213.10385,52.26408308,9668,117.0360685,50208.47338,220.3986112,429
"KCAE20130703_103252",99635.07,"2013","07","03",0.473105863,51493.53,6.436298594,62174.64442,56.37786523,9660,94.34011113,62170.13323,195.8374507,659,0.877146035,48141.54,6.154294185,59653.57354,58.01945143,9693,140.3504201,59648.92854,240.9745046,425
"KCAE20130703_103649",100065.97,"2013","07","03",0.477791543,55674.19,6.847390616,66145.79335,63.72138685,9660,114.2335787,66141.24207,235.7235976,579,0.877500837,44391.78,5.636150552,54456.48664,60.03198532,9662,147.5659325,54451.8291,271.3111338,369
"KCAE20130703_104101",72185.14,"2013","07","03",0.471495252,35649.67,4.445137884,42851.1292,44.37069804,9640,85.35169194,42846.54935,175.9509106,502,0.867222616,36535.47,4.620465683,44642.93943,52.66049903,9662,120.9709537,44638.2819,242.2579853,369
"KCAE20130703_104512",75149.35,"2013","07","03",0.471498673,40027.51,4.959448036,47779.32238,53.10353531,9634,105.4629602,47774.72098,222.4333226,453,0.869653362,35121.84,4.284467909,41349.39979,49.62104184,9651,118.4662973,41344.73774,233.9066851,349
"KCAE20130703_104925",73558.54,"2013","07","03",0.471123322,39669.92,4.816459626,46416.22142,53.02065403,9637,105.0036493,46411.613,225.5695617,442,0.869323395,33888.62,4.208746272,40597.56654,49.72761409,9646,128.4585141,40592.89047,244.3446814,316
"KCAE20130703_105323",73168.09,"2013","07","03",0.475310518,38641.5,4.685925461,45097.34664,49.83925563,9624,113.0143438,45092.72319,218.5968423,399,0.869467044,34526.59,4.12218243,39795.54918,48.75177992,9654,127.9449086,39790.86659,241.070454,311
"KCAE20130703_105721",82038.6,"2013","07","03",0.472294378,45043.7,5.378505754,51821.90294,59.13820609,9635,148.0492841,51817.24942,274.5168722,350,0.868564333,36994.9,4.555619846,43920.73094,53.06425143,9641,155.7306395,43916.04033,270.1355109,282
"KCAE20130703_110119",81823.18,"2013","07","03",0.476372603,36800.35,4.561956723,43867.77585,52.66157294,9616,153.3674817,43863.09977,265.8166133,286,0.869996251,45022.83,5.591425211,53867.79048,57.04582643,9634,200.2345608,53863.09687,279.016839,269
"KCAE20130703_110517",72860.9,"2013","07","03",0.473255408,33125.38,4.264586822,40974.15018,50.253077,9608,136.111248,40969.48563,250.729445,301,0.868434656,39735.52,5.016514695,48288.97046,57.01093676,9626,187.8765558,48284.27483,296.1628669,257
"KCAE20130703_110929",73185.25,"2013","07","03",0.468685197,40431.3,5.202984669,49985.07371,57.24251344,9607,169.4251073,49980.40666,281.3244148,295,0.870589916,32753.95,4.235106209,40703.60578,48.86298431,9611,163.4494525,40698.91366,257.6641405,249
"KCAE20130703_111342",64493.02,"2013","07","03",0.470622626,32051.66,4.182863286,40163.85327,49.97323268,9602,144.4574827,40159.1802,257.3364918,278,0.867431704,32441.36,4.246340642,40849.79698,49.93466013,9620,161.4430923,40845.10236,264.0045181,253
"KCAE20130703_112006",73387.78,"2013","07","03",0.477531077,38375.18,5.059624736,48612.87446,53.99946794,9608,168.1944772,48608.2039,264.0745858,289,0.86966959,35012.6,4.669247392,44908.82142,53.36052138,9618,160.3719333,44904.14133,270.3458931,280
"KCAE20130703_112417",71087.41,"2013","07","03",0.470321406,34688.89,4.666131395,44883.51789,51.17103081,9619,149.5961577,44878.84732,249.9512728,300,0.869886949,36398.52,4.905293941,47164.40124,53.39214396,9615,166.6421349,47159.72416,264.8389728,283
"KCAE20130703_112843",80213.41,"2013","07","03",0.472253938,40618.48,5.523112003,53132.33747,57.69766386,9620,158.5901013,53127.68395,267.4439806,335,0.877236383,39594.93,5.380037124,51642.97635,57.50862201,9599,167.6568825,51638.31982,275.8653919,308
"KCAE20130703_113322",106339.42,"2013","07","03",0.532878681,46877.03,6.501717082,62422.98571,64.33122712,9601,188.0070488,62418.3402,292.9196386,332,0.877240009,59462.39,8.166707995,78482.06383,73.61750098,9610,230.1390567,78477.41832,319.266378,341
"KCAE20130703_113748",98178.83,"2013","07","03",0.474563484,53337.11,7.480986125,71907.23863,71.22866268,9612,203.6900797,71902.59814,313.7643277,353,0.870670791,44841.72,6.296784095,60512.09515,58.95506215,9610,173.3737927,60507.45366,258.6915571,349
"KCAE20130703_114213",109893.83,"2013","07","03",0.474450403,53405.57,7.431680307,71440.74279,65.75444539,9613,170.0860366,71436.13537,267.3101737,420,0.868601863,56488.26,7.755628344,74717.72347,64.1190961,9634,161.7167242,74713.12658,246.8933824,462
"KCAE20130703_114639",141167.51,"2013","07","03",0.477760551,73306.13,9.499224114,91401.53443,76.4857522,9622,191.6078639,91396.95107,288.5758837,477,0.870004588,67861.38,9.035018749,87052.40564,70.91369607,9635,169.024922,87047.83482,259.1525631,515
"KCAE20130703_115104",124006.53,"2013","07","03",0.475567172,64424.84,8.347090599,80090.3343,67.85880972,9595,161.463254,80085.77399,253.9236982,496,0.869327181,59581.69,7.955836725,76551.06097,63.38800833,9622,142.8106477,76546.50718,230.1358009,536
"KCAE20130703_115529",160595.1,"2013","07","03",0.473113899,84071.62,10.61586668,102039.7106,78.84748355,9612,194.3526786,102035.1563,279.7330604,525,0.86956713,76523.48,9.925917697,95646.14292,75.1929321,9636,192.0513315,95641.56307,273.0605838,498
"KCAE20130703_115955",164082.03,"2013","07","03",0.472587223,79147.06,10.33930882,99732.97291,76.84820185,9646,182.6527694,99728.4121,270.1527133,546,0.869701772,84934.97,11.27244026,109275.0358,80.7835386,9694,204.2438233,109270.4455,281.0171065,535
"KCAE20130703_120420",164883.86,"2013","07","03",0.473519689,82520.71,10.4403146,101281.4919,74.25220324,9701,180.2080277,101276.9116,254.3257771,562,0.866505153,82363.15,10.4147059,101376.7472,76.43681026,9734,183.9784842,101372.1448,267.2125631,551
"KCAE20130703_120845",148481.04,"2013","07","03",0.482436497,77370.96,9.425136073,91470.94559,71.10469009,9705,163.6249763,91466.36173,250.29794,559,0.868667631,71110.08,8.759835992,85303.28289,71.01147412,9738,147.8313544,85298.69151,254.2605861,577
"KCAE20130703_121257",129353.42,"2013","07","03",0.469344509,75361.19,8.482650551,82519.22456,66.75479556,9728,145.7855701,82514.63268,238.0452212,566,0.868745391,53992.23,6.245903119,60828.85047,54.03072598,9739,109.989596,60824.24657,200.1730621,553
"KCAE20130703_121708",108815.9,"2013","07","03",0.477953608,59477.16,6.644375806,64563.39971,59.77509977,9717,124.3907318,64558.78979,228.7887535,519,0.869771493,49338.74,5.422326534,52748.39252,50.52293489,9728,104.6503364,52743.76957,197.3743378,504
"KCAE20130703_122120",129117.59,"2013","07","03",0.472072867,63057.4,6.683544658,64663.29457,60.54121275,9675,140.8685744,64658.67563,241.815013,459,0.868687166,66060.19,6.827880736,66312.37771,60.60664436,9712,148.3394501,66307.73421,242.7737177,447
"KCAE20130703_122518",148505.29,"2013","07","03",0.475549232,70937.9,7.230862817,69821.21136,63.53465489,9656,143.6555874,69816.61547,246.4142826,486,0.869369893,77567.39,7.912824076,76667.35247,64.698779,9689,141.1837359,76662.76861,236.5824807,543
"KCAE20130703_122916",212112.34,"2013","07","03",0.471363238,99459.76,10.34727223,99602.84251,78.93793503,9626,164.0829033,99598.3223,271.4814285,607,0.868105967,112652.58,11.91840714,115072.2209,83.52714748,9655,167.4930514,115067.7263,268.4919261,687
"KCAE20130703_123301",253532.6,"2013","07","03",0.472951514,124073.68,13.47374603,129186.2769,82.84561828,9588,163.728602,129181.867,242.630567,789,0.919600155,129458.92,14.51006838,139020.9651,90.25025606,9581,156.90362,139016.6073,256.5198119,886
"KCAE20130703_123646",347479.34,"2013","07","03",0.472989928,174712.98,19.5643649,186644.0411,103.659016,9540,186.8265871,186639.7605,267.2518146,999,0.86831028,172766.36,20.03677863,191591.6772,99.02338554,9562,164.8773384,191587.4673,238.430999,1162
"KCAE20130703_124044",398798.06,"2013","07","03",0.471272795,200235.77,23.91986037,226736.3564,109.428041,9479,177.2730623,226732.2467,248.1926167,1279,0.873591777,198562.29,24.5133026,232851.8614,109.0234253,9499,162.0374536,232847.8209,237.3134026,1437
"KCAE20130703_124443",470723.16,"2013","07","03",0.471578529,233679.51,28.32902327,266491.1219,117.4597664,9407,172.0382076,266487.1835,243.090733,1549,0.871067399,237043.65,29.73918097,280559.4333,121.1525628,9434,164.5487153,280555.5596,243.0194349,1705
"KCAE20130703_124841",503966.9,"2013","07","03",0.471185592,253040.28,32.69869296,303803.5563,125.9169578,9291,172.6135124,303799.7819,244.074434,1760,0.88009554,250926.62,31.97355181,297577.8467,124.2006661,9307,150.5942168,297574.1725,234.1201865,1976
"KCAE20130703_125239",572708.97,"2013","07","03",0.47276875,288873.94,37.14665761,341860.69,137.3970054,9203,176.2149742,341857.0499,255.0909473,1940,0.878598955,283835.03,37.05842019,341493.342,135.0214362,9215,157.2236704,341489.8122,241.8105025,2172
"KCAE20130703_125652",655628.88,"2013","07","03",0.471562063,311086.92,41.1938518,374946.4391,146.7949401,9102,172.2292,374942.9684,259.9000928,2177,0.923725612,344541.96,44.428494,405010.1513,153.0832196,9116,165.4439581,405006.8093,259.3516757,2448
"KCAE20130704_100328",920.62,"2013","07","04",0.473427291,914.23,0.117497333,1148.536428,1.710199391,9775,9.005519475,1143.700973,12.09162934,127,0.92663626,6.39,0.000911989,8.91560457,0.028907603,9776,2.008500274,4.017000549,0.325581469,2
"KCAE20130704_100713",1508.92,"2013","07","04",0.471697796,1504.91,0.196422453,1920.618741,2.896350846,9778,9.300103773,1915.821377,17.74860787,206,0.926277479,4.01,0.000501187,4.895596898,0,9768,NA,0,NA,0
"KCAE20130704_101058",2902.57,"2013","07","04",0.467967094,2898.56,0.386976304,3785.402204,4.595101074,9782,9.819980644,3780.692548,21.094029,385,0.922778242,4.01,0.000501187,4.900107583,0,9777,NA,0,NA,0
"KCAE20130704_101443",1568.83,"2013","07","04",0.470347817,1533.4,0.210938218,2061.710143,1.616088035,9774,5.413163132,2057.00199,6.25418995,380,0.926574514,35.43,0.004782448,46.77712658,0.13980086,9781,2.463737319,41.88353443,2.347529189,17
"KCAE20130704_101828",2763.86,"2013","07","04",0.472629218,2710.85,0.368344984,3602.045595,3.391449919,9779,6.528894083,3597.420639,12.81373633,551,0.92039374,53.01,0.007940431,77.64153098,0.122706103,9778,1.581825583,72.76397682,0.85276487,46
"KCAE20130704_102213",3108.3,"2013","07","04",0.47174702,3009.46,0.432128044,4225.780145,2.653785639,9779,5.104345244,4221.293517,7.713190032,827,0.878518415,98.84,0.015554125,152.1193401,0.195387206,9780,1.753093198,147.2598286,1.189958557,84
"KCAE20130704_102557",2452.85,"2013","07","04",0.471263677,2274.62,0.327370176,3202.989807,2.069774757,9784,4.442287563,3198.447046,6.323477023,720,0.926702061,178.23,0.029000217,283.4191161,0.366620257,9773,2.579399458,278.5751415,2.374157543,108
"KCAE20130704_102941",1852.38,"2013","07","04",0.473194357,1720.52,0.239541245,2339.838879,1.659483593,9768,4.422742253,2335.207909,5.7012375,528,0.921789693,131.86,0.021333421,208.4701924,0.276587067,9772,1.9963109,203.6237118,1.849362163,102
"KCAE20130704_103327",959.39,"2013","07","04",0.472700706,821.67,0.110480817,1079.839507,0.911742527,9774,3.180799717,1075.110304,3.783312447,338,0.87866269,137.72,0.022667048,221.6157278,0.327042461,9777,2.104536335,216.7672425,2.414084089,103
"KCAE20130704_103725",501.57,"2013","07","04",0.472674638,430.68,0.060367189,590.5118453,0.570926706,9782,2.843264448,585.7124764,2.757250358,206,0.923190217,70.89,0.010841162,106.0374098,0.195623598,9781,2.023207136,101.1603568,1.866709423,50
"KCAE20130704_104123",468.77,"2013","07","04",0.472584543,401.84,0.054177793,529.8588139,0.66464422,9780,3.07042635,525.0429058,4.012107269,171,0.922544952,66.93,0.010081796,98.62013018,0.205951277,9782,2.130444748,93.7395689,2.242066354,44
"KCAE20130704_104521",267.35,"2013","07","04",0.471492089,229.07,0.027180202,265.8223737,0.507629077,9780,3.433669115,260.9588527,4.663475415,76,0.927392874,38.28,0.00616298,60.26778261,0.126289492,9779,1.846056942,55.38170827,1.365597833,30
"KCAE20130704_104934",161.81,"2013","07","04",0.473572221,140.27,0.016533924,161.4703026,0.473141408,9766,4.349826411,156.5937508,6.562951922,36,0.923266459,21.54,0.00353374,34.52817632,0.080053889,9771,1.646672068,29.64009723,0.905028786,18
"KCAE20130704_105332",48.12,"2013","07","04",0.472473625,32.11,0.004790464,46.84116184,0.139648331,9778,2.207898717,41.95007563,2.336522996,19,0.927498414,16.01,0.00261385,25.55038306,0.071013351,9775,1.721441008,20.65729209,1.119792522,12
"KCAE20130704_105744",42.37,"2013","07","04",0.474144517,22.86,0.004170975,40.8004735,0.09026309,9782,1.632222096,35.9088861,1.005849937,22,0.877772049,19.51,0.00335006,32.75018197,0.089494739,9776,2.142853154,27.857091,1.248485616,13
"KCAE20130704_110142",17.69,"2013","07","04",0.471185912,8.97,0.001222308,11.9480598,0.03955105,9775,1.762739834,7.050959335,0.978514196,4,0.926600504,8.72,0.001358284,13.27586668,0.054664572,9774,2.094816851,8.379267405,1.972002084,4
"KCAE20130704_110539",28.29,"2013","07","04",0.473010072,20.91,0.002058807,20.13307483,0.070418,9779,2.539161999,15.234972,1.402929093,6,0.922413099,7.38,0.001058672,10.34533926,0.028133952,9772,1.362435592,5.449742366,0.325325582,4
"KCAE20130704_110937",51.47,"2013","07","04",0.471991396,41.14,0.004451919,43.50860243,0.135858767,9773,2.574534493,38.6180174,2.407362816,15,0.922787767,10.33,0.001681024,16.42864631,0.053004047,9773,1.441819122,11.53455297,1.244884693,8
"KCAE20130704_111323",51.7,"2013","07","04",0.471203479,37.57,0.003754341,36.72872217,0.139270192,9783,3.97870212,31.82961696,3.005432428,8,0.926697452,14.13,0.00142834,13.96059872,0.056357508,9774,3.021166088,9.063498263,1.355700847,3
"KCAE20130704_111721",38.79,"2013","07","04",0.472690842,34.78,0.003613892,35.32579611,0.107363972,9775,3.043170278,30.43170278,1.497459871,10,0.927203549,4.01,0.000501187,4.898604021,0,9774,NA,0,NA,0
"KCAE20130704_112106",12.8,"2013","07","04",0.471533282,8.79,0.001230533,12.03338653,0.03702171,9779,1.783570329,7.134281318,0.479463114,4,0.926870423,4.01,0.000501187,4.899105209,0,9775,NA,0,NA,0
"KCAE20130704_112451",8.54,"2013","07","04",0.472987289,4.53,0.000638127,6.234500027,0.009586441,9770,0.669451564,1.338903129,0.054439048,2,0.926607913,4.01,0.000501187,4.898102834,0,9773,NA,0,NA,0
"KCAE20130704_112836",8.02,"2013","07","04",0.470926041,4.01,0.000501187,4.894594524,0,9766,NA,0,NA,0,0.923155302,4.01,0.000501187,4.899105209,0,9775,NA,0,NA,0
"KCAE20130704_113221",9.3,"2013","07","04",0.471976768,4.01,0.000501187,4.901109958,0,9779,NA,0,NA,0,0.926930561,5.29,0.000744434,7.278326636,0.017921567,9777,1.189610714,2.379221427,0.559013843,2
"KCAE20130704_113605",33.94,"2013","07","04",0.473242628,29.07,0.002614811,25.57023896,0.092544424,9779,3.445356021,20.67213613,1.586501153,6,0.923444332,4.87,0.000615956,6.019118914,0.011345254,9772,1.122018454,1.122018454,NA,1
"KCAE20130704_114200",2805.54,"2013","07","04",0.474520886,2712.16,0.203922218,1992.523989,12.49198411,9771,283.9471996,1987.630397,400.1311197,7,0.87908139,93.38,0.007255252,70.88381094,0.30330985,9770,10.9983698,65.99021879,5.889726177,6
"KCAE20130704_114545",1856.68,"2013","07","04",0.471767804,1775.99,0.136103278,1330.953952,6.512896589,9779,66.30314326,1326.062865,131.193002,20,0.92725509,80.69,0.006683733,65.30007302,0.263566549,9770,6.71199827,60.40798443,5.848098161,9
"KCAE20130704_114930",282.54,"2013","07","04",0.479550638,278.53,0.021844666,213.5752978,0.672675136,9777,13.04270058,208.6832092,10.66592904,16,0.926568568,4.01,0.000501187,4.898102834,0,9773,NA,0,NA,0
"KCAE20130704_115314",401.45,"2013","07","04",0.472235672,346.85,0.027329679,267.1749408,1.113230518,9776,16.39270959,262.2833534,22.83527662,16,0.927233175,54.6,0.00443792,43.4028559,0.170377834,9780,4.813156782,38.50525426,3.755549779,8
"KCAE20130704_115647",533.98,"2013","07","04",0.47313485,516.75,0.041454921,405.3462143,1.375418429,9778,16.01832541,400.4581353,22.45182339,25,0.926936576,17.23,0.001510062,14.75330424,0.073224818,9770,4.928853669,9.857707337,1.952632633,2
"KCAE20130704_120018",653.91,"2013","07","04",0.472599619,624.45,0.048750813,476.2954404,1.530071332,9770,18.13122585,471.411872,23.95523052,26,0.926088274,29.46,0.00245561,23.99868105,0.089883665,9773,3.820616831,19.10308415,1.226745438,5
"KCAE20130704_120350",14537.49,"2013","07","04",0.472588446,4752.95,0.370569363,3618.980395,15.14130011,9766,92.66936785,3614.105346,223.9089368,39,0.922796771,9784.54,0.766741062,7494.893882,24.65875099,9775,208.0559116,7490.012819,354.1801395,36
"KCAE20130704_120723",20645.18,"2013","07","04",0.472134495,10350.96,0.806222984,7864.705204,19.69358823,9755,120.9207492,7859.8487,210.6125025,65,0.926104397,10294.22,0.801903944,7835.403432,21.76188353,9771,153.539841,7830.531892,261.9487379,51
"KCAE20130704_121054",24232.8,"2013","07","04",0.472729477,14431.87,1.157358546,11298.13413,27.96701897,9762,125.4809627,11293.28664,264.5876625,90,0.926905773,9800.93,0.77473006,7566.788494,20.44455034,9767,108.0275497,7561.928481,217.727218,70
"KCAE20130704_121426",35777.45,"2013","07","04",0.471281263,24350.43,1.981915817,19331.60688,35.06768136,9754,187.6385429,19326.76992,287.0666912,103,0.926762909,11427.02,0.921800656,8996.774398,20.09606674,9760,112.3990363,8991.922906,192.8730296,80
"KCAE20130704_121759",32881.46,"2013","07","04",0.472619287,22880.3,1.98784405,19369.55243,35.73601381,9744,193.6471898,19364.71898,296.9712763,100,0.92295978,10001.16,0.911051249,8879.105476,22.9398589,9746,124.989528,8874.256489,239.853556,71
"KCAE20130704_122131",34583.84,"2013","07","04",0.472312203,20425.27,1.939111776,18871.4358,33.74233628,9732,161.2531358,18866.61689,263.8161028,117,0.927043432,14158.57,1.171236843,11416.0455,23.95908571,9747,105.6593941,11411.21456,202.8359947,108
"KCAE20130704_122503",46635.82,"2013","07","04",0.473181367,27235.66,2.305701768,22441.39531,38.52011376,9733,166.1969253,22436.58492,283.4118516,135,0.926491009,19400.16,1.697106652,16523.03036,30.75417168,9736,155.8321125,16518.20393,251.8790986,106
"KCAE20130704_122835",55087.58,"2013","07","04",0.472008408,28682.1,2.513684346,24455.635,35.33964043,9729,153.7788594,24450.83864,231.26859,159,0.923026061,26405.48,2.224950078,21677.68861,35.42201027,9743,150.5060952,21672.87771,251.0091832,144
"KCAE20130704_123208",58881.79,"2013","07","04",0.473555106,35512.94,3.053470884,29679.73699,40.42444327,9720,191.4512461,29674.94314,258.5107875,155,0.926830061,23368.85,1.928636797,18790.70832,28.45497767,9743,128.6705371,18785.89842,194.8829432,146
"KCAE20130704_123540",62575.34,"2013","07","04",0.470537085,23164.94,2.043493766,19828.02001,33.46057316,9703,119.4171096,19823.24019,227.4461666,166,0.924260804,39410.4,3.235436419,31516.38616,46.269096,9741,205.9580443,31511.58078,308.4722813,153
"KCAE20130704_123912",72697.81,"2013","07","04",0.472236844,34822.97,2.783527046,27044.74878,38.87818953,9716,168.9997464,27039.95943,253.1547905,160,0.923559101,37874.84,3.081474266,29976.58166,43.12234763,9728,205.2861595,29971.77928,288.0049771,146
"KCAE20130704_124243",62587.21,"2013","07","04",0.47295091,33589.12,2.834387849,27538.91234,41.01148552,9716,175.37657,27534.1215,272.5624154,157,0.926539056,28998.09,2.468184742,24035.18302,35.85676342,9738,140.5285857,24030.38816,232.6484418,171
"KCAE20130704_124615",69800.47,"2013","07","04",0.471884268,43262.18,3.687757339,35845.00134,46.68700669,9720,199.1123334,35840.22001,281.4590343,180,0.926033582,26538.29,2.342976941,22818.25243,32.73924859,9739,123.9862151,22813.46358,204.6276735,184
"KCAE20130704_124946",65275.22,"2013","07","04",0.471266994,36642.79,3.167936509,30811.35048,43.55025713,9726,168.3418997,30806.56765,270.8984785,183,0.923355197,28632.43,2.442973468,23794.56158,38.30288717,9740,141.6057394,23789.76422,256.3861932,168
"KCAE20130704_125317",71168.24,"2013","07","04",0.47277638,37963.22,3.207778,31176.39438,42.91472878,9719,160.6784566,31171.62058,259.4213018,194,0.922546136,33205.02,2.882272082,28044.50736,41.90557645,9730,155.7762279,28039.72102,267.3873839,180
"KCAE20130704_125649",66124.14,"2013","07","04",0.472186177,36488.73,3.267027607,31693.43482,47.4051493,9701,173.1621012,31688.66452,300.3164534,183,0.926373228,29635.41,2.60638134,25315.78196,38.54640023,9713,138.3115063,25311.00564,245.7944216,183
"KCAE20130705_100031",23.48,"2013","07","05",0.531215096,19.01,0.002202202,21.52652548,0.061983692,9775,2.078928722,16.63142977,0.656928922,8,0.878171918,4.47,0.000616118,6.023787859,0.008035312,9777,0.562341325,1.12468265,0,2
"KCAE20130705_100716",431.42,"2013","07","05",0.477236958,427.41,0.050822015,496.8868423,0.799529956,9777,4.686089137,492.0393594,6.177502601,105,0.928321105,4.01,0.000501187,4.895095711,0,9767,NA,0,NA,0
"KCAE20130705_101154",578.25,"2013","07","05",0.531725584,572.86,0.07088652,693.0575066,0.652326777,9777,3.955428768,688.2446056,2.93159684,174,0.878270522,5.39,0.000705646,6.899105209,0.014294608,9777,1,2,0,2
"KCAE20130705_101631",1259.65,"2013","07","05",0.473069481,1255.64,0.152859788,1495.121591,1.062112701,9781,4.117129582,1490.400909,3.767856282,362,0.926548993,4.01,0.000501187,4.897601647,0,9772,NA,0,NA,0
"KCAE20130705_102108",1728.34,"2013","07","05",0.510310051,1707.39,0.208982002,2042.381104,1.194111963,9773,4.051163218,2037.735099,3.487470148,503,0.879073169,20.95,0.002730177,26.68475169,0.06876634,9774,1.816013493,21.79216192,0.781036454,12
"KCAE20130705_102546",1911.75,"2013","07","05",0.484362397,1874.75,0.233154342,2278.617387,1.137395401,9773,3.59247478,2274.036536,2.813725104,633,0.87875082,37,0.004920726,48.08533405,0.107046159,9772,2.057059873,43.19825733,1.080219479,21
"KCAE20130705_103023",1479.65,"2013","07","05",0.481185202,1426.52,0.182868784,1786.445152,1.012945368,9769,3.342994722,1781.816187,2.873465033,533,0.878872269,53.13,0.007138124,69.81085449,0.125288694,9780,1.803535725,64.92728609,1.026793437,36
"KCAE20130705_103502",1346.55,"2013","07","05",0.476489023,1304.28,0.168853422,1651.724171,0.929074452,9782,3.417143422,1647.063129,2.535979395,482,0.922862515,42.27,0.005175375,50.61517037,0.146004362,9780,2.857598639,45.72157822,2.281332941,16
"KCAE20130705_103939",583.74,"2013","07","05",0.526165961,547.49,0.072426713,707.6814134,0.666711497,9771,3.284540033,702.891567,3.128982632,214,0.921572336,36.25,0.004902759,47.88524989,0.101969941,9767,1.791757611,43.00218267,1.036893823,24
"KCAE20130705_104416",394.75,"2013","07","05",0.480612229,365.3,0.050011148,488.7589504,0.568113946,9773,3.082417414,483.939534,3.288172375,157,0.87912701,29.45,0.004274339,41.79875896,0.13206937,9779,2.83878188,36.90416444,2.344573998,13
"KCAE20130705_104854",121.77,"2013","07","05",0.51896239,92.95,0.014166308,138.475658,0.198647216,9775,1.964862258,133.6106336,1.366561229,68,0.878977922,28.82,0.003324502,32.48703473,0.125583728,9772,3.94184877,27.59294139,2.751952479,7
"KCAE20130705_105331",47.29,"2013","07","05",0.521061997,40.72,0.005224243,51.09309233,0.114598112,9780,2.200095529,46.20200611,1.162767907,21,0.917979519,6.57,0.000819923,8.016385978,0.023142711,9777,1.558640385,3.117280769,0.617476656,2
"KCAE20130705_105808",22.48,"2013","07","05",0.531762384,17.3,0.002516212,24.6010052,0.067478674,9777,1.642242656,19.70691187,1.053551395,12,0.87810288,5.18,0.000744583,7.275319512,0.017927069,9771,1.189610714,2.379221427,0.559013843,2
"KCAE20130705_110235",30.67,"2013","07","05",0.476018105,20.47,0.002497207,24.40520226,0.063636762,9773,1.773873862,19.51261249,0.708423374,11,0.871218627,10.2,0.001249195,12.22337321,0.037972577,9785,1.83031522,7.321260881,0.490003086,4
"KCAE20130705_110700",8.02,"2013","07","05",0.473987128,4.01,0.000501187,4.896098085,0,9769,NA,0,NA,0,0.868349277,4.01,0.000501187,4.902112332,0,9781,NA,0,NA,0
"KCAE20130705_111125",8.5,"2013","07","05",0.472143581,4.49,0.000630273,6.156509213,0.009020795,9768,0.630957344,1.261914689,0,2,0.870045293,4.01,0.000501187,4.901611145,0,9780,NA,0,NA,0
"KCAE20130705_111551",10,"2013","07","05",0.475084543,5.99,0.000966043,9.4469306,0.023283298,9779,1.136956348,4.547825391,0.213512237,4,0.871371339,4.01,0.000501187,4.900107583,0,9777,NA,0,NA,0
"KCAE20130705_112029",8.47,"2013","07","05",0.522894416,4.46,0.000623062,6.095411002,0.008537468,9783,0.596649335,1.19329867,0.048518853,2,0.920698851,4.01,0.000501187,4.900107583,0,9777,NA,0,NA,0
"KCAE20130705_112507",8.02,"2013","07","05",0.473336253,4.01,0.000501187,4.899105209,0,9775,NA,0,NA,0,0.879428606,4.01,0.000501187,4.901611145,0,9780,NA,0,NA,0
"KCAE20130705_112944",8.68,"2013","07","05",0.530935045,4.67,0.00067354,6.58318082,0.012067998,9774,0.842789586,1.685579173,0.068534701,2,0.879390082,4.01,0.000501187,4.902112332,0,9781,NA,0,NA,0
"KCAE20130705_113422",9.01,"2013","07","05",0.477217153,5,0.000760268,7.434663582,0.018234039,9779,1.267277999,2.534555999,0.205428019,2,0.9191785,4.01,0.000501187,4.901611145,0,9780,NA,0,NA,0
"KCAE20130705_113900",18.95,"2013","07","05",0.520888243,4.69,0.000680362,6.652582195,0.013010417,9778,0.876487899,1.752975799,0.347232641,2,0.878908216,14.26,0.001470377,14.37881584,0.06787907,9779,4.739354129,9.478708258,0.385398945,2
"KCAE20130705_114326",10.45,"2013","07","05",0.473328668,6.44,0.00113573,11.09494799,0.0336627,9769,1.550213662,6.20085465,0.699136341,4,0.87251423,4.01,0.000501187,4.899105209,0,9775,NA,0,NA,0
"KCAE20130705_114752",9.47,"2013","07","05",0.471731081,5,0.000760242,7.435164769,0.018233107,9780,1.267277999,2.534555999,0.205428019,2,0.867483368,4.47,0.000609863,5.962633768,0.007610583,9777,0.531764279,1.063528559,0.043242473,2
"KCAE20130705_115217",11.87,"2013","07","05",0.478274914,7.86,0.001111063,10.85619508,0.030897805,9771,1.490274843,5.961099374,0.388630204,4,0.869831662,4.01,0.000501187,4.902112332,0,9781,NA,0,NA,0
"KCAE20130705_115642",8.86,"2013","07","05",0.474822817,4.85,0.000721119,7.046775622,0.015595812,9772,1.075088175,2.15017635,0.259985114,2,0.868696954,4.01,0.000501187,4.900107583,0,9777,NA,0,NA,0
"KCAE20130705_120107",8.02,"2013","07","05",0.474704579,4.01,0.000501187,4.901611145,0,9780,NA,0,NA,0,0.86953498,4.01,0.000501187,4.896599273,0,9770,NA,0,NA,0
"KCAE20130705_120746",10.82,"2013","07","05",0.477691966,6.81,0.000973314,9.512200619,0.025147538,9773,1.154025633,4.616102534,0.535258143,4,0.928459964,4.01,0.000501187,4.897601647,0,9772,NA,0,NA,0
"KCAE20130705_121158",25.55,"2013","07","05",0.46916804,4.98,0.000629966,6.156025872,0.012730203,9772,1.258925412,1.258925412,NA,1,0.928159056,20.57,0.002145027,20.97407781,0.086207292,9778,4.018868447,16.07547379,1.642865773,4
"KCAE20130705_121610",11,"2013","07","05",0.470961111,4.01,0.000501187,4.898102834,0,9773,NA,0,NA,0,0.86857772,6.99,0.000833722,8.156300059,0.023844427,9783,1.627093863,3.254187727,0.520668817,2
"KCAE20130705_122024",10.45,"2013","07","05",0.476107746,4.01,0.000501187,4.899606396,0,9776,NA,0,NA,0,0.870485479,6.44,0.000938057,9.16575539,0.022325237,9771,1.06766492,4.270659679,0.324570204,4
"KCAE20130705_122435",8.28,"2013","07","05",0.471676408,4.27,0.000565717,5.52705543,0.006378339,9770,0.630957344,0.630957344,NA,1,0.866654841,4.01,0.000501187,4.897601647,0,9772,NA,0,NA,0
"KCAE20130705_122846",8.02,"2013","07","05",0.473497359,4.01,0.000501187,4.896098085,0,9769,NA,0,NA,0,0.869691684,4.01,0.000501187,4.898604021,0,9774,NA,0,NA,0
"KCAE20130705_123258",11.27,"2013","07","05",0.47050983,7.26,0.001231653,12.04803162,0.040161358,9782,1.786855712,7.14742285,1.002843287,4,0.867444736,4.01,0.000501187,4.898604021,0,9774,NA,0,NA,0
"KCAE20130705_123710",9.77,"2013","07","05",0.471165247,5.76,0.000926553,9.057985245,0.021220546,9776,1.040095899,4.160383598,0.16384511,4,0.868862997,4.01,0.000501187,4.89710046,0,9771,NA,0,NA,0
"KCAE20130705_124122",16.87,"2013","07","05",0.470769722,4.01,0.000501187,4.90060877,0,9778,NA,0,NA,0,0.927879661,12.86,0.001403075,13.72206865,0.068662513,9780,4.410729938,8.821459876,2.68537024,2
"KCAE20130705_124534",13.37,"2013","07","05",0.473630066,5.72,0.000821188,8.029578473,0.024360623,9778,1.564986038,3.129972077,0.952805316,2,0.867619558,7.65,0.000920579,8.990371773,0.03004628,9766,2.048389812,4.096779624,0.655483205,2
"KCAE20130705_124959",31.28,"2013","07","05",0.472152028,27.27,0.002710954,26.51041436,0.10555695,9779,3.602051921,21.61231153,2.496792286,6,0.928164429,4.01,0.000501187,4.901611145,0,9780,NA,0,NA,0
"KCAE20130705_125424",11.27,"2013","07","05",0.471438712,6.29,0.001067768,10.43956858,0.024942536,9777,0.923744686,5.542468118,0.440638425,6,0.919377638,4.98,0.000630005,6.15452231,0.012732158,9769,1.258925412,1.258925412,NA,1
"KCAE20130705_125836",18.79,"2013","07","05",0.468038944,14.21,0.002786392,27.22305288,0.080734447,9770,1.861038988,22.33246786,1.420200021,12,0.924549741,4.58,0.000631011,6.169392318,0.00913605,9777,0.635143555,1.27028711,0.1029579,2
"KCAE20130706_100213",17404.86,"2013","07","06",0.471655682,16906.67,1.341525971,13108.05026,18.6361476,9771,26.25932515,13103.40325,78.47284664,499,0.869448579,498.19,0.038056336,372.0387379,0.813173658,9776,8.95511415,367.1596802,8.930189753,41
"KCAE20130706_100545",19338.63,"2013","07","06",0.475574755,17312.66,1.386168243,13542.86373,19.38285797,9770,24.84080786,13538.24028,78.50438007,545,0.869520549,2025.97,0.154001248,1505.208201,5.034144647,9774,34.89142205,1500.331148,68.23566734,43
"KCAE20130706_100917",32688.17,"2013","07","06",0.472506296,32177.58,2.664311719,26027.66119,30.66750559,9769,28.50298212,26023.22267,96.6226285,913,0.869281266,510.59,0.040008702,390.9250318,0.851194023,9771,7.878622235,386.0524895,9.18870082,49
"KCAE20130706_101251",21153.68,"2013","07","06",0.4742114,20077,1.70319602,16641.92831,23.40968705,9771,18.22287929,16637.48879,74.6281197,913,0.868676883,1076.68,0.083958024,820.68968,1.993395309,9775,23.99434162,815.8076152,24.20389636,34
"KCAE20130706_101623",19677.52,"2013","07","06",0.50140612,19103.19,1.673029265,16345.49592,23.20549739,9770,15.34378693,16341.13308,68.805397,1065,0.869980912,574.33,0.045905047,448.9054517,0.827926754,9779,7.929150147,444.0324082,7.630392961,56
"KCAE20130706_101955",30607.64,"2013","07","06",0.472097089,30283.09,2.840622628,27738.67996,29.33241621,9765,16.2096104,27734.6434,68.52703214,1711,0.869018499,324.55,0.026211316,256.2942442,0.648347686,9778,8.380289036,251.4086711,8.324550625,30
"KCAE20130706_102328",18402.72,"2013","07","06",0.4754329,17835.06,1.664603008,16273.15901,21.68169645,9776,11.66233588,16268.95856,56.38908633,1395,0.870464198,567.66,0.046738028,456.8642257,1.215327325,9775,9.039803598,451.9901799,14.54889467,50
"KCAE20130706_102910",15166.34,"2013","07","06",0.480131655,14731.02,1.422946232,13906.45352,20.30839376,9773,9.880782225,13902.26059,52.75279354,1407,0.871222507,435.32,0.039509638,386.2462177,1.254209065,9776,5.52726367,381.3811932,13.97673135,69
"KCAE20130706_103242",10024.29,"2013","07","06",0.472136692,9181.69,0.945734408,9242.662373,10.80743149,9773,7.516989609,9238.380229,29.66522653,1229,0.867396683,842.6,0.072091229,704.6196723,2.976469403,9774,12.95829875,699.7481324,38.25581055,54
"KCAE20130706_103613",12038.58,"2013","07","06",0.473393975,11319.34,1.088903154,10639.67272,20.48263302,9771,10.26572862,10635.29485,62.17705183,1036,0.868892183,719.24,0.064271466,627.4823236,1.969002345,9763,8.413869195,622.6263205,21.14807993,74
"KCAE20130706_103946",10895.98,"2013","07","06",0.475288865,9490.45,0.9005636,8797.605807,14.31011814,9769,11.46426874,8793.09412,49.90071579,767,0.868184216,1405.53,0.124109824,1213.669972,5.741149397,9779,13.2836755,1208.81447,58.34607423,91
"KCAE20130706_104319",11627.63,"2013","07","06",0.475068169,11100.71,0.959817944,9377.421312,19.99557849,9770,19.32529441,9372.767788,87.83132737,485,0.868492653,526.92,0.044598044,436.3026615,1.299366363,9783,10.78548986,431.4195943,17.45459505,40
"KCAE20130706_104651",9162.76,"2013","07","06",0.471235203,8720.57,0.740097595,7240.374768,14.65210591,9783,23.26568335,7235.627522,79.04791688,311,0.870147708,442.19,0.035001194,342.0666727,1.292905984,9773,13.48724398,337.1810995,22.17286181,25
"KCAE20130706_105036",4947.52,"2013","07","06",0.471804973,4358.81,0.364520461,3563.552026,6.433976434,9776,16.5523729,3558.760174,40.27008556,215,0.867995725,588.71,0.045805814,448.118283,1.272094765,9783,13.43126386,443.2317074,17.58625157,33
"KCAE20130706_105410",8986.59,"2013","07","06",0.472849449,7259.45,0.567795848,5548.501031,13.87270124,9772,38.76695873,5543.675099,108.4034559,143,0.86986523,1727.14,0.129136764,1262.441001,5.895316166,9776,29.94196297,1257.562445,85.85819912,42
"KCAE20130706_105742",11814.52,"2013","07","06",0.478000497,10974.01,0.843921027,8251.859797,18.92392964,9778,63.43864879,8247.024343,152.1187646,130,0.923739278,840.51,0.064118042,626.882096,1.331476902,9777,15.9487573,622.0015347,14.00303896,39
"KCAE20130706_110114",16547.89,"2013","07","06",0.473243256,12078.13,0.962670605,9400.478459,21.24687161,9765,83.88964731,9395.640498,180.804278,112,0.86846907,4469.76,0.375907956,3675.627996,12.68099037,9778,64.39922728,3670.755955,154.5270977,57
"KCAE20130706_110447",11001.3,"2013","07","06",0.471715345,9791.49,0.808867422,7904.252447,16.38968459,9772,54.10567136,7899.428019,123.2796893,146,0.867869621,1209.81,0.09862814,963.9914355,2.862998207,9774,22.30498564,959.1143825,37.41942607,43
"KCAE20130706_110819",16217.4,"2013","07","06",0.474040442,13028.46,1.114262106,10889.68356,21.60289161,9773,79.45148991,10884.85412,165.1149595,137,0.869103852,3188.94,0.269418144,2633.831771,7.771781759,9776,42.40263288,2628.963239,88.67424455,62
"KCAE20130706_111151",33054.68,"2013","07","06",0.474562037,23214.01,1.905430424,18595.09551,36.30143625,9759,144.110613,18590.26907,282.5029468,129,0.868095978,9840.67,0.761138784,7433.281368,20.2635863,9766,104.625667,7428.422358,215.077706,71
"KCAE20130706_111536",27911.91,"2013","07","06",0.4737153,17683.2,1.417043984,13824.68111,26.77764779,9756,97.3229767,13819.86269,200.519694,142,0.867635366,10228.71,0.767490471,7496.846919,22.59714391,9768,115.2612908,7491.983899,254.0161826,65
"KCAE20130706_111922",30837.29,"2013","07","06",0.472457389,22045.08,1.817138619,17746.17575,27.60546618,9766,112.2870908,17741.36034,186.8555529,158,0.869341556,8792.21,0.66868608,6534.400379,17.30106107,9772,70.21020847,6529.549387,163.8746127,93
"KCAE20130706_112307",39478.47,"2013","07","06",0.471226808,29627.85,2.381481713,23259.93189,34.95101148,9767,129.1951501,23255.12701,223.9915624,180,0.868641598,9850.62,0.755436664,7388.92601,14.88608952,9781,55.10515714,7384.091057,115.2273311,134
"KCAE20130706_112639",36344.98,"2013","07","06",0.472845276,29623.62,2.489810805,24280.63497,35.95908769,9752,123.2276453,24275.84613,222.205868,197,0.869644932,6721.36,0.558146687,5454.767574,12.28445862,9773,49.09842435,5449.925103,104.8866944,111
"KCAE20130706_113011",45491.96,"2013","07","06",0.47106673,30488.9,2.578328169,25118.07302,35.18644726,9742,138.7474098,25113.28117,219.0960765,181,0.877620466,15003.06,1.214861207,11877.69802,21.17815367,9777,89.94593994,11872.86407,159.4644803,132
"KCAE20130706_113343",52950.89,"2013","07","06",0.474194004,34205,2.830473495,27568.81184,40.83543699,9740,131.885335,27564.03502,246.9315914,209,0.869426946,18745.89,1.481356195,14481.73816,23.85399102,9776,97.16049146,14476.91323,167.9963316,149
"KCAE20130706_113716",52769.99,"2013","07","06",0.472643085,28138.09,2.251085982,21896.31334,34.15100921,9727,120.9476741,21891.52901,220.4151564,181,0.8681402,24631.9,1.976124196,19292.90052,31.88189307,9763,137.7719829,19288.0776,229.2214413,140
"KCAE20130706_114049",57579.63,"2013","07","06",0.47528319,35260.36,2.774259715,26990.77277,36.07871194,9729,154.2056253,26985.98442,222.009736,175,0.869582282,22319.27,1.795857425,17523.97675,28.64939765,9758,108.814701,17519.16686,195.7925566,161
"KCAE20130706_114421",63122.89,"2013","07","06",0.476564202,32668.56,2.69231659,26163.93262,40.73580059,9718,126.9862394,26159.16532,250.5898438,206,0.869392612,30454.33,2.498766111,24372.96465,37.53230203,9754,143.3421251,24368.16127,246.9543817,170
"KCAE20130706_114754",69169.05,"2013","07","06",0.4711534,46945.53,3.755757491,36551.0319,43.4356637,9732,168.415959,36546.2631,239.0312331,217,0.867192323,22223.52,1.81922873,17752.03394,29.52904643,9758,100.836543,17747.23157,196.4031417,176
"KCAE20130706_115126",70405.37,"2013","07","06",0.473870684,39854.55,3.187255387,30999.24589,42.43997801,9726,126.5081393,30994.49414,236.9023744,245,0.873332023,30550.82,2.608897123,25457.61813,37.56429694,9758,143.8012218,25452.81625,240.4321714,177
"KCAE20130706_115458",68973.56,"2013","07","06",0.476486418,44587.4,3.710437038,36121.10457,43.61480989,9735,138.3768441,36116.35632,229.1529146,261,0.869311366,24386.16,2.0432099,19939.68542,32.42948781,9759,103.827555,19934.89056,207.6187891,192
"KCAE20130706_115829",71686.69,"2013","07","06",0.472714341,47104.24,3.998501037,38953.39711,40.39972069,9742,122.8664777,38948.67342,188.8415685,317,0.86908755,24582.45,2.10721695,20585.40239,28.80263539,9769,85.75261073,20580.62657,163.4101573,240
"KCAE20130706_120202",79160.17,"2013","07","06",0.471440355,55491.85,4.951023909,48208.1198,52.47071912,9737,143.0368209,48203.40864,244.8805729,337,0.870277229,23668.32,2.091806155,20426.4871,30.52439269,9765,76.20047509,20421.72733,168.5371976,268
"KCAE20130706_120600",79111.18,"2013","07","06",0.472106244,49930.13,4.572159003,44505.39574,46.61154604,9734,125.7081768,44500.6946,211.2666034,354,0.86900421,29181.05,2.680396445,26174.07128,38.41961582,9765,101.4314205,26169.3065,214.5312869,258
"KCAE20130706_120958",64094.9,"2013","07","06",0.472966496,49613.92,4.563480085,44493.93082,43.50758351,9750,110.6697655,44489.24573,185.0619,402,0.869906141,14480.98,1.346283585,13154.53691,20.44268659,9771,47.81737323,13149.77764,112.5652847,275
"KCAE20130706_121356",47981.33,"2013","07","06",0.474153528,36559.88,3.350292728,32645.25235,35.88435956,9744,84.78067983,32640.56173,160.4682205,385,0.869238338,11421.45,1.107191935,10806.19328,15.55588795,9760,41.54396924,10801.432,86.20636382,260
"KCAE20130706_121742",50300.1,"2013","07","06",0.472559569,40740.89,3.804223107,37129.21753,42.23744412,9760,92.34957068,37124.52741,187.6677046,402,0.868422881,9559.21,0.899871238,8786.342766,14.83121982,9764,33.51748277,8781.580485,84.4429389,262
"KCAE20130706_122127",44420.36,"2013","07","06",0.471852307,30434.45,2.908803525,28343.38155,37.03298625,9744,75.97502661,28338.68492,174.2215642,373,0.867549697,13985.91,1.36934687,13368.93349,23.08136065,9763,45.61156057,13364.18725,125.6414099,293
"KCAE20130706_122459",52944.98,"2013","07","06",0.470880969,35714.66,3.429281263,33414.91662,38.11541893,9744,83.11003615,33410.23453,169.2903566,402,0.868580417,17230.32,1.750972668,17103.50102,26.94809245,9768,56.99585258,17098.75578,143.3962391,300
"KCAE20130706_123042",47920.74,"2013","07","06",0.478276837,33059.79,3.258235602,31767.79712,38.39270063,9750,78.4274408,31763.11353,172.2192651,405,0.926955269,14860.95,1.649640381,16115.33688,28.12637457,9769,72.57005428,16110.55205,172.6141405,222
"KCAE20130706_123414",37236.17,"2013","07","06",0.472727027,27538.18,2.798867543,27266.56761,36.7926644,9742,73.28460076,27261.87148,174.2510607,372,0.927600649,9697.99,1.09622374,10694.75881,22.33008577,9756,43.99173256,10689.99101,134.9259808,243
"KCAE20130706_123746",45354.29,"2013","07","06",0.473725276,27702.9,2.832411976,27624.514,38.78685493,9753,80.05738792,27619.79883,190.9141108,345,0.92828286,17651.39,1.896951541,18527.5257,33.8238268,9767,102.3354769,18522.72132,227.4547439,181
"KCAE20130706_124118",30030.91,"2013","07","06",0.476339262,21703.66,2.096046462,20417.58859,32.48817342,9741,60.57233063,20412.87542,164.4501094,337,0.928467266,8327.25,0.879102628,8571.250619,21.4482989,9750,54.21799514,8566.443231,160.1732238,158
"KCAE20130706_124451",32652.03,"2013","07","06",0.473686855,19096.12,1.947893111,18974.42679,31.33128426,9741,68.23627359,18969.68406,173.1405024,278,0.928860961,13555.91,1.434080513,13977.98276,29.81315896,9747,102.7438666,13973.16585,231.6905907,136
"KCAE20130706_124823",36285.31,"2013","07","06",0.473287586,21589.96,1.997346676,19450.16193,30.89488086,9738,78.4088938,19445.40566,177.7964624,248,0.923941422,14695.35,1.597723081,15606.55906,28.23528686,9768,104.7096519,15601.73814,204.3090152,149
"KCAE20130706_125156",32389.63,"2013","07","06",0.498620628,20724.74,2.139739966,20875.30311,34.66223047,9756,85.53498285,20870.53582,202.6557096,244,0.928110993,11664.89,1.283088665,12529.36082,24.38104089,9765,84.62527634,12524.5409,179.9517773,148
"KCAE20130706_125530",25009.52,"2013","07","06",0.47069539,16981.83,1.826450463,17827.98297,27.69041699,9761,76.49445348,17823.20766,162.8511474,233,0.928257079,8027.69,0.901172243,8810.761016,16.69088657,9777,49.47162989,8805.95012,113.8873726,178
"KCAE20130706_125902",27973.45,"2013","07","06",0.475655563,19526.37,2.125807774,20752.13549,31.54723778,9762,79.49185329,20747.37371,176.6057151,261,0.870770477,8447.08,0.918863625,8980.973069,17.74653578,9774,42.9482259,8976.179213,113.9467943,209
"KCAE20130707_100018",302.47,"2013","07","07",0.481903317,291.98,0.032867773,321.2167485,0.57809649,9773,5.186052755,316.3492181,5.221287254,61,0.87816308,10.49,0.001090036,10.6594587,0.044083409,9779,2.879675558,5.759351116,1.55760937,2
"KCAE20130707_100434",233.63,"2013","07","07",0.541111801,228.76,0.025294099,247.1233489,0.344307899,9770,3.615825809,242.2603292,2.09028015,67,0.871912138,4.87,0.000616003,6.017114165,0.011347577,9768,1.122018454,1.122018454,NA,1
"KCAE20130707_100851",648.69,"2013","07","07",0.481680664,644.68,0.071949641,703.0199389,0.748828028,9771,4.363768927,698.2030284,3.951153089,160,0.877698967,4.01,0.000501187,4.90060877,0,9778,NA,0,NA,0
"KCAE20130707_101307",823.23,"2013","07","07",0.534314049,819.22,0.095039972,928.8256476,0.772848442,9773,3.567789005,924.0573523,3.191677321,259,0.869514104,4.01,0.000501187,4.895095711,0,9767,NA,0,NA,0
"KCAE20130707_101724",1063.03,"2013","07","07",0.532235054,1059.02,0.118327168,1156.648069,0.810351057,9775,3.668491518,1151.906337,2.728024647,314,0.869348448,4.01,0.000501187,4.89710046,0,9771,NA,0,NA,0
"KCAE20130707_102141",2171.9,"2013","07","07",0.520350841,2162.89,0.249891843,2442.442872,1.163741787,9774,3.543443438,2437.889085,2.753150031,688,0.878329442,9.01,0.001307833,12.77883804,0.030779816,9771,1.126463699,7.885245892,0.254259064,7
"KCAE20130707_102557",3208.97,"2013","07","07",0.472861392,3197.45,0.361379078,3530.312214,1.514434945,9769,3.845011673,3525.875704,3.324151148,917,0.922125022,11.52,0.001684523,16.46789796,0.045349686,9776,1.446537632,11.57230106,0.69577544,8
"KCAE20130707_103014",2411.48,"2013","07","07",0.53399072,2370.49,0.274637186,2682.381395,1.225709615,9767,3.486811473,2677.871211,2.813530072,768,0.868196182,40.99,0.00634559,62.01544869,0.110401426,9773,1.587094128,57.13538859,0.907392098,36
"KCAE20130707_103429",2620.15,"2013","07","07",0.519947615,2569.67,0.292271784,2857.541236,1.526328733,9777,3.561850911,2853.04258,4.100001515,801,0.878107459,50.48,0.007954623,77.73257719,0.111008464,9772,1.401173794,72.86103728,0.609270961,52
"KCAE20130707_103846",1388.12,"2013","07","07",0.535436172,1310.76,0.16048321,1567.760477,0.883828478,9769,2.949301903,1563.130008,2.486924196,530,0.870218295,77.36,0.012824516,125.3468231,0.146754229,9774,1.338814732,120.4933259,0.755251442,90
"KCAE20130707_104302",1102.69,"2013","07","07",0.519252954,1042.23,0.123176191,1203.800912,0.969754223,9773,3.155508579,1199.09326,3.828219139,380,0.878515045,60.46,0.010250516,100.1782891,0.128035445,9773,1.305709218,95.31677292,0.714547095,73
"KCAE20130707_104719",584.95,"2013","07","07",0.525093176,536.28,0.066025251,645.6609249,0.556070266,9779,2.704129098,640.8785963,2.376709852,237,0.88162865,48.67,0.008885548,86.79402827,0.130252386,9768,1.437315773,81.92699905,0.932715336,57
"KCAE20130707_105344",233.9,"2013","07","07",0.480714533,203.99,0.024115251,235.6542318,0.29428085,9772,2.404216085,230.8047442,1.768009463,96,0.86688774,29.91,0.005687623,55.57376189,0.10537314,9771,1.490991229,50.6937018,1.003191182,34
"KCAE20130707_105800",88.84,"2013","07","07",0.53355157,61.87,0.010079166,98.58432708,0.146112424,9781,1.441766029,93.71479192,1.080133554,65,0.869076792,26.97,0.00521778,50.98814851,0.089809867,9772,1.246191643,46.10909079,0.774845646,37
"KCAE20130707_110217",39.9,"2013","07","07",0.518899606,24.62,0.003335893,32.58833468,0.085598299,9769,1.846650294,27.69975441,1.210823511,15,0.877978077,15.28,0.002638784,25.79147648,0.066650698,9774,1.306305716,20.90089146,1.038505409,16
"KCAE20130707_110633",20.35,"2013","07","07",0.521294697,12.72,0.002144943,20.97325465,0.046699671,9778,1.148547321,16.0796625,0.472028489,14,0.878276597,7.63,0.001085187,10.6033614,0.033427888,9771,1.427066422,5.708265688,0.962671356,4
"KCAE20130707_111049",22.41,"2013","07","07",0.528305279,9.93,0.001597326,15.6090692,0.04000588,9772,1.339434631,10.71547705,0.43226907,8,0.869790701,12.48,0.001218936,11.91144543,0.040041524,9772,1.753962134,7.015848536,1.060284349,4
"KCAE20130707_111505",25.91,"2013","07","07",0.518908101,13.43,0.002365389,23.1145841,0.05277984,9772,1.301714219,18.22399907,0.522491975,14,0.878209423,12.48,0.002305626,22.54671529,0.064296841,9779,1.357855444,17.65212077,1.172730932,13
"KCAE20130707_111922",10.94,"2013","07","07",0.532149706,6.25,0.000946852,9.252639027,0.022619233,9772,1.089260532,4.357042129,0.294101489,4,0.876739255,4.69,0.000637973,6.240013087,0.009581049,9781,0.669451564,1.338903129,0.054439048,2
"KCAE20130707_112339",8.54,"2013","07","07",0.526077438,4.53,0.000638141,6.23399884,0.009586931,9769,0.669451564,1.338903129,0.054439048,2,0.878090033,4.01,0.000501187,4.897601647,0,9772,NA,0,NA,0
"KCAE20130707_112754",16.78,"2013","07","07",0.520839664,6.99,0.001133747,11.07670766,0.027760429,9770,1.030519251,6.183115507,0.483049128,6,0.878449048,9.79,0.001250272,12.22016291,0.033923178,9774,1.220761003,7.324566016,0.680863081,6
"KCAE20130707_113211",14.98,"2013","07","07",0.526199341,8.12,0.00141739,13.84506968,0.033333659,9768,1.119185284,8.953482275,0.348261136,8,0.879688138,6.86,0.001066143,10.42261823,0.025457439,9776,0.92100316,5.52601896,0.500833476,6
"KCAE20130707_113628",18.35,"2013","07","07",0.533426752,12.26,0.001930772,18.87136935,0.040134144,9774,0.998555854,13.97978195,0.37377975,14,0.869050124,6.09,0.000931176,9.105970988,0.021737279,9779,1.051716445,4.206865779,0.259351588,4
"KCAE20130707_114045",15.17,"2013","07","07",0.523792852,9.4,0.001590877,15.55877536,0.036151631,9780,1.066217609,10.66217609,0.399258822,10,0.878236249,5.77,0.000940152,9.191869871,0.017909939,9777,0.715794902,4.294769411,0.116465389,6
"KCAE20130707_114502",22.51,"2013","07","07",0.534263024,16.92,0.002772196,27.1009881,0.066524125,9776,1.388087544,22.2094007,0.912978581,16,0.872430959,5.59,0.000914248,8.935857664,0.025527738,9774,1.346252401,4.038757204,0.684563586,3
"KCAE20130707_114918",15.34,"2013","07","07",0.483866132,6.66,0.001021722,9.984266939,0.031593554,9772,1.27216751,5.088670041,1.046749994,4,0.877765401,8.68,0.001622222,15.85235329,0.040179559,9772,0.913397158,10.96076589,0.72525888,12
"KCAE20130707_115334",24.5,"2013","07","07",0.476129742,16.4,0.003147325,30.77454135,0.066707333,9778,1.362287113,25.88345514,0.680688824,19,0.887524719,8.1,0.001250151,12.22147177,0.035548176,9776,1.220812083,7.324872497,0.82739757,6
"KCAE20130707_115752",15.65,"2013","07","07",0.534657108,9.45,0.001616537,15.80649817,0.037142748,9778,0.991945678,10.91140246,0.518437042,11,0.870647959,6.2,0.000999603,9.771119656,0.022864398,9775,0.974904077,4.874520384,0.301985803,5
"KCAE20130707_120209",24.55,"2013","07","07",0.523727117,10.8,0.00168466,16.44902437,0.065737496,9764,2.889359241,11.55743697,1.714806099,4,0.878180446,13.75,0.00254446,24.85173783,0.04987938,9767,0.998333293,19.96666586,0.482577665,20
"KCAE20130707_120625",73.44,"2013","07","07",0.472187979,62.9,0.010431254,102.0072296,0.379722206,9779,3.735351944,97.11915055,6.475081455,26,0.922390425,10.54,0.001863933,18.20689872,0.038838285,9768,1.024447481,13.31781726,0.305606685,13
"KCAE20130707_121042",208.51,"2013","07","07",0.536415649,172.61,0.028754674,281.0194308,1.40379635,9773,8.121716716,276.1383683,22.71196163,34,0.873996299,35.9,0.006609143,64.58454477,0.126289495,9772,1.388569632,59.70849418,1.321552465,43
"KCAE20130707_121458",131.63,"2013","07","07",0.525962448,102.94,0.019076377,186.3952811,0.400427911,9771,3.424995163,181.5247436,4.270602282,53,0.878486618,28.69,0.005415019,52.9155682,0.105857993,9772,1.455591083,48.03450574,1.11605452,33
"KCAE20130707_121914",98.06,"2013","07","07",0.472279954,64.52,0.012889475,125.9043873,0.205903168,9768,2.161372444,121.0368569,1.673849817,56,0.922429682,33.54,0.006883659,67.26711992,0.196300317,9772,2.599231115,62.38154677,3.056215609,24
"KCAE20130707_122331",270.58,"2013","07","07",0.532054946,71.87,0.014127551,138.0968078,0.275269509,9775,2.896103418,133.2207572,2.815574526,46,0.875972854,198.71,0.044023984,430.4224929,2.022347741,9777,10.91133158,425.5419316,30.50387627,39
"KCAE20130707_122747",189.83,"2013","07","07",0.528986694,157.91,0.034340604,335.4390182,1.015651692,9768,7.186227737,330.5664759,13.09038968,46,0.867728574,31.92,0.006826432,66.72837334,0.163448119,9775,2.061476792,61.84430375,2.150202024,30
"KCAE20130707_123204",44.18,"2013","07","07",0.522305119,29.59,0.006190734,60.52680551,0.165520245,9777,2.928222131,55.63622049,2.418558323,19,0.878318018,14.59,0.002847482,27.85406473,0.052514059,9782,0.99839037,22.96297852,0.432969037,23
"KCAE20130707_123620",28.53,"2013","07","07",0.482724095,14.68,0.002935552,28.67153935,0.070643335,9767,1.321414723,23.78546501,1.011355789,18,0.877709238,13.85,0.002621844,25.63377132,0.075213426,9777,2.073867561,20.73867561,1.171840919,10
"KCAE20130707_124037",15.16,"2013","07","07",0.526195174,6.75,0.001157782,11.32079146,0.031039608,9778,1.284537726,6.422688628,0.543182242,5,0.877772495,8.41,0.001421431,13.89448333,0.036443652,9775,1.285555205,8.998886432,0.488188732,7
"KCAE20130707_124453",15.71,"2013","07","07",0.524761378,10.89,0.001777886,17.36639505,0.054860251,9768,2.078967545,12.47380527,0.835584908,6,0.878191998,4.82,0.000725412,7.090900317,0.01323338,9775,0.731099557,2.19329867,0.235388245,3
"KCAE20130707_124910",9.8,"2013","07","07",0.525775078,4.54,0.000639945,6.252266458,0.009838691,9770,0.67833478,1.35666956,0.164039517,2,0.878522908,5.26,0.000821354,8.03283776,0.016072331,9780,0.783307841,3.133231364,0.159129983,4
"KCAE20130707_125545",8.34,"2013","07","07",0.480270807,4.33,0.000592322,5.789353772,0.009009891,9774,0.891250938,0.891250938,NA,1,0.925737439,4.01,0.000501187,4.901611145,0,9780,NA,0,NA,0
"KCAE20130708_100159",2972.5,"2013","07","08",0.532417777,2959.21,0.319273236,3121.534432,2.653308846,9777,8.267435733,3116.823272,10.82402661,377,0.869309515,13.29,0.001659516,16.2167855,0.048992405,9772,1.88703183,11.32219098,0.649926588,6
"KCAE20130708_100616",4368.69,"2013","07","08",0.533713267,4341.71,0.473088134,4621.597985,3.929581685,9769,8.4405412,4616.976036,14.45279752,547,0.868459233,26.98,0.003799239,37.12996166,0.088512762,9773,1.69691481,32.24138139,1.105203879,19
"KCAE20130708_101033",12973.3,"2013","07","08",0.525540436,12909.07,1.390136424,13580.24273,12.08748812,9769,12.62873061,13575.8854,34.44977142,1075,0.878643318,64.23,0.007167634,70.00628587,0.134949953,9767,2.245714641,65.12572459,1.070696544,29
"KCAE20130708_101449",13874.31,"2013","07","08",0.536867653,13832.82,1.524852721,14894.76138,9.2155814,9768,10.86108892,14890.55291,22.44971875,1371,0.869326783,41.49,0.005492835,53.70344435,0.117758827,9777,1.952634658,48.81586645,1.299649872,25
"KCAE20130708_101907",9209.65,"2013","07","08",0.526317752,9166.91,1.01429937,9910.719148,4.771609188,9771,6.630904164,9906.570821,10.57011028,1494,0.864429181,42.74,0.008116124,79.26206905,0.119172771,9766,1.403661084,74.39403745,0.819249583,53
"KCAE20130708_102325",6583.06,"2013","07","08",0.529341341,6436.19,0.714254608,6985.410069,3.39574238,9780,5.026065232,6981.204607,7.717250546,1389,0.877812623,146.87,0.028692216,280.2368772,0.264438468,9767,1.53872343,275.4314941,1.225064239,179
"KCAE20130708_102742",5608.53,"2013","07","08",0.531858021,5365.58,0.621575394,6070.926872,2.713036356,9767,4.314890786,6066.736445,5.934369502,1406,0.875077664,242.95,0.04501299,440.1370209,0.336290352,9778,1.533023765,435.3787493,1.272231563,284
"KCAE20130708_103158",5118.26,"2013","07","08",0.532676491,4571.9,0.600206788,5867.621564,2.876457147,9776,4.179205362,5863.425123,6.536178935,1403,0.878033181,546.36,0.091145665,890.3108527,0.832239137,9768,2.426296409,885.5981892,3.592292113,365
"KCAE20130708_103615",5126.12,"2013","07","08",0.534483683,4507.3,0.647448679,6330.105736,2.924193448,9777,4.350711386,6325.934355,6.435115932,1454,0.870078734,618.82,0.105088832,1026.822973,0.673435031,9771,1.973331058,1022.185488,2.20849159,518
"KCAE20130708_104032",4512.4,"2013","07","08",0.528885242,3799.54,0.552314859,5397.773119,2.043805674,9773,3.504643498,5393.646344,4.023459221,1539,0.878109707,712.86,0.126195282,1233.180299,0.641083199,9772,1.867192216,1228.612478,1.690390109,658
"KCAE20130708_104448",3547.29,"2013","07","08",0.53399436,2922.36,0.440817778,4310.757053,1.75317499,9779,3.069536072,4306.559109,3.655550854,1403,0.86902311,624.93,0.115843772,1131.446124,0.581302313,9767,1.704814392,1126.882313,1.512571464,661
"KCAE20130708_104906",3407.57,"2013","07","08",0.532584264,2812.11,0.430354963,4210.592959,1.474112576,9784,2.806164525,4206.440622,2.742463787,1499,0.869579719,595.46,0.119741221,1171.428362,0.564264246,9783,1.591940815,1166.892617,1.381559599,733
"KCAE20130708_105322",3146.56,"2013","07","08",0.535128122,2305.89,0.366456332,3580.64482,2.221260916,9771,2.941083193,3576.357163,5.665502017,1216,0.867210011,840.67,0.167989129,1641.085804,0.736169042,9769,1.840984546,1636.635261,1.696704376,889
"KCAE20130708_105740",3315.58,"2013","07","08",0.53662446,2598.58,0.410965195,4016.362853,1.644352451,9773,2.86788128,4012.165911,3.442417129,1399,0.86902547,717,0.142582634,1393.174913,0.640567436,9771,1.679192617,1388.692294,1.506904904,827
"KCAE20130708_110156",2522.69,"2013","07","08",0.528963716,1847.69,0.309062939,3021.39929,1.219305517,9776,2.346146354,3017.144211,2.554874661,1286,0.867505365,675,0.140271202,1371.712082,0.642751734,9779,1.663288257,1367.222948,1.544274197,822
"KCAE20130708_110613",2681.04,"2013","07","08",0.522994855,1950.03,0.336781028,3291.697764,1.796767446,9774,2.550384167,3287.445191,4.341338818,1289,0.878866909,731.01,0.154298936,1508.117802,1.019888785,9774,1.787919972,1503.640697,3.029600307,841
"KCAE20130708_111029",2218.21,"2013","07","08",0.53544472,1569.96,0.288760888,2823.215202,1.053725302,9777,2.242597523,2818.945087,2.063507493,1257,0.878017047,648.25,0.14135838,1381.495452,0.577954885,9773,1.597481871,1377.029373,1.209555207,862
"KCAE20130708_111704",2212.44,"2013","07","08",0.482450778,1465,0.27006952,2639.389416,1.011328741,9773,2.311458479,2635.062666,2.013266268,1140,0.868566738,747.44,0.159651095,1560.58945,0.627393396,9775,1.687800911,1556.15244,1.263338448,922
"KCAE20130708_112121",1875.21,"2013","07","08",0.535787509,1276.26,0.249278781,2436.450802,1.018896501,9774,2.118578015,2432.127561,2.209700036,1148,0.86859139,598.95,0.129299373,1263.513468,0.546679646,9772,1.563999158,1259.019323,1.17732083,805
"KCAE20130708_112539",1815.71,"2013","07","08",0.531669034,1308.8,0.249961232,2444.870813,0.910565983,9781,2.144586161,2440.539052,1.751006715,1138,0.8689704,506.91,0.107657479,1052.459512,0.474258749,9776,1.433551673,1047.926273,1.053144478,731
"KCAE20130708_112955",1652.52,"2013","07","08",0.481930839,1223.29,0.231769271,2264.617542,0.92920824,9771,2.196536602,2260.236164,1.971555067,1029,0.878661878,429.23,0.092300098,901.4950577,0.496351433,9767,1.492348046,896.9011756,1.384867722,601
"KCAE20130708_113412",1629.9,"2013","07","08",0.529638235,1158.94,0.217351593,2124.611819,0.870293326,9775,2.105479055,2120.217409,1.838575541,1007,0.876275234,470.96,0.098274442,959.9447463,0.45180715,9768,1.476620429,955.3734176,1.023974698,647
"KCAE20130708_113828",1637.65,"2013","07","08",0.534210767,1277.67,0.225185815,2201.866902,0.931582964,9778,2.190896295,2197.468984,2.039123006,1003,0.870137029,359.98,0.076235545,745.0499856,0.391323372,9773,1.421138198,740.4130013,0.981553946,521
"KCAE20130708_114246",1523.64,"2013","07","08",0.530292493,1115.95,0.203661658,1992.218339,0.799690669,9782,2.040866408,1987.803881,1.635894312,974,0.87627405,407.69,0.084567071,826.4739845,0.412027153,9773,1.412143596,821.8675726,0.988968554,582
"KCAE20130708_114702",1500.92,"2013","07","08",0.526665883,1168.41,0.215052098,2102.564364,0.830745388,9777,2.085654523,2098.16845,1.675961822,1006,0.879321803,332.51,0.071618848,700.5755741,0.419175177,9782,1.486981872,695.9075162,1.253661439,468
"KCAE20130708_115118",1504.67,"2013","07","08",0.531770376,1062.34,0.196326582,1918.699685,0.776402948,9773,2.017151959,1914.277209,1.593061874,949,0.869418109,442.33,0.09393236,918.1888229,0.493791461,9775,1.614087261,913.5733897,1.326951826,566
"KCAE20130708_115535",1672.97,"2013","07","08",0.48205268,1185.57,0.218293722,2134.039426,0.874997147,9776,2.193230147,2129.626473,1.838595325,971,0.878429464,487.4,0.104595877,1021.901716,0.500999732,9770,1.614795023,1017.320864,1.206860287,630
"KCAE20130708_115952",1974.97,"2013","07","08",0.535993782,1364.46,0.246599736,2408.539621,1.088694686,9767,2.327359392,2404.162252,2.523879118,1033,0.868172345,610.51,0.130087538,1271.085332,0.589384215,9771,1.735005615,1266.554099,1.366718448,730
"KCAE20130708_120409",2051.2,"2013","07","08",0.52556093,1402.45,0.254815626,2490.822744,0.946030859,9775,2.2043342,2486.488978,1.860514222,1128,0.878741017,648.75,0.139349618,1362.003166,0.650605439,9774,1.781478303,1357.486467,1.58352548,762
"KCAE20130708_120825",2517.94,"2013","07","08",0.52937382,1672.89,0.310880138,3037.609825,1.240044172,9771,2.515188356,3033.317157,2.63055596,1206,0.878405824,845.05,0.175817909,1718.620058,0.714347057,9775,1.823608583,1714.192068,1.517992145,940
"KCAE20130708_121242",2439.89,"2013","07","08",0.526648178,1658.18,0.307020917,2999.287334,1.039520453,9769,2.384570642,2995.020727,1.858399944,1256,0.912347677,781.71,0.163293748,1596.196386,0.702972773,9775,1.906246434,1591.715772,1.570283371,835
"KCAE20130708_121658",2871.27,"2013","07","08",0.526623598,1882.93,0.340355037,3326.970488,1.168472545,9775,2.441405951,3322.753499,2.163343618,1361,0.866001335,988.34,0.20286745,1981.812122,0.770320849,9769,1.932970419,1977.428739,1.52474898,1023
"KCAE20130708_122115",2918.74,"2013","07","08",0.537279451,1916.21,0.348230517,3402.908615,1.194884966,9772,2.502718428,3398.691625,2.210308203,1358,0.870440315,1002.53,0.205941792,2013.081012,0.764382709,9775,1.89501242,2008.713165,1.479734266,1060
"KCAE20130708_122533",3251.24,"2013","07","08",0.52636642,2048.35,0.362405364,3543.237245,1.197766363,9777,2.566372933,3539.028275,2.125712038,1379,0.909034648,1202.89,0.24833843,2427.756492,0.942425946,9776,2.175417601,2423.415208,1.898784806,1114
"KCAE20130708_122950",2944.42,"2013","07","08",0.522411423,1849.15,0.324452809,3171.526208,1.050953433,9775,2.328903469,3167.308718,1.80915538,1360,0.879005395,1095.27,0.222384828,2174.701228,0.808141036,9779,1.943025913,2170.359945,1.541680675,1117
"KCAE20130708_123407",3265.52,"2013","07","08",0.537160196,1997.01,0.347558491,3397.73181,1.315210581,9776,2.44843207,3393.52685,2.657416153,1386,0.869040752,1268.51,0.256388492,2506.197508,0.928901124,9775,2.13836307,2501.884792,1.785357042,1170
"KCAE20130708_123825",3089.2,"2013","07","08",0.526682806,1940.67,0.33965239,3321.121066,1.106162027,9778,2.469764372,3316.893552,1.910665376,1343,0.888056277,1148.53,0.230895513,2256.541846,0.887272733,9773,1.97044322,2252.2166,1.818419487,1143
"KCAE20130708_124243",3810.91,"2013","07","08",0.53308742,2351.43,0.406145905,3972.106948,1.343894784,9780,2.595141695,3967.971652,2.42386671,1529,0.87745654,1459.48,0.282335713,2760.113933,0.994400046,9776,2.048987675,2755.888423,1.889492136,1345
"KCAE20130708_124658",3773.04,"2013","07","08",0.481915013,2255.07,0.365096618,3569.184539,1.204596756,9776,2.587064999,3564.975569,2.132897222,1378,0.878725506,1517.97,0.296154301,2893.723679,0.960701393,9771,2.019247923,2889.543778,1.680716458,1431
"KCAE20130708_125116",3965.13,"2013","07","08",0.5300982,2538.71,0.414038246,4046.809821,1.333362925,9774,2.707742458,4042.65949,2.330593341,1493,0.867681907,1426.42,0.27903205,2727.259258,0.986247665,9774,2.083409109,2723.015706,1.875505054,1307
"KCAE20130708_125533",3238.03,"2013","07","08",0.518638033,1978.1,0.317562039,3099.723062,1.141509389,9761,2.429724871,3095.469486,2.203496368,1274,0.878667649,1259.93,0.255388378,2495.910615,0.884445383,9773,1.924062972,2491.661549,1.641660936,1295
"KCAE20130708_125949",2903.6,"2013","07","08",0.53444482,1795.45,0.294520274,2880.702796,0.995692533,9781,2.25249859,2876.440699,1.784900977,1277,0.868487163,1108.15,0.227147671,2220.595636,0.801150889,9776,1.853089841,2216.29545,1.495157944,1196
"KCAE20130709_100315",1507.03,"2013","07","09",0.52325114,1453.46,0.175099862,1711.075855,1.557913344,9772,5.883874473,1706.323597,6.953863845,290,1.458777152,53.57,0.007621231,74.46704802,0.31677356,9771,3.662077375,69.57947012,6.351443833,19
"KCAE20130709_100901",3218.13,"2013","07","09",0.482707505,3195.28,0.399310309,3901.661029,2.350060471,9771,4.633989807,3897.185427,6.677615012,841,1.459706494,22.85,0.003919123,38.30942353,0.072368826,9775,1.237920384,33.42385038,0.618946881,27
"KCAE20130709_101447",11276.45,"2013","07","09",0.495200671,11249.51,1.42569823,13927.64601,6.475391912,9769,6.540073715,13923.81694,12.60990985,2129,1.450213299,26.94,0.005347934,52.26536005,0.219600519,9773,2.960954763,47.37527621,4.699288809,16
"KCAE20130709_102032",17118.94,"2013","07","09",0.483698274,17027.86,2.08248738,20354.23165,7.155950771,9774,7.088391487,20350.77196,11.78473252,2871,1.461466051,91.08,0.018300912,178.8548122,0.372973626,9773,3.782168782,173.979764,3.957064739,46
"KCAE20130709_102618",23626.42,"2013","07","09",0.483546088,21781.31,2.623039176,25616.60059,9.508630472,9766,6.920713562,25613.56089,14.4523678,3701,1.461321893,1845.11,0.329789539,3222.70337,13.58252286,9772,35.75389862,3217.850876,137.7432199,90
"KCAE20130709_103204",17997.98,"2013","07","09",0.525413021,17644.49,2.362811181,23091.75367,18.40252247,9773,5.998645008,23088.78464,28.95160273,3849,1.456170589,353.49,0.072098484,704.8347817,1.890277599,9776,6.541951424,699.9888024,16.93468522,107
"KCAE20130709_103750",19166.06,"2013","07","09",0.525164244,18051.5,2.491182515,24348.8179,19.77801298,9774,6.121677777,24345.91252,30.64744823,3977,1.461286446,1114.56,0.24489417,2393.840516,5.753590995,9775,12.77558894,2389.035132,39.73173056,187
"KCAE20130709_104336",25405.94,"2013","07","09",0.483648638,21833.8,3.342436174,32655.60142,28.90488713,9770,7.936987532,32652.76671,44.13556601,4114,1.463043825,3572.14,0.806502983,7874.695125,15.63965005,9764,36.77527471,7869.908787,99.41022233,214
"KCAE20130709_104921",19361.73,"2013","07","09",0.484107769,16310.81,2.717313655,26482.93888,23.91440088,9746,7.699848181,26479.77789,39.78280086,3439,1.459940367,3050.92,0.661077873,6443.52603,15.93839927,9747,29.53555145,6438.750217,102.7252851,218
"KCAE20130709_105507",23763.95,"2013","07","09",0.489340489,14161.57,2.571616805,25065.549,26.01616492,9747,8.827786826,25062.0868,47.63507564,2839,1.450207981,9602.38,1.899144347,18528.05225,33.60750309,9756,93.5518278,18523.2619,217.5104447,198
"KCAE20130710_100241",2451.11,"2013","07","10",0.480843706,2437.21,0.282551065,2762.784316,2.379315209,9778,6.694393681,2758.090197,9.573109378,412,0.8682226,13.9,0.001966856,19.22208037,0.054067809,9773,1.592054246,14.32848822,0.850763237,9
"KCAE20130710_100551",7821.82,"2013","07","10",0.480489185,7649.87,0.860883323,8415.995365,8.393478416,9776,12.33348617,8411.437568,29.48795219,682,0.868166749,171.95,0.018208,177.892159,0.405704116,9770,4.805933402,173.0136025,4.719810601,36
"KCAE20130710_101119",6500.91,"2013","07","10",0.484032934,6478.06,0.750027846,7327.77206,4.538802409,9770,8.321950574,7323.316506,12.87907608,880,0.87103588,22.85,0.002787528,27.25644839,0.066081288,9778,1.597346874,22.36285624,0.736199738,14
"KCAE20130710_101430",7267.37,"2013","07","10",0.476628499,7234.05,0.867875876,8483.486692,4.498454549,9775,7.851045249,8479.128869,11.33286751,1080,0.871340777,33.32,0.003945547,38.54010375,0.145729469,9768,3.738779727,33.64901754,3.19698858,9
"KCAE20130710_101743",7469.08,"2013","07","10",0.481613651,7399.56,0.885246348,8653.283053,3.811475121,9775,6.532513232,8649.047519,8.390980395,1324,0.873552185,69.52,0.008820905,86.21552672,0.132789233,9774,1.626839641,81.34198206,0.911992802,50
"KCAE20130710_102056",11547.11,"2013","07","10",0.476203898,11437.99,1.389522729,13586.75324,5.905360756,9778,7.952405539,13582.70866,12.14586235,1708,0.869010179,109.12,0.013026572,127.2956573,0.216013554,9772,2.400463064,122.4236162,1.809504937,51
"KCAE20130710_102407",13977.18,"2013","07","10",0.48017541,13725.02,1.67905522,16416.12289,7.111311152,9777,8.51696345,16412.18857,14.08624194,1927,0.870449957,252.16,0.031067386,303.8079631,0.313333206,9779,2.150910203,298.9765182,1.537799065,139
"KCAE20130710_102717",16182.43,"2013","07","10",0.478498764,15758.19,1.885175605,18425.70637,6.635019477,9774,8.058597321,18421.95348,11.76952429,2286,0.871117662,424.24,0.055416171,541.4714028,0.448055619,9771,2.439475289,536.6845636,1.764878227,220
"KCAE20130710_103030",18039.79,"2013","07","10",0.476734917,17725.29,2.112118654,20624.83866,7.531540554,9765,8.36559026,20621.17999,13.13188448,2465,0.86907224,314.5,0.040440115,395.5852013,0.36501294,9782,2.232973117,390.7702956,1.602049066,175
"KCAE20130710_103341",20241.75,"2013","07","10",0.478087123,19775.04,2.348134572,22945.97104,8.875452363,9772,8.48148952,22942.42915,15.25172938,2705,0.870052966,466.71,0.06601511,644.8355983,0.526416411,9768,2.269791972,640.0813362,2.147820045,282
"KCAE20130710_103653",17382.83,"2013","07","10",0.482929714,16597.37,1.976729246,19320.55165,6.533516651,9774,6.830647242,19317.0704,10.69601002,2828,0.870715404,785.46,0.106300961,1038.879288,0.57562065,9773,2.214593662,1034.21524,1.506716735,467
"KCAE20130710_104005",12960.06,"2013","07","10",0.479857036,12417.36,1.493099748,14586.09144,4.599827904,9769,5.674118052,14582.48339,7.531203291,2570,0.86792639,542.7,0.073802229,720.8263745,0.55001228,9767,2.295152722,716.0876492,2.094252295,312
"KCAE20130710_104317",12681.63,"2013","07","10",0.480447155,12015.51,1.444110022,14106.06669,4.59932298,9768,5.629711204,14102.42657,7.677271638,2505,0.872813607,666.12,0.096683156,944.4010684,0.644724683,9768,2.237418976,939.7159701,2.211175274,420
"KCAE20130710_104628",12723.18,"2013","07","10",0.477447838,11686.77,1.396981963,13647.11679,4.113719777,9769,5.169967158,13643.54333,6.568844123,2639,0.869954916,1036.41,0.1418029,1385.839737,0.781492668,9773,2.484209163,1381.220295,2.219217845,556
"KCAE20130710_104953",7771.41,"2013","07","10",0.480349706,7045.45,0.897278672,8776.282692,3.159167264,9781,4.289684845,8772.405508,5.761554294,2045,0.870904592,725.96,0.111720275,1091.618805,0.656798039,9771,2.102477404,1086.980818,1.993798239,517
"KCAE20130710_105304",6813.22,"2013","07","10",0.478976966,5975.6,0.793268229,7747.850797,2.971075018,9767,4.197225145,7743.880392,5.697099146,1845,0.87342264,837.62,0.130715863,1277.61684,0.798105075,9774,2.314534344,1272.993889,2.505272738,550
"KCAE20130710_105617",5576.88,"2013","07","10",0.477939265,4861.06,0.639604523,6253.413421,2.730443514,9777,4.029200938,6249.290655,5.775548425,1551,0.870371916,715.82,0.111553465,1089.988904,0.842193001,9771,2.40646971,1085.317839,3.140969144,451
"KCAE20130710_105928",3429.2,"2013","07","10",0.478304833,2932.03,0.404436799,3950.53865,1.772989703,9768,3.375730489,3946.228941,4.031004285,1169,0.87129488,497.17,0.080158818,783.0714965,0.677989123,9769,2.256082052,778.348308,2.851355914,345
"KCAE20130710_110239",3513.37,"2013","07","10",0.478416625,2962.16,0.39467275,3860.294171,2.51416995,9781,3.617191674,3855.926324,6.810362196,1066,0.870521237,551.21,0.087285145,853.2122879,0.796744959,9775,2.356926695,848.4936101,3.452500238,360
"KCAE20130710_110550",1994.63,"2013","07","10",0.476239835,1671.56,0.24344322,2377.953375,1.69312906,9768,3.098487843,2373.441688,5.267204795,766,0.870448677,323.07,0.055572344,543.0529439,0.529096337,9772,2.261658087,538.2746248,2.555795584,238
"KCAE20130710_110901",1637.17,"2013","07","10",0.477917635,1446.67,0.218680914,2137.824613,1.873324033,9776,3.232205743,2133.255791,6.503903893,660,0.872418367,190.5,0.033140472,323.74927,0.342426077,9769,1.980955671,318.933863,1.810189607,161
"KCAE20130710_111214",1075.19,"2013","07","10",0.478524273,927.6,0.141449197,1382.665897,0.92527233,9775,2.614859425,1378.030917,3.070781364,527,0.870590069,147.59,0.023908329,233.6800072,0.319031926,9774,1.830752413,228.8440516,2.165225539,125
"KCAE20130710_111527",738.85,"2013","07","10",0.479509298,659.79,0.099708911,973.8569293,0.795633121,9767,2.472342599,969.158299,3.151421403,392,0.868438171,79.06,0.014700421,143.7407207,0.193747819,9778,1.596364543,138.8837153,1.309236981,87
"KCAE20130710_111838",488.15,"2013","07","10",0.477117324,424.17,0.072450658,708.1327356,0.493431206,9774,2.074938153,703.404034,1.69515261,339,0.86816583,63.98,0.011004909,107.550971,0.157809024,9773,1.488223915,102.6874501,1.161376407,69
"KCAE20130710_112149",334.63,"2013","07","10",0.476461183,304.68,0.047332885,462.726285,0.400714255,9776,2.129927599,457.9344338,1.696785088,215,0.875251914,29.95,0.005405433,52.84351506,0.098860718,9776,1.410616148,47.96094903,0.923827637,34
"KCAE20130710_112515",242.14,"2013","07","10",0.481267076,225.9,0.035561937,347.6890588,0.294934291,9777,1.804653562,342.8841768,1.136113256,190,0.869862242,16.24,0.002893541,28.26121502,0.060738761,9767,1.23029694,23.37564187,0.63896813,19
"KCAE20130710_112826",164.07,"2013","07","10",0.482359897,144.84,0.022293987,217.8568419,0.251179421,9772,1.919052901,213.014872,1.389999399,111,0.874337327,19.23,0.002808748,27.4442813,0.060902706,9771,1.326805942,22.55570102,0.631757934,17
"KCAE20130710_113149",152.07,"2013","07","10",0.474743344,144.17,0.020857876,203.7188713,0.264550105,9767,2.071582183,198.8718896,1.703735614,96,0.87795524,7.9,0.001283887,12.55513147,0.030917135,9779,1.093932832,7.657529822,0.40483142,7
"KCAE20130710_113459",145.75,"2013","07","10",0.478509252,117.5,0.018104737,176.8470703,0.231647481,9768,1.791662368,171.9995873,1.518783439,96,0.870010776,28.25,0.003737809,36.52586482,0.081828032,9772,1.506608958,31.63878811,0.945825571,21
"KCAE20130710_113811",143.5,"2013","07","10",0.48114891,129.71,0.020650713,201.8607156,0.229281777,9775,1.807488439,197.0162398,1.224298916,109,0.870306458,13.79,0.002609042,25.49555488,0.054009368,9772,1.030398849,20.60797698,0.621193937,20
"KCAE20130710_114121",254.62,"2013","07","10",0.475483819,227.56,0.0302391,295.5569624,0.429048484,9774,2.289149679,290.7220092,3.011180261,127,0.877629456,27.06,0.003627799,35.46899255,0.120336706,9777,2.547908268,30.57489921,2.408124191,12
"KCAE20130710_114446",93.01,"2013","07","10",0.47793141,76.83,0.012040392,117.6707495,0.191252783,9773,1.524455872,112.8097345,1.599989188,74,0.869967987,16.18,0.002023403,19.77876682,0.061199981,9775,1.353197697,14.88517467,1.284635826,11
"KCAE20130710_114811",202.89,"2013","07","10",0.480198261,159.68,0.022598749,220.85757,0.378531551,9773,2.097195043,216.0110895,3.055312634,103,0.874206537,43.21,0.006130613,59.90834856,0.158062707,9772,2.116299146,55.02377779,2.263050599,26
"KCAE20130710_115136",97.48,"2013","07","10",0.479579648,86.71,0.012654726,123.6366696,0.188799246,9770,2.04774378,118.7691392,1.367356944,58,0.870820216,10.77,0.00177838,17.38189038,0.047541509,9774,1.387533005,12.48779705,0.773798648,9
"KCAE20130710_115514",96.78,"2013","07","10",0.481226133,85.52,0.012983014,126.8570258,0.17078509,9771,1.626633525,121.9975143,1.091529037,75,0.876090252,11.26,0.001728212,16.88981864,0.04288735,9773,0.999810837,11.99773005,0.738866388,12
"KCAE20130710_115838",71.11,"2013","07","10",0.476909174,52.92,0.008861421,86.59380592,0.133997761,9772,1.602387545,81.72176482,0.951390328,51,0.876120576,18.19,0.003267416,31.90958748,0.083615592,9766,1.58961842,27.02351314,1.260391627,17
"KCAE20130710_120202",126.1,"2013","07","10",0.480678,104.17,0.01416264,138.3689889,0.300734978,9770,2.301749283,133.5014584,3.184925081,58,0.873788233,21.93,0.003850146,37.63133018,0.0782942,9774,1.259452193,32.74575703,0.86738766,26
"KCAE20130710_120525",511.18,"2013","07","10",0.477611378,496.73,0.066992274,654.2465449,2.922526567,9766,6.494020691,649.4020691,28.28981309,100,0.876946855,14.45,0.002233795,21.83087695,0.062430037,9773,1.303022273,16.93928955,1.156881785,13
"KCAE20130710_120849",150.07,"2013","07","10",0.477483371,143.36,0.018765247,183.2426393,0.244953455,9765,2.14927885,178.3901445,1.584557458,83,0.875916264,6.71,0.000943971,9.224481132,0.02234555,9772,1.082221058,4.328884234,0.258415295,4
"KCAE20130710_121424",160.06,"2013","07","10",0.481556701,138.38,0.019140501,187.0218357,0.241153054,9771,2.093888949,182.1683386,1.487581694,87,0.877616814,21.68,0.003365704,32.90649025,0.068590794,9777,1.273518581,28.01740879,0.704432595,22
"KCAE20130710_121736",73.02,"2013","07","10",0.476272049,56.95,0.008377162,81.87838277,0.147237983,9774,1.974341668,76.99932505,1.262095012,39,0.876032038,16.07,0.002610173,25.50139463,0.060896279,9770,1.472272284,20.61181198,0.676236785,14
"KCAE20130710_122047",168.3,"2013","07","10",0.479543783,149.34,0.020015425,195.6707979,0.28281589,9776,2.008618993,190.8188043,2.069236216,95,0.869127047,18.96,0.003045726,29.7780662,0.062515444,9777,1.244399118,24.88798236,0.620866844,20
"KCAE20130710_122357",126.75,"2013","07","10",0.483381008,109,0.0141949,138.6841704,0.177671595,9770,1.760863965,133.8256613,0.997980107,76,0.876559099,17.75,0.002784351,27.22538439,0.076745176,9778,1.595128017,22.33179224,1.301953436,14
"KCAE20130710_122709",173.68,"2013","07","10",0.477115477,151.15,0.020378132,199.1351074,0.24937735,9772,2.023808539,194.2856198,1.516602866,96,0.875426271,22.53,0.00314046,30.67287131,0.065742953,9767,1.289389967,25.78779934,0.690283212,20
"KCAE20130710_123020",184.67,"2013","07","10",0.480162881,167.81,0.021331123,208.3624106,0.3050159,9768,2.481803794,203.5079111,2.244459221,82,0.871722341,16.86,0.002548613,24.89485237,0.070196495,9768,1.538905454,20.00577091,1.204206774,13
"KCAE20130710_123332",198.83,"2013","07","10",0.476223199,183.99,0.02483335,242.6466609,0.370129348,9771,2.451527583,237.7981756,2.816437683,97,0.871521789,14.84,0.002518464,24.61043004,0.054845365,9772,1.160079328,19.72134858,0.640922498,17
"KCAE20130710_123643",140.25,"2013","07","10",0.476389259,125.76,0.018217051,178.0898902,0.235709336,9776,1.991194104,173.2338871,1.530267125,87,0.869479674,14.49,0.002617276,25.560316,0.061435742,9766,1.378215952,20.67323928,0.775923087,15
"KCAE20130710_123955",116.26,"2013","07","10",0.480482584,106.84,0.014325098,139.9275562,0.194152351,9768,1.957486105,135.0665412,1.247229566,69,0.871633523,9.42,0.001499871,14.66724074,0.033115505,9779,0.977114265,9.771142654,0.364377042,10
"KCAE20130710_124306",204.41,"2013","07","10",0.474842837,193.75,0.025868414,252.837881,0.271063482,9774,2.066661829,247.9994195,1.334992377,120,0.878628136,10.66,0.001859809,18.18335028,0.042986813,9777,1.107438078,13.28925694,0.554245986,12
"KCAE20130710_124618",81.09,"2013","07","10",0.477073231,65.79,0.009836874,96.11609383,0.155525202,9771,1.72161427,91.2455563,1.241672351,53,0.868727178,15.3,0.002699998,26.39247777,0.067438994,9775,1.343836973,21.50139156,1.020678543,16
"KCAE20130710_124929",74.84,"2013","07","10",0.478659116,59.21,0.009087309,88.8647932,0.148877023,9779,1.749744588,83.98774023,1.225363123,48,0.870523989,15.63,0.002333819,22.80374227,0.053481737,9771,1.194277308,17.91415962,0.686678812,15
"KCAE20130710_125240",117.34,"2013","07","10",0.474925878,103.16,0.015347147,150.0951,0.19092418,9780,1.708659879,145.2360897,1.147494896,85,0.921874532,14.18,0.002151571,21.04236444,0.057136594,9780,1.242097594,16.14726872,0.996275,13
"KCAE20130710_125551",87.54,"2013","07","10",0.478389882,62.11,0.010771748,105.2507539,0.157669588,9771,1.6191085,100.384727,1.15571843,62,0.878343497,25.43,0.003608003,35.25379881,0.078093892,9771,1.598222153,30.36622091,0.78798786,19
"KCAE20130710_125902",71.02,"2013","07","10",0.478918385,61.32,0.009937577,97.14975405,0.144905561,9776,1.591020974,92.27921651,1.020806132,58,0.877914702,9.7,0.001807392,17.65279678,0.039196354,9767,0.981862808,12.76421651,0.456506721,13
"KCAE20130711_100214",11063.49,"2013","07","11",0.478221257,11054.22,1.248732031,12200.11194,9.975066218,9770,19.7979287,12195.52408,34.82413571,616,1.501530513,9.27,0.001354157,13.23417889,0.032670221,9773,1.191369195,8.339584363,0.291554328,7
"KCAE20130711_100709",11077.39,"2013","07","11",0.47748938,11048.28,1.242355763,12142.78523,8.519686739,9774,15.36491464,12138.28256,26.11167869,790,1.498224377,29.11,0.00404175,39.4919351,0.100575775,9771,2.162678352,34.60285363,1.268874212,16
"KCAE20130711_101204",24362.34,"2013","07","11",0.476392952,24356.99,2.716261077,26535.15446,15.43981864,9769,19.01860754,26530.95752,36.88040034,1395,1.503099192,5.35,0.000797821,7.797899511,0.021260389,9774,1.450148932,2.900297864,0.464046572,2
"KCAE20130711_101659",16060.48,"2013","07","11",0.477829378,15674.87,1.786478535,17455.68176,9.008754597,9771,11.92858366,17451.5179,20.52529452,1463,1.504269226,385.61,0.051605715,504.342656,2.60947731,9773,41.62088062,499.4505674,64.51189715,12
"KCAE20130711_102152",16222.01,"2013","07","11",0.477815332,16207.12,1.842783167,18007.67711,8.288000947,9772,11.0113755,18003.59895,17.59950242,1635,1.506351248,14.89,0.002190532,21.40150184,0.061386889,9770,1.83437925,16.50941325,0.906429514,9
"KCAE20130711_102647",19261.58,"2013","07","11",0.478348896,19246.15,2.235669175,21855.90185,7.894166769,9776,10.5923588,21852.0362,14.38279373,2063,1.50576398,15.43,0.002179831,21.29695347,0.063454032,9770,1.822762765,16.40486489,1.088337868,9
"KCAE20130711_103355",16717.23,"2013","07","11",0.478729136,16709.74,1.970665384,19249.45947,10.75476764,9768,9.121147575,19245.62138,21.68891232,2110,1.50634522,7.49,0.001137641,11.11589093,0.046196825,9771,3.109896422,6.219792844,1.232027901,2
"KCAE20130711_103848",9277.8,"2013","07","11",0.496710763,9267.43,1.129376486,11040.78452,4.399040159,9776,6.439173834,11036.74395,8.730348828,1714,1.501956566,10.37,0.001519129,14.84644834,0.042655061,9773,1.421693403,9.951853819,0.780098552,7
"KCAE20130711_104344",5366.65,"2013","07","11",0.478165005,4899.06,0.602261349,5884.695642,2.619805767,9771,4.77694192,5880.415504,5.878786718,1231,0.927916425,467.59,0.063694822,622.4894924,0.568922183,9773,2.617413855,617.7096698,2.597684976,236
"KCAE20130711_104708",3756.76,"2013","07","11",0.471830761,3307.79,0.415788305,4064.330685,1.829700163,9775,4.14700944,4059.922242,4.239118941,979,0.929792914,448.97,0.057764021,564.5277774,0.589138144,9773,2.930499484,559.7254013,3.064254371,191
"KCAE20130711_105032",2586.25,"2013","07","11",0.471944325,2200.21,0.276486575,2702.932759,1.459508049,9776,3.574055032,2698.411549,3.976956434,755,0.92892742,386.04,0.047440272,463.7761001,0.504958492,9776,2.683989454,458.9621967,2.746772599,171
"KCAE20130711_105410",1595.35,"2013","07","11",0.471454908,1348.25,0.183202012,1790.982871,1.266849721,9776,3.396096747,1786.346889,4.353319542,526,0.928358781,247.1,0.031653348,309.2848634,0.407288736,9771,2.742733285,304.4433947,2.689150329,111
"KCAE20130711_105733",1090.94,"2013","07","11",0.462405961,898.49,0.125569108,1226.935758,0.988063287,9771,3.357750247,1222.22109,3.923615867,364,0.927491545,192.45,0.024308033,237.7325649,0.313423046,9780,2.400820298,232.8795689,2.059795506,97
"KCAE20130711_110056",399.82,"2013","07","11",0.483974905,318.6,0.049168082,480.4704996,0.476031145,9772,2.571165501,475.6656176,2.348415505,185,0.927175651,81.22,0.009788495,95.64338813,0.159316442,9771,1.973246571,90.76934228,1.245462501,46
"KCAE20130711_110420",304.34,"2013","07","11",0.471852173,208.58,0.029596725,289.337579,0.328615829,9776,2.473874862,284.4956091,1.777887397,115,0.928575411,95.76,0.009961453,97.37320745,0.204732479,9775,3.189263334,92.48863667,2.032573258,29
"KCAE20130711_110747",186.52,"2013","07","11",0.471041628,132.18,0.016678143,163.0121691,0.255782424,9774,2.550719979,158.1446387,1.978278357,62,0.928616827,54.34,0.007150453,69.8670759,0.26527274,9771,3.248999959,64.97999918,5.009928917,20
"KCAE20130711_111126",193.75,"2013","07","11",0.471890503,99.38,0.012798385,125.0786129,0.197046452,9773,2.072578946,120.2095789,1.521050767,58,0.928588386,94.37,0.008959276,87.55900463,0.347093887,9773,4.133546277,82.67092554,6.634564485,20
"KCAE20130711_111450",74.46,"2013","07","11",0.471322133,51.72,0.008922456,87.19024369,0.143350876,9772,1.679942862,82.31720022,1.148152719,49,0.927538842,22.74,0.002966209,29.00359537,0.080109218,9778,1.854577079,24.10950203,1.228631241,13
"KCAE20130711_111813",118.29,"2013","07","11",0.467741206,81.49,0.011050956,108.0451929,0.175342356,9777,2.02295384,103.1706458,1.364145556,51,0.92842095,36.8,0.003889048,37.97655038,0.126102183,9765,3.007997282,33.0879701,2.363927016,11
"KCAE20130711_112137",114.69,"2013","07","11",0.467910548,93.92,0.011716166,114.4903788,0.228098755,9772,3.044744996,109.6108199,2.242305677,36,0.927507234,20.77,0.002624867,25.65282393,0.064006637,9773,1.730061279,20.76073534,0.616585406,12
"KCAE20130711_112500",57.25,"2013","07","11",0.461911646,45.18,0.006513626,63.66417623,0.125902206,9774,1.781276103,58.78211139,1.257731871,33,0.927411046,12.07,0.00157959,15.45470511,0.048601806,9784,1.759016056,10.55409634,0.955604866,6
"KCAE20130711_112824",44.61,"2013","07","11",0.472771838,40.6,0.006370515,62.25904634,0.147917624,9773,1.850854204,57.37648031,1.897422425,31,0.92774999,4.01,0.000501187,4.897601647,0,9772,NA,0,NA,0
"KCAE20130711_113148",84.15,"2013","07","11",0.471456288,55.32,0.006256081,61.12190904,0.149887281,9770,2.343222428,56.23733826,1.956878848,24,0.928908827,28.83,0.003237796,31.63974333,0.095800211,9772,2.674715355,26.74715355,1.423379547,10
"KCAE20130711_113513",50.63,"2013","07","11",0.471751333,46.62,0.005938491,58.00717607,0.148205361,9768,2.656080146,53.12160292,1.970536625,20,0.928422558,4.01,0.000501187,4.899105209,0,9775,NA,0,NA,0
"KCAE20130711_113850",30.76,"2013","07","11",0.472154441,21.76,0.004079421,39.83146691,0.091878204,9764,1.747394925,34.94789851,1.0639461,20,0.928085944,9,0.001224294,11.96747392,0.039170093,9775,1.767593366,7.070373462,0.914852102,4
"KCAE20130711_114228",32.09,"2013","07","11",0.472109277,21.37,0.003036123,29.65685392,0.081358303,9768,2.251524553,24.76677008,0.947315547,11,0.92808387,10.72,0.001804508,17.63184714,0.062925091,9771,2.122958968,12.73775381,1.527913939,6
"KCAE20130711_114552",89.18,"2013","07","11",0.471372938,83.81,0.011327907,110.7189653,0.62128296,9774,10.58253731,105.8253731,17.17121514,10,0.927287181,5.37,0.000790154,7.722175549,0.02019876,9773,1.412537545,2.825075089,0,2
"KCAE20130711_114931",37.62,"2013","07","11",0.471124096,21.88,0.002804312,27.41215155,0.084551546,9775,1.876588382,22.51906059,1.58657396,12,0.928100455,15.74,0.001996223,19.50509482,0.083967164,9771,3.652499777,14.60999911,2.277183847,4
"KCAE20130711_115308",213.55,"2013","07","11",0.478498004,48.6,0.0066565,65.02069092,0.151670329,9768,2.863600903,60.13561895,1.6264214,21,0.927341578,164.95,0.021732701,212.5458136,1.425221022,9780,17.30418473,207.6502167,38.46490879,12
"KCAE20130711_115645",398.86,"2013","07","11",0.472065031,368.36,0.049111226,480.3569022,3.147080341,9781,36.57394656,475.4613053,81.39222607,13,0.929817605,30.5,0.002985142,29.18573227,0.089490889,9777,3.036204273,24.28963418,0.813163147,8
"KCAE20130711_120024",27.91,"2013","07","11",0.473675678,13.92,0.002376064,23.22602294,0.07820986,9775,1.83319296,18.3319296,1.707245968,10,0.928031241,13.99,0.001550115,15.14307263,0.053810394,9769,2.562244824,10.2489793,0.825518343,4
"KCAE20130711_120401",63.29,"2013","07","11",0.472629766,32.67,0.005466311,53.38945914,0.106417603,9767,1.865669011,48.50739429,0.903055586,26,0.927995361,30.62,0.003053474,29.83855186,0.100478527,9772,3.563494075,24.94445853,1.281054462,7
"KCAE20130711_120739",44.26,"2013","07","11",0.472024079,19.19,0.003130133,30.5751363,0.07003536,9768,1.71247048,25.68705721,0.53529631,15,0.926809641,25.07,0.002683343,26.23773232,0.101699611,9778,3.556688446,21.34013067,2.248973837,6
"KCAE20130711_121116",205.09,"2013","07","11",0.473258466,187.71,0.025357092,247.6880772,0.999165723,9768,16.18666654,242.7999981,20.40109524,15,0.928555764,17.38,0.002050222,20.03887294,0.073070034,9774,2.52387934,15.14327604,1.673267574,6
"KCAE20130711_121455",48.35,"2013","07","11",0.474212244,16.26,0.00228981,22.37373789,0.062151488,9771,1.74816493,17.4816493,0.896140052,10,0.927548139,32.09,0.003388791,33.10170998,0.091289142,9768,2.351010611,28.21212733,1.17465793,12
"KCAE20130711_121833",29.63,"2013","07","11",0.472894784,14.13,0.002034474,19.88901607,0.066142088,9776,1.874177397,14.99341918,1.449192696,8,0.928255937,15.5,0.001597735,15.61785921,0.051543472,9775,2.144251988,10.72125994,0.866067291,5
"KCAE20130711_122211",37.56,"2013","07","11",0.47300327,10.83,0.001862037,18.21072461,0.045141286,9780,1.210420593,13.31462653,0.61985276,11,0.927847622,26.73,0.0032619,31.88181284,0.095988609,9774,2.698822069,26.98822069,1.386912344,10
"KCAE20130711_122549",42.04,"2013","07","11",0.472498678,38.03,0.006274677,61.31614012,0.130682751,9772,1.820454041,56.43407528,1.466465237,31,0.927346353,4.01,0.000501187,4.896098085,0,9769,NA,0,NA,0
"KCAE20130711_122927",46.52,"2013","07","11",0.471575655,12.01,0.001485189,14.5132632,0.04558117,9772,1.603111446,9.618668676,0.989944884,6,0.927552876,34.51,0.003596646,35.1176482,0.129154905,9764,3.778508194,30.22806555,2.639354988,8
"KCAE20130711_123515",61.92,"2013","07","11",0.479830298,34.26,0.004674111,45.67540805,0.111703934,9772,2.265934876,40.78682777,1.322008854,18,0.927636375,27.66,0.003165692,30.94464277,0.122473891,9775,3.256193383,26.04954706,2.973255006,8
"KCAE20130711_123854",54.69,"2013","07","11",0.4753251,50.68,0.006800563,66.4482997,0.21222815,9771,3.24003799,61.5607218,3.659378018,19,0.927570064,4.01,0.000501187,4.899105209,0,9775,NA,0,NA,0
"KCAE20130711_124233",76.57,"2013","07","11",0.471858467,67.8,0.008782592,85.87618596,0.201416335,9778,2.131437429,80.99462231,2.46464413,38,0.927609306,8.77,0.001203838,11.76149342,0.038029705,9770,1.716724723,6.866898893,0.885368,4
"KCAE20130711_124610",24.47,"2013","07","11",0.47541505,11.38,0.001678751,16.40307896,0.048457581,9771,1.4387485,11.509988,0.956661324,8,0.927214624,13.09,0.001450652,14.18011966,0.051936485,9775,2.320754799,9.283019197,1.270023329,4
"KCAE20130711_124948",97.37,"2013","07","11",0.472448659,85.17,0.012662373,123.6987263,0.178960332,9769,1.773674743,118.8362078,1.253025957,67,0.92748714,12.2,0.001746072,17.0503891,0.043901431,9765,1.351200716,12.16080644,0.549333184,9
"KCAE20130711_125325",112.52,"2013","07","11",0.471953128,32.36,0.005302962,51.82054173,0.096316212,9772,1.56459919,46.9379757,0.77630809,30,0.926899453,80.16,0.01143258,111.6734405,0.668585923,9768,10.67828555,106.7828555,18.93537296,10
"KCAE20130711_125702",1916.85,"2013","07","11",0.472046236,636.59,0.052819445,516.2572603,3.505950521,9774,20.45484744,511.3711859,67.60606591,25,0.926954166,1280.26,0.099115917,969.4527806,4.089983017,9781,53.58664943,964.5596897,81.17085218,18
"KCAE20130712_100155",2162897.16,"2013","07","12",0.531737766,1060210.4,163.4695961,1392924.428,244.7417597,8521,182.3676336,1392923.986,251.7483735,7638,0.876877492,1102686.76,171.3256915,1452670.538,241.8847263,8479,187.2480249,1452670.177,246.9102244,7758
"KCAE20130712_100611",2256984.27,"2013","07","12",0.538618288,1091233.06,161.3368046,1392981.971,237.6337252,8634,180.6251956,1392981.508,244.4124322,7712,0.874916253,1165751.21,173.7214242,1491572.148,241.0925899,8586,189.9607464,1491571.78,245.9159577,7852
"KCAE20130712_101029",2403918.15,"2013","07","12",0.531676134,1168532.35,165.7703515,1446180.547,242.3305732,8724,186.6279595,1446180.058,249.4409358,7749,0.875535616,1235385.8,176.231479,1542730.367,242.6004957,8754,192.6004986,1542729.994,247.324277,8010
"KCAE20130712_101445",2524500.27,"2013","07","12",0.534349632,1236214.32,168.9419022,1504258.697,243.6071491,8904,190.2919919,1504258.196,250.5630335,7905,0.869928056,1288285.95,176.9649559,1581004.916,243.5421187,8934,193.2295941,1581004.539,248.2370345,8182
"KCAE20130712_101901",2598528.73,"2013","07","12",0.534454035,1252104.03,166.5294473,1504427.027,240.2992,9034,186.9317262,1504426.532,246.9914019,8048,0.868619948,1346424.7,181.3953485,1647613.95,246.6970752,9083,197.0358274,1647613.589,251.0487742,8362
"KCAE20130712_102318",2739229.59,"2013","07","12",0.534165809,1317480.01,171.7202529,1582917.291,241.6658784,9218,191.3121608,1582916.818,247.6244227,8274,0.868918924,1421749.58,188.6099024,1731438.904,248.3478839,9180,202.4127415,1731438.591,251.7868931,8554
"KCAE20130712_102735",2833837.27,"2013","07","12",0.536274732,1373187.78,176.8511446,1640117.515,236.6808808,9274,194.1196712,1640117.102,241.1136301,8449,0.869536243,1460649.49,192.5041699,1772000.884,244.6075741,9205,203.7250667,1772000.63,247.051907,8698
"KCAE20130712_103152",2905471.73,"2013","07","12",0.528896626,1418158.44,181.2441143,1692276.295,238.3078108,9337,194.805568,1692275.969,241.6573695,8687,0.869082221,1487313.29,193.7819238,1802365.674,237.3785032,9301,201.404123,1802365.497,238.8093499,8949
"KCAE20130712_103610",2974243.99,"2013","07","12",0.528812106,1420359.04,181.9179082,1697657.919,233.5348726,9332,192.9156424,1697657.653,236.0384361,8800,0.868516685,1553884.95,202.8284064,1890360.747,241.4331275,9320,209.8302355,1890360.592,242.5552575,9009
"KCAE20130712_104026",3050712.11,"2013","07","12",0.525171732,1470294.63,188.4139572,1754510.769,239.490289,9312,197.2468308,1754510.56,241.45869,8895,0.879008336,1580417.48,206.0837206,1918433.355,241.8551451,9309,212.1691242,1918433.221,242.7551988,9042
"KCAE20130712_104444",3166161.61,"2013","07","12",0.534660493,1514553.38,192.5220562,1791995.299,239.1379049,9308,200.2005497,1791995.121,240.6878039,8951,0.869165779,1651608.23,213.8920254,1979998.479,252.2647356,9257,219.2689219,1979998.365,253.0974248,9030
"KCAE20130712_104900",3168266.87,"2013","07","12",0.538784943,1532737.51,193.2034158,1800076.225,242.5300643,9317,199.6978116,1800076.073,243.9287188,9014,0.868626933,1635529.36,210.6335162,1945832.422,247.2640934,9238,214.9378471,1945832.33,247.9189499,9053
"KCAE20130712_105525",3046366.06,"2013","07","12",0.478920582,1440572.91,177.2729135,1660692.654,231.179144,9368,183.7659055,1660692.488,232.8265245,9037,0.877271231,1605793.15,203.4387206,1875501.565,248.0304977,9219,209.0160974,1875501.442,249.0783204,8973
"KCAE20130712_105943",3085192.31,"2013","07","12",0.532609926,1452136.22,176.9927842,1646917.857,235.41017,9305,184.9014997,1646917.658,237.5542586,8907,0.873375441,1633056.09,202.7715014,1864078.412,252.0779767,9193,210.1080085,1864078.251,253.5764429,8872
"KCAE20130712_110359",3186982.07,"2013","07","12",0.532557186,1478387.92,177.629537,1655152.026,240.3429392,9318,188.085428,1655151.766,243.3074965,8800,0.868035485,1708594.15,209.0488927,1917814.541,262.8003049,9174,220.6667011,1917814.299,265.2144465,8691
"KCAE20130712_110818",3280551.83,"2013","07","12",0.533827118,1558273.42,181.994588,1700193.441,245.9724937,9342,196.1685823,1700193.103,249.8684363,8667,0.873485309,1722278.41,208.5774151,1895760.126,269.4173451,9089,223.2932657,1895759.825,272.8024219,8490
"KCAE20130712_111236",3345895.02,"2013","07","12",0.53379123,1611243.66,184.4892737,1711322.503,250.8728103,9276,204.3369614,1711322.051,256.2280173,8375,0.869379597,1734651.36,206.9710342,1862325.366,271.2183035,8998,228.3380264,1862324.944,276.1790266,8156
"KCAE20130712_111655",3419250.61,"2013","07","12",0.538123385,1643746.25,184.2026285,1698716.64,257.9110034,9222,210.8634627,1698716.055,265.5643391,8056,0.86907441,1775504.36,206.1158531,1862875.081,268.5728483,9038,235.1817347,1862874.521,274.7140983,7921
"KCAE20130712_112112",3452822.95,"2013","07","12",0.532540066,1649530.96,182.1911309,1689093.974,253.7564709,9271,214.5425217,1689093.274,262.461927,7873,0.868949587,1803291.99,205.6054773,1865252.89,267.957878,9072,241.144437,1865252.22,275.0324369,7735
"KCAE20130712_112529",3425070.84,"2013","07","12",0.52824219,1642973.3,180.0300907,1668698.911,251.6344904,9269,217.4482814,1668698.111,261.4283387,7674,0.877751986,1782097.54,200.1404918,1822079.038,267.9717675,9104,240.3797195,1822078.274,276.7207693,7580
"KCAE20130712_112946",3266924.56,"2013","07","12",0.533591948,1573636.96,173.0346099,1593129.653,250.2199552,9207,215.3167654,1593128.747,262.3090685,7399,0.871189315,1693287.6,191.3119997,1728695.229,268.1071017,9036,232.9776846,1728694.42,278.9804695,7420
"KCAE20130712_113404",3161734.96,"2013","07","12",0.539787653,1545121.45,167.2615756,1558877.885,250.0742462,9320,211.6026749,1558876.906,264.0721413,7367,0.869936632,1616613.51,180.6019737,1646728.796,264.439726,9118,223.8923063,1646727.913,277.4867044,7355
"KCAE20130712_113808",2954192.88,"2013","07","12",0.474275778,1430148.01,152.562784,1434700.421,239.8748105,9404,197.5353639,1434699.348,256.1622642,7263,0.926775853,1524044.87,170.1982691,1553569.801,259.0888278,9128,215.02683,1553568.847,274.1705059,7225
"KCAE20130712_114211",2743973.37,"2013","07","12",0.441180574,1354378.14,144.0433672,1355592.129,233.8140076,9411,193.7388766,1355590.919,252.7913324,6997,0.922794085,1389595.23,155.6228779,1420370.006,247.2606982,9127,203.2873814,1420368.934,264.9057739,6987
"KCAE20130712_114614",2541682.7,"2013","07","12",0.472191049,1208237.97,129.7712058,1218940.936,223.8846243,9393,182.640032,1218939.573,246.7604987,6674,0.922529051,1333444.73,147.657769,1356827.239,246.9549047,9189,200.6545434,1356826.023,268.781648,6762
"KCAE20130712_115005",2359260.44,"2013","07","12",0.485087481,1105802.22,117.5404596,1112402.91,211.1294453,9464,172.7063181,1112401.395,236.5818004,6441,0.923353099,1253458.22,136.9844252,1267790.856,238.2586563,9255,192.6731785,1267789.515,262.9015194,6580
"KCAE20130712_115355",2224152.52,"2013","07","12",0.473974755,995105.88,103.9902979,985724.0334,197.164886,9479,159.6828732,985722.3765,225.3931732,6173,0.922832473,1229046.64,129.920404,1215015.618,233.8177665,9352,190.411241,1215014.129,261.9343093,6381
"KCAE20130712_115745",2008886.06,"2013","07","12",0.4854367,928223.31,95.51979994,907820.1786,190.1588666,9504,153.2182928,907818.3848,221.731511,5925,0.922588155,1080662.75,112.619122,1055691.649,211.9214508,9374,168.5329008,1055690.091,240.3894588,6264
"KCAE20130712_120135",1867415.12,"2013","07","12",0.473257389,868324.66,87.52366377,832700.1371,180.8521474,9514,144.791906,832698.2511,214.0538088,5751,0.923078906,999090.46,102.5985142,961861.071,202.2955073,9375,156.5526451,961859.4516,232.378477,6144
"KCAE20130712_120527",1676351.72,"2013","07","12",0.477194567,780075.34,77.26020952,734203.7711,173.6330936,9503,130.4088508,734201.83,209.6655813,5630,0.922416214,896276.38,90.99443767,854801.7475,189.547715,9394,142.4666744,854800.0465,221.180721,6000
"KCAE20130712_120918",1590251.47,"2013","07","12",0.477230217,738382.97,72.28523661,685264.0431,169.5634797,9480,126.455436,685262.0078,208.4489955,5419,0.923297065,851868.5,85.07698725,800404.2961,187.0967725,9408,137.6918105,800402.4943,222.2875252,5813
"KCAE20130712_121255",1536613.72,"2013","07","12",0.478959873,723033.5,69.55503286,661190.1423,170.5583132,9506,124.893848,661188.0313,212.8999379,5294,0.922609226,813580.22,80.39325234,756259.3248,182.8075522,9407,131.9821085,756257.4819,219.2200634,5730
"KCAE20130712_121631",1475770.89,"2013","07","12",0.473196393,682510.15,65.11405224,619104.4087,163.3824548,9508,118.0816844,619102.2711,205.3212215,5243,0.923115033,793260.74,78.00077071,733441.247,183.3817962,9403,131.0649283,733439.339,222.6092598,5596
"KCAE20130712_122009",1480112.35,"2013","07","12",0.477171213,670559.36,63.57634914,603975.3168,164.2657095,9500,118.3101105,603973.1141,209.1444255,5105,0.922576524,809552.99,78.56397953,738265.7157,188.5270941,9397,135.2379084,738263.742,231.3457575,5459
"KCAE20130712_122346",1473376.31,"2013","07","12",0.474495862,667762.65,62.42462586,597528.5188,163.3019995,9572,119.1003061,597526.2359,210.0780172,5017,0.92331924,805613.66,76.86193766,724039.4528,188.4924654,9420,133.2666031,724037.4546,232.570864,5433
"KCAE20130712_122723",1450560.22,"2013","07","12",0.475824947,665925.81,61.15783871,584913.5694,163.8147824,9564,119.3940052,584911.2314,213.1655699,4899,0.923005004,784634.41,73.22653974,693382.1048,183.9077616,9469,129.9437844,693380.0334,229.4612311,5336
"KCAE20130712_123047",1375547.23,"2013","07","12",0.47556297,610177.36,54.9876619,528981.3075,150.5490402,9620,110.08926,528978.8943,198.2790841,4805,0.923008799,765369.87,70.40592025,670264.3607,180.0615769,9520,125.8944887,670262.2578,225.8159502,5324
"KCAE20130712_123410",1287788.55,"2013","07","12",0.473351451,587619.15,52.26002186,502271.0701,148.4917912,9611,107.7367202,502268.5897,198.7056489,4662,0.923062015,700169.4,63.86807434,606810.5743,168.1867562,9501,117.1670995,606808.4082,213.6615885,5179
"KCAE20130712_123734",1269723.16,"2013","07","12",0.474159856,566771.71,49.82079336,479624.7776,148.3564263,9627,106.2756957,479622.2146,202.3727784,4513,0.922828191,702951.45,63.17624976,601374.7215,167.1109219,9519,119.699934,601372.4686,214.8241881,5024
"KCAE20130712_124058",1192205.93,"2013","07","12",0.486549489,508186.1,44.02587188,425422,134.4802374,9663,99.1422297,425419.3076,187.7912287,4291,0.923497919,684019.83,60.96380604,581838.5648,170.0003817,9544,119.9167793,581836.2132,223.1190912,4852
"KCAE20130712_124421",1181953.21,"2013","07","12",0.472565993,532553.5,45.84091153,442639.8417,145.0913478,9656,108.4363175,442637.0481,207.4012238,4082,0.923094349,649399.71,57.63194943,548310.3669,164.1956303,9514,118.4762139,548307.9181,219.5891696,4628
"KCAE20130712_124745",1118982.62,"2013","07","12",0.478825535,491965.53,41.98454598,405990.5597,136.8392654,9670,104.5820862,405987.6588,200.2563217,3882,0.9231061,627017.09,55.35104838,527384.789,165.0412095,9528,117.9034776,527382.2555,225.0587526,4473
"KCAE20130712_125110",1038950.7,"2013","07","12",0.475690681,440631.08,37.26986662,361554.9761,127.6472866,9701,97.00884948,361551.982,191.36731,3727,0.922932597,598319.62,52.05065755,499269.9072,157.0576456,9592,112.7523304,499267.3191,215.8586994,4428
"KCAE20130712_125650",988121.19,"2013","07","12",0.447077194,421919.89,35.32836318,342155.1974,126.4970017,9685,100.5442401,342152.0489,197.4594731,3403,0.926088248,566201.3,48.79633539,468981.5794,151.3520848,9611,112.843803,468978.8454,213.8995877,4156
"KCAE20130713_100313",1107639.5,"2013","07","13",0.532961013,522664.32,52.61027012,466916.1473,170.416236,8875,257.3939407,466912.6084,299.0148344,1814,0.876293885,584975.18,57.84722335,523228.1352,179.3286909,9045,260.3107509,523224.6094,303.382544,2010
"KCAE20130713_100731",1255655.15,"2013","07","13",0.533228706,585857.02,60.10373185,531737.7157,184.1472074,8847,264.6761018,531734.2886,308.5692133,2009,0.87708673,669798.13,67.24902026,608469.1353,194.8028667,9048,269.3518073,608465.7328,312.384316,2259
"KCAE20130713_101149",1311494.99,"2013","07","13",0.535932875,634816.29,66.54211807,588498.4923,193.955183,8844,263.6627143,588495.1784,311.6281436,2232,0.875262937,676678.7,69.71224375,628177.0284,196.6269681,9011,259.6832264,628173.7246,307.751762,2419
"KCAE20130713_101605",1335048.09,"2013","07","13",0.525439049,670309.61,71.58981795,629202.9099,201.1925229,8789,262.9334327,629199.7044,313.6601126,2393,0.877844002,664738.48,69.95017377,629411.6636,194.0259775,8998,244.9060086,629408.442,298.2910501,2570
"KCAE20130713_102022",1389965.83,"2013","07","13",0.535392524,701488.12,75.90556245,671384.6998,205.1642656,8845,255.9594287,671381.5815,309.634488,2623,0.868115781,688477.71,72.34712207,654379.7191,195.6039581,9045,232.2131292,654376.5982,292.747083,2818
"KCAE20130713_102439",1412171.16,"2013","07","13",0.53348623,695705.16,74.83880347,663520.8316,198.911929,8866,237.3096529,663517.7894,294.8272738,2796,0.876953098,716466,75.31514391,679945.1192,201.4999177,9028,232.7771511,679942.0584,298.0825713,2921
"KCAE20130713_102855",1405076.81,"2013","07","13",0.533422843,676050.92,73.7427827,650558.829,199.5949701,8822,229.5539266,650555.8279,297.0906779,2834,0.872008086,729025.89,79.22281317,710232.52,210.8079872,8965,238.4921153,710229.5194,309.5407679,2978
"KCAE20130713_103313",1472331.97,"2013","07","13",0.53389854,745122.91,82.95649586,731427.424,214.3306624,8817,248.6147109,731424.4795,310.6518476,2942,0.870514485,727209.06,82.13064067,727102.5618,214.3344806,8853,248.1568578,727099.5933,312.4464109,2930
"KCAE20130713_103729",1503954.77,"2013","07","13",0.521374733,749183.63,86.36438577,756206.5618,218.0659498,8756,251.9838978,756203.6774,311.4924105,3001,0.878097865,754771.14,87.32679183,772318.1469,222.2527691,8844,259.776389,772315.2045,319.6283137,2973
"KCAE20130713_104145",1559796.89,"2013","07","13",0.52689502,797397.57,94.16467192,820739.2804,228.9754996,8716,265.1814098,820736.4633,319.8689334,3095,0.868269006,762399.32,89.84896981,792467.9137,220.0323078,8820,254.2396713,792465.0555,308.57001,3117
"KCAE20130713_104603",1604348.07,"2013","07","13",0.538221644,829789.78,99.67153638,873521.3448,233.8229636,8764,257.1441433,873518.655,317.1325396,3397,0.877564515,774558.29,92.42803921,820576.1321,221.3673994,8878,246.4184239,820573.3515,304.4893627,3330
"KCAE20130713_105020",1529541.78,"2013","07","13",0.534365846,800460.44,97.09079622,854107.7343,226.8716719,8797,241.3408022,854105.0991,305.1898721,3539,0.876728204,729081.34,89.34052632,791557.0632,214.393167,8860,224.1093978,791554.3929,291.7356105,3532
"KCAE20130713_105436",1548593.09,"2013","07","13",0.534356094,808199.04,99.49248298,874737.9104,227.3851237,8792,233.5118477,874735.3814,300.1106102,3746,0.875711442,740394.05,93.33302215,828703.9037,218.2365411,8879,221.0459676,828701.3326,290.8230536,3749
"KCAE20130713_105853",1597872.82,"2013","07","13",0.533040932,818342.14,104.0796461,914964.1685,230.3879973,8791,228.170018,914961.7723,296.7452335,4010,0.877442121,779530.68,98.79914731,885734.3556,219.2221887,8965,218.5373535,885731.8938,283.0954208,4053
"KCAE20130713_110311",1658653.65,"2013","07","13",0.525404035,851652.06,109.531511,967163.2422,229.7485141,8830,224.7121222,967160.9738,287.0815854,4304,0.877939567,807001.59,103.323214,933835.2078,224.0656849,9038,219.2095805,933832.8131,284.8149703,4260
"KCAE20130713_110727",1711296.25,"2013","07","13",0.532225206,893233.24,114.1633064,1027241.431,234.616138,8998,230.4260106,1027239.155,290.3766956,4458,0.877080186,818063.01,104.2669786,956336.7279,220.1539901,9172,211.0647543,956334.4019,274.9127336,4531
"KCAE20130713_111144",1677942.35,"2013","07","13",0.479929725,883895.08,113.3333238,1026346.581,231.7855007,9056,218.7901072,1026344.393,283.9865395,4691,0.877567682,794047.27,103.5974066,954650.1015,221.0636843,9215,203.0733544,954647.8391,274.9530355,4701
"KCAE20130713_111808",1592524.74,"2013","07","13",0.449899514,823693.89,108.5113881,972587.5714,228.8232136,8963,211.7538387,972585.3813,283.4115158,4593,0.877390165,768830.85,101.1001391,932446.5829,220.032344,9223,197.0507887,932444.332,274.7022906,4732
"KCAE20130713_112225",1463080.4,"2013","07","13",0.535649122,753534.03,101.4751693,917335.5308,219.4389968,9040,199.94187,917333.2995,274.2223236,4588,0.868859416,709546.37,95.99132364,883696.1254,213.4951231,9206,185.338486,883693.9011,267.3044529,4768
"KCAE20130713_112641",1345954.49,"2013","07","13",0.526499328,701390.15,97.24107743,876433.8309,215.8882472,9013,192.0735482,876431.6006,271.7581033,4563,0.879147178,644564.34,89.77210003,823838.562,206.4272411,9177,174.5785818,823836.3277,260.8977641,4719
"KCAE20130713_113059",1253606.33,"2013","07","13",0.532497634,644015.53,91.41516504,822919.3157,206.8058139,9002,184.3039287,822917.0418,262.8937701,4465,0.876698213,609590.8,87.78572928,801395.9226,201.0079139,9129,175.1297292,801393.6407,255.5665056,4576
"KCAE20130713_113516",1170632.89,"2013","07","13",0.521252424,601922.89,89.61851121,803250.716,208.0242307,8963,185.5934365,803248.393,267.9777359,4328,0.878172807,568710,85.33091939,780009.9341,198.444885,9141,173.8759699,780007.6011,254.6648354,4486
"KCAE20130713_113932",1081212.87,"2013","07","13",0.524516395,550615.48,85.7528065,769802.9439,200.4090929,8977,181.5995681,769800.5693,260.1083473,4239,0.877909575,530597.39,82.5358751,752397.0374,195.6000783,9116,176.1635704,752394.6092,255.2904269,4271
"KCAE20130713_114348",1028902.34,"2013","07","13",0.526548186,514060.74,82.37492311,737420.3117,196.8381598,8952,179.8141625,737417.8804,258.9639751,4101,0.879361647,514841.6,83.06538502,754981.2844,199.4955565,9089,180.9199187,754978.8206,262.6523499,4173
"KCAE20130713_114805",1018957.02,"2013","07","13",0.536645115,517920.71,86.30870971,772376.6432,205.6027661,8949,194.356857,772374.1498,272.3987682,3974,0.868984264,501036.31,82.873863,754069.2795,199.0534674,9099,184.6392669,754066.766,263.6179954,4084
"KCAE20130713_115222",959686.66,"2013","07","13",0.537510981,485764.99,81.78745941,736905.0093,198.6676002,9010,188.9493457,736902.4482,266.3513458,3900,0.876086662,473921.67,80.28898532,734001.9038,199.6776626,9142,184.1443351,733999.3197,268.9413264,3986
"KCAE20130713_115640",893832.21,"2013","07","13",0.535541039,448133.55,78.89508655,709424.6182,200.5278375,8992,191.2188601,709421.9709,275.6673199,3710,0.875528875,445698.66,76.16587915,694785.1496,196.9519891,9122,185.3741879,694782.4563,272.3483474,3748
"KCAE20130713_120057",855335.99,"2013","07","13",0.534255196,424072.8,74.72186545,679670.0882,197.1222564,9096,189.2169626,679667.3296,277.0270812,3592,0.869581722,431263.19,74.6423534,686784.2937,196.1922455,9201,187.7991564,686781.5151,274.961237,3657
"KCAE20130713_120514",797303.21,"2013","07","13",0.53724299,394587.14,69.78718453,634225.933,188.2712769,9088,189.2638191,634223.0577,271.163241,3351,0.86811349,402716.07,70.93891027,654269.5694,190.1455335,9223,189.477752,654266.6776,272.2532625,3453
"KCAE20130713_120930",780474.16,"2013","07","13",0.53625205,388623.41,70.34858541,638132.0182,193.0209988,9071,205.5828053,638129.0276,284.7647629,3104,0.873974907,391850.75,69.77773327,637559.1489,189.631926,9137,201.7582764,637556.1533,278.1411892,3160
"KCAE20130713_121347",806738.67,"2013","07","13",0.524799376,396431.06,68.69799131,624258.6471,189.0531072,9087,217.3591686,624255.5322,284.2315226,2872,0.878169826,410307.61,68.34306689,622195.281,190.2094695,9104,219.3134086,622192.1401,288.1112428,2837
"KCAE20130713_121803",814611.57,"2013","07","13",0.534861831,399777.27,68.10980598,615644.5363,193.6020077,9039,238.6206586,615641.2991,301.0815713,2580,0.868170626,414834.3,68.25165889,621363.1025,196.8030094,9104,235.0075132,621359.8648,306.9117919,2644
"KCAE20130713_122219",781856.65,"2013","07","13",0.53482059,394468.31,64.68196444,584724.9585,190.034426,9040,243.5325411,584721.6311,304.0343814,2401,0.87499499,387388.34,60.22792931,549519.627,182.1186772,9124,221.8475154,549516.2956,293.832734,2477
"KCAE20130713_122636",732938.78,"2013","07","13",0.526116207,361064.9,55.34737846,503771.8387,173.2188603,9102,222.7092885,503768.4106,288.9395506,2262,0.866391394,371873.88,55.72419952,513665.6712,174.4215507,9218,210.4310834,513662.2747,286.9717242,2441
"KCAE20130713_123054",750075.76,"2013","07","13",0.533965028,370208.03,55.2078281,507139.1089,179.4671199,9186,225.3936145,507135.6327,305.2289974,2250,0.869090925,379867.73,55.30398347,515488.43,173.9354167,9321,211.6112394,515484.9793,287.5864589,2436
"KCAE20130713_123510",704037.02,"2013","07","13",0.532558459,360960.07,52.06376542,485806.9951,170.2174548,9331,209.5787232,485803.4803,289.2149418,2318,0.876812573,343076.95,48.01838334,451468.8402,158.2739331,9402,184.7239578,451465.3529,266.7118989,2444
"KCAE20130713_123928",650151.69,"2013","07","13",0.533444668,325836.55,45.63813678,428998.4858,157.9877197,9400,192.4606962,428994.8918,277.5358032,2229,0.870124191,324315.14,45.15470957,428563.3485,156.7907982,9491,178.1953418,428559.7971,270.7912907,2405
"KCAE20130713_124345",621939.88,"2013","07","13",0.525913046,322242.8,43.99054669,418790.0045,153.8625618,9520,186.4587528,418786.3589,271.6658619,2246,0.878153146,299697.08,40.90461595,392193.4578,146.6749592,9588,168.4664172,392189.8191,259.1033199,2328
"KCAE20130713_124802",520803.91,"2013","07","13",0.534006421,276468.84,37.1888424,357124.4535,137.5051622,9603,166.9568549,357120.7127,251.4771494,2139,0.876022695,244335.07,32.54703014,313916.1057,126.6698664,9645,143.8645121,313912.3653,234.3659218,2182
"KCAE20130713_125221",459615.39,"2013","07","13",0.537296702,236714.1,30.32254781,293279.6824,121.7155894,9672,144.1158992,293275.8548,232.4467875,2035,0.869220696,222901.29,27.88571308,270379.874,116.6037001,9696,130.9961477,270376.049,224.4601803,2064
"KCAE20130713_125637",382732.21,"2013","07","13",0.535498002,205446.75,24.95874951,242149.7877,106.907734,9702,127.4451987,242145.8775,212.8800384,1900,0.869652634,177285.46,21.76384388,210717.5364,103.8299505,9682,110.4948294,210713.6397,212.0093397,1907
"KCAE20130714_100248",124480.8,"2013","07","14",0.525763313,65858.97,9.404968215,91905.34939,45.76349905,9772,36.33915354,91901.71929,84.3537431,2529,1.458180605,58621.83,7.467334034,72784.10483,46.56344796,9747,31.3033914,72780.38501,91.35635507,2325
"KCAE20130714_100834",76102.46,"2013","07","14",0.527801279,37127.68,5.399424065,52768.57138,32.25282186,9773,26.58169679,52764.66814,67.52991762,1985,1.459226146,38974.78,5.200075072,50768.33293,42.09422615,9763,29.91413692,50764.29035,97.25886388,1697
"KCAE20130714_101419",36654.73,"2013","07","14",0.524871264,17412.2,2.470849835,24140.20289,16.26206822,9770,14.88964757,24136.11871,37.54608746,1621,1.458291627,19242.53,2.563661653,25036.7197,25.45996128,9766,20.02596127,25032.45159,68.68695182,1250
"KCAE20130714_102004",17631.28,"2013","07","14",0.527116671,9573.15,1.497189772,14632.03564,8.10605365,9773,8.640275279,14627.98605,17.82527351,1693,1.459839411,8058.13,1.171396511,11445.7153,12.83460307,9771,10.95913931,11441.34144,37.89023047,1044
"KCAE20130714_102550",59659.83,"2013","07","14",0.53316755,57254.48,5.181818171,50621.18172,47.09522307,9769,23.0708228,50617.38522,97.29482525,2194,1.495193177,2405.35,0.422259659,4127.588169,3.009725101,9775,5.173260364,4123.08851,9.307042275,797
"KCAE20130714_103135",105863.86,"2013","07","14",0.522317157,104163.68,9.077657775,88225.75592,64.11073243,9719,35.50186331,88222.13033,123.0510232,2485,1.497440457,1700.18,0.208752377,2040.55449,3.241270859,9775,3.915223081,2035.916002,13.53927788,520
"KCAE20130714_103721",167196.78,"2013","07","14",0.531220526,164428.23,14.2908868,138292.9116,83.24340439,9677,56.12390281,138289.2965,157.7147121,2464,1.496342558,2768.55,0.2758848,2694.842725,4.555052936,9768,6.642345948,2690.150109,21.42943904,405
"KCAE20130714_104306",199382.67,"2013","07","14",0.527579991,185006.94,16.84681182,162959.2107,88.84413801,9673,71.22181357,162955.5095,171.7768566,2288,1.462438394,14375.73,1.386238056,13542.15957,22.49493879,9769,32.54199992,13537.47196,104.3749241,416
"KCAE20130714_104852",240022.31,"2013","07","14",0.529770182,205866.33,19.49432211,188315.1515,97.60550866,9660,90.05803829,188311.3581,194.0894914,2091,1.495221257,34155.98,3.491381485,34093.3402,40.4593372,9765,68.45119619,34088.6957,166.4451284,498
"KCAE20130714_105437",279737.08,"2013","07","14",0.531276778,225729.18,22.16014536,213202.7585,99.84295053,9621,109.7831668,213198.9099,199.4544682,1942,1.496488482,54007.9,5.945585173,57993.23777,54.67151282,9754,75.5061642,57988.7341,180.9642553,768
"KCAE20130714_110022",333144.18,"2013","07","14",0.492582733,255007.36,26.27576723,251984.6078,108.4156346,9590,116.4421839,251980.8859,203.9695176,2164,1.449914871,78136.82,9.088439349,88475.95707,68.5402985,9735,71.57904327,88471.69748,180.4167613,1236
"KCAE20130714_110609",381428.45,"2013","07","14",0.524927344,293709.27,32.58733506,311469.7485,125.5189635,9558,128.5987498,311466.172,223.2522565,2422,1.456048971,87719.18,10.9783898,106896.5815,72.13116652,9737,70.97772656,106892.4562,171.4546978,1506
"KCAE20130714_111154",530909.99,"2013","07","14",0.533524926,272497.02,31.5417383,301192.059,119.7764101,9549,113.7848885,301188.5998,205.9294202,2647,0.868725283,258412.97,30.15066917,291406.2175,120.207531,9665,108.3281493,291402.7217,208.4691856,2690
"KCAE20130714_111611",543339.02,"2013","07","14",0.526684915,297709.73,35.9483682,343486.6582,134.0607936,9555,118.4016971,343483.3233,222.3589022,2901,0.878179689,245629.29,30.42793387,294694.5395,119.5204254,9685,101.4078259,294691.142,201.0473242,2906
"KCAE20130714_112029",519266.4,"2013","07","14",0.53147321,288010.7,36.00111815,345502.7309,127.3316238,9597,112.9452286,345499.4542,205.387862,3059,0.865616529,231255.7,29.92152422,290388.3925,113.675399,9705,94.92810122,290385.0616,186.6358952,3059
"KCAE20130714_112446",471146.62,"2013","07","14",0.536709891,266298.3,34.87901982,336791.8154,122.9404779,9656,103.2777094,336788.6103,194.1580603,3261,0.865756635,204848.32,27.49503834,266701.8719,102.1497254,9700,80.91585627,266698.6623,162.4524556,3296
"KCAE20130714_112903",395858.45,"2013","07","14",0.534773836,217200.92,29.97418423,289280.852,107.377847,9651,89.75415152,289277.6304,170.7794313,3223,0.865010115,178657.53,24.8042972,241246.5945,94.68840907,9726,73.1927706,241243.3719,151.3921322,3296
"KCAE20130714_113321",367364.26,"2013","07","14",0.533632626,212887,30.44467495,294978.4556,114.6176551,9689,92.06467085,294975.2054,184.5558904,3204,0.866067044,154477.26,22.64586153,220412.1703,91.9338944,9733,67.32099362,220408.9331,148.735983,3274
"KCAE20130714_113738",301693.82,"2013","07","14",0.532574807,169874.34,25.3558485,245241.7667,102.8112356,9672,80.27445184,245238.4504,170.4762898,3055,0.86863317,131819.48,19.97896216,194415.2807,83.9253044,9731,61.00156918,194412.001,137.8673684,3187
"KCAE20130714_114155",273330.35,"2013","07","14",0.535272749,157468.09,23.2790679,225713.8424,98.79007561,9696,78.31728914,225710.4273,168.9088739,2882,0.864547094,115862.26,17.42438882,169957.4885,82.13836025,9754,57.06987659,169954.0925,140.8534988,2978
"KCAE20130714_114818",255980.95,"2013","07","14",0.441481893,147169.25,21.1333134,203450.4081,96.01548355,9627,85.3384136,203446.778,178.2080699,2384,0.92144056,108811.7,15.57743,151459.3519,78.44031124,9723,59.34786749,151455.7578,144.3963009,2552
"KCAE20130714_115234",300003.12,"2013","07","14",0.535495741,150913.55,22.10085293,210974.7421,107.5272766,9546,103.5186355,210970.9792,213.8820916,2038,0.864050925,149089.57,20.09789597,194507.4372,98.017917,9678,82.62691864,194503.7665,185.3195142,2354
"KCAE20130714_115651",308376.8,"2013","07","14",0.526021825,158388.24,23.16542424,219863.0415,113.0395084,9491,126.3558372,219859.1568,238.0862128,1740,0.878426434,149988.56,21.07425188,202544.6348,103.6122084,9611,101.830475,202540.8148,208.9685622,1989
"KCAE20130714_120109",329985.07,"2013","07","14",0.534675221,176812.05,24.37954031,230825.4876,115.5624856,9468,149.3024044,230821.5172,251.3317846,1546,0.865871808,153173.02,21.29443304,204064.5519,103.0268561,9583,112.6162567,204060.6571,214.1764079,1812
"KCAE20130714_120526",362290.16,"2013","07","14",0.536497762,178651.51,24.19677938,228248.2198,118.3939799,9433,159.8348794,228244.2078,266.3715793,1428,0.864716867,183638.65,23.41805627,224181.0527,115.5933528,9573,133.5977925,224177.0958,248.069098,1678
"KCAE20130714_120943",380343.94,"2013","07","14",0.532746118,191798.08,25.03750704,236303.9914,119.3097817,9438,174.6488834,236299.9393,270.5749091,1353,0.866905468,188545.86,23.99368496,229379.6283,115.607142,9560,149.9186952,229375.6037,254.2922751,1530
"KCAE20130714_121400",408202.42,"2013","07","14",0.531745072,204754.14,26.99912267,253332.7681,125.26796,9383,218.5751909,253328.6463,291.9343639,1159,0.866912948,203448.28,25.99480957,247236.6338,121.3931944,9511,178.6362433,247232.5607,272.1124069,1384
"KCAE20130714_121818",414740.53,"2013","07","14",0.534439381,207748.95,28.34026665,264924.8126,127.6199802,9348,224.1292047,264920.7199,291.5183237,1182,0.864394679,206991.58,27.47032881,260748.3611,119.3264811,9492,196.7881267,260744.2679,262.1546849,1325
"KCAE20130714_122235",429068.84,"2013","07","14",0.523817967,217906.79,31.15405879,291446.22,132.0686823,9355,238.1063275,291442.1449,289.978799,1224,0.877701904,211162.05,29.5832501,280390.0444,124.8568524,9478,211.9319405,280385.9572,270.3324499,1323
"KCAE20130714_122653",377890.7,"2013","07","14",0.535801507,182698.57,26.9726711,252140.5295,120.0314614,9348,205.6577968,252136.4588,270.471185,1226,0.866555061,195192.13,28.11907007,265668.974,120.2791436,9448,208.2013153,265664.8783,263.9504115,1276
"KCAE20130714_123110",381396.55,"2013","07","14",0.531503254,189179.91,28.34419403,265188.2794,124.1136636,9356,220.8028245,265184.1922,278.4921219,1201,0.865765649,192216.64,28.43921104,268892.7404,125.2318697,9455,214.7672757,268888.6291,280.1248742,1252
"KCAE20130714_123527",360691.36,"2013","07","14",0.532659185,180188.18,27.89983241,261281.9305,123.1835213,9365,230.4037083,261277.8052,280.557646,1134,0.866533394,180503.18,27.67500424,261279.7151,125.0155452,9441,219.5593107,261275.5798,286.2155846,1190
"KCAE20130714_123944",334814.72,"2013","07","14",0.534254694,183415.58,28.30002425,264690.1268,128.4395608,9353,250.4124588,264685.969,300.7053031,1057,0.865997724,151399.14,23.9160058,224619.1264,114.0182815,9392,207.9768153,224614.9606,273.5512358,1080
"KCAE20130714_124402",280644.62,"2013","07","14",0.535594711,142786.25,22.52351586,209603.8386,113.8387713,9306,213.6591908,209599.6662,286.6486311,981,0.864673482,137858.37,22.31337175,209410.9939,112.3329189,9385,204.1001993,209406.8045,279.9763608,1026
"KCAE20130714_124819",232621.82,"2013","07","14",0.526230829,125928.74,20.31430251,189004.2706,108.9075866,9304,207.4643953,189000.0641,287.0277945,911,0.878557225,106693.08,17.97690022,167778.4098,102.0680173,9333,180.7911609,167774.1973,274.6061248,928
"KCAE20130714_125236",220676.7,"2013","07","14",0.531720295,113263.93,18.25593839,170054.0661,104.5185647,9315,192.5819253,170049.8401,285.9192145,883,0.86736597,107412.77,18.58533994,173977.3672,105.0509415,9361,194.8187269,173973.1231,285.3570674,893
"KCAE20130714_125652",172781.99,"2013","07","14",0.52502565,86925.66,14.7599666,137754.7683,90.51064611,9333,165.9644659,137750.5067,259.025181,830,0.877710328,85856.33,16.05963629,150703.6269,97.83823761,9384,171.2492782,150699.3648,274.9085554,880
"KCAE20130715_100421",6701.12,"2013","07","15",0.527656111,6512.4,0.481706512,4705.790915,15.01230507,9769,90.40232459,4700.920879,186.7524308,52,1.44954281,188.72,0.014161143,138.4110117,0.41049219,9774,8.345026669,133.5204267,5.969444938,16
"KCAE20130715_101222",18434.25,"2013","07","15",0.500622751,14691.66,1.152286188,11247.46548,22.75822582,9761,37.98216806,11242.72175,125.4280931,296,1.494958361,3742.59,0.27164455,2655.053835,4.456945787,9774,26.76974595,2650.204849,35.55828277,99
"KCAE20130715_101807",36437.87,"2013","07","15",0.483385747,25572.18,2.113886054,20587.13628,30.67847015,9739,31.86157737,20582.57898,115.152912,646,1.463249444,10865.69,0.811429497,7932.534762,16.33023215,9776,45.04388276,7927.723365,113.5430405,176
"KCAE20130715_102353",42880.97,"2013","07","15",0.48284118,37851.66,3.299387077,32182.22155,39.88253195,9754,26.13968313,32177.94993,109.612553,1231,1.45941825,5029.31,0.398930457,3897.151636,12.70725263,9769,27.80232646,3892.325705,102.8591145,140
"KCAE20130715_102938",18127.53,"2013","07","15",0.531483595,17150,1.842684464,17991.97111,21.0284773,9764,10.75189241,17987.916,49.86175448,1673,1.496553581,977.53,0.080540191,787.0387424,2.066923712,9772,10.56997606,782.1782286,21.43457366,74
"KCAE20130715_103524",11163.4,"2013","07","15",0.527665753,10658.29,1.426381913,13942.8832,8.910913268,9775,7.01508805,13938.97995,18.74999922,1987,1.448588736,505.11,0.043955445,429.5326063,1.47397671,9772,9.436834624,424.6575581,19.79439834,45
"KCAE20130715_104111",7755.4,"2013","07","15",0.531203416,7710.15,1.199042225,11713.4435,4.519156521,9769,5.992592998,11709.52672,8.567797035,1954,1.497552432,45.25,0.005450396,53.28852144,0.113385124,9777,1.728658825,48.4024471,1.25164714,28
"KCAE20130715_104656",7032.77,"2013","07","15",0.526976115,6895.95,1.083057506,10583.63795,3.71620428,9772,5.681886982,10579.67356,6.809347721,1862,1.456612526,136.82,0.02864031,279.9876743,0.323953538,9776,2.023207569,275.1562293,1.880040322,136
"KCAE20130715_105242",4376.44,"2013","07","15",0.527310862,4309.54,0.699306489,6832.923708,2.227320857,9771,4.344029563,6828.814474,3.874404371,1572,1.462036908,66.9,0.012048772,117.7044488,0.199060999,9769,1.684207914,112.8419302,1.733914089,67
"KCAE20130715_105827",15713.23,"2013","07","15",0.496880023,11798.32,1.155959748,11293.72674,19.26700331,9770,8.826795274,11289.47116,52.6290662,1279,1.449806197,3914.91,0.302174986,2951.947441,12.29638587,9769,58.94152805,2947.076403,163.1400559,50
"KCAE20130715_110413",16707.71,"2013","07","15",0.527789195,12441.7,1.09717038,10722.64613,21.12856666,9773,13.02328129,10718.1605,71.77417374,823,1.462241824,4266.01,0.333505728,3259.017969,9.751958574,9772,31.29012011,3254.172491,89.6862033,104
"KCAE20130715_110958",26115.66,"2013","07","15",0.527450069,15688.18,1.297527955,12670.36048,22.72965443,9765,26.00761902,12665.71046,98.66892618,487,1.458422975,10427.48,0.814591458,7961.816909,11.01968435,9774,44.45255875,7957.008017,68.67711864,179
"KCAE20130715_111544",40248.81,"2013","07","15",0.48257739,28157.62,2.280288225,22251.0525,36.79438307,9758,71.76231381,22246.31728,194.2838313,310,1.458680118,12091.19,0.945908782,9233.961531,12.2446702,9762,35.49692019,9229.19925,66.47820445,260
"KCAE20130715_112130",47514.11,"2013","07","15",0.482814873,35426.28,2.86213578,27911.54813,42.87509939,9752,136.1305527,27906.7633,263.8881108,205,1.454449998,12087.83,0.9941527,9711.877723,16.07059316,9769,37.77085771,9707.11043,91.97765534,257
"KCAE20130715_112715",20428.02,"2013","07","15",0.482698505,14991.35,1.269584369,12400.03053,19.56452952,9767,69.63609353,12395.22465,127.7959099,178,1.463724085,5436.67,0.469841137,4589.408228,5.791498866,9768,20.83919496,4584.622892,32.70288771,220
"KCAE20130715_113302",9393.16,"2013","07","15",0.530466884,6927.26,0.620548026,6065.23641,14.28381059,9774,46.61848431,6060.40296,115.3086601,130,1.496872025,2465.9,0.226499225,2212.670932,3.244972402,9769,13.7990939,2207.855024,21.41096847,160
"KCAE20130715_113848",9377.36,"2013","07","15",0.526245848,8224.97,0.686602481,6707.419634,18.23006806,9769,78.85371926,6702.566137,180.0243061,85,1.458682321,1152.39,0.111699624,1091.863822,3.550284256,9775,13.09646163,1087.006315,36.47294081,83
"KCAE20130715_114433",1405.42,"2013","07","15",0.525811219,1373.12,0.121245721,1184.691935,2.782323429,9771,24.0779468,1179.819393,31.41414888,49,1.46167923,32.3,0.003369802,32.92296721,0.161452196,9770,4.671562511,28.02937507,4.97622741,6
"KCAE20130715_115019",74.84,"2013","07","15",0.530347921,70.83,0.006570004,64.1692281,0.20618511,9767,4.560049833,59.28064783,3.479362388,13,1.494899146,4.01,0.000501187,4.898102834,0,9773,NA,0,NA,0
"KCAE20130715_115604",70.25,"2013","07","15",0.480886618,66.24,0.006588068,64.35883953,0.294808838,9769,7.433343868,59.46675094,7.628364415,8,1.459236344,4.01,0.000501187,4.896098085,0,9769,NA,0,NA,0
"KCAE20130715_120151",9.55,"2013","07","15",0.483458286,5.54,0.000850434,8.312992029,0.017513067,9775,0.853972892,3.415891569,0.16861758,4,1.497813975,4.01,0.000501187,4.898604021,0,9774,NA,0,NA,0
"KCAE20130715_120736",16.01,"2013","07","15",0.491181497,6.02,0.001027484,10.04159647,0.021638854,9773,0.857750126,5.146500756,0.183898735,6,1.450995462,9.99,0.001120124,10.95033314,0.047928654,9776,3.025864557,6.051729114,2.037841247,2
"KCAE20130715_121536",13.36,"2013","07","15",0.494866282,9.35,0.001830321,17.88406374,0.048772672,9771,1.299197515,12.99197515,0.842730813,10,1.452834257,4.01,0.000501187,4.898102834,0,9773,NA,0,NA,0
"KCAE20130715_122122",28.15,"2013","07","15",0.482066182,18.03,0.003740582,36.55296754,0.099130762,9772,2.110858914,31.66288371,1.447093546,15,1.498205139,10.12,0.001242909,12.14819512,0.05551365,9774,3.625296737,7.250593475,1.960914017,2
"KCAE20130715_122709",21.27,"2013","07","15",0.524461694,16.09,0.003631375,35.48579266,0.091969272,9772,1.912263125,30.59621001,1.27187307,16,1.497705757,5.18,0.000811722,7.931340131,0.018930979,9771,1.011914411,3.035743233,0.465544866,3
"KCAE20130715_123256",26.46,"2013","07","15",0.527402212,22.45,0.003990259,38.99281573,0.113926771,9772,1.62408281,34.10573902,1.891869815,21,1.46147395,4.01,0.000501187,4.897601647,0,9772,NA,0,NA,0
"KCAE20130715_123842",10.35,"2013","07","15",0.524477177,6.34,0.001098614,10.73784861,0.029655041,9774,1.460312335,5.841249341,0.156928756,4,1.459664628,4.01,0.000501187,4.899105209,0,9775,NA,0,NA,0
"KCAE20130715_124428",17.65,"2013","07","15",0.483419228,13.64,0.002186702,21.37719438,0.056532061,9776,1.498463731,16.48310104,0.811457435,11,1.497854357,4.01,0.000501187,4.897601647,0,9772,NA,0,NA,0
"KCAE20130715_125014",8.86,"2013","07","15",0.530141778,4.85,0.000721164,7.045773248,0.015597408,9770,1.075088175,2.15017635,0.259985114,2,1.494978594,4.01,0.000501187,4.898604021,0,9774,NA,0,NA,0
"KCAE20130715_125559",13.4,"2013","07","15",0.483143151,9.39,0.001698808,16.59565792,0.040719849,9769,1.17045717,11.7045717,0.529404481,10,1.498128497,4.01,0.000501187,4.896098085,0,9769,NA,0,NA,0
"KCAE20130716_100442",44.83,"2013","07","16",0.515404704,40.82,0.006479921,63.32827246,0.115734403,9773,1.270722266,58.45322423,1.125667113,46,1.517858959,4.01,0.000501187,4.896098085,0,9769,NA,0,NA,0
"KCAE20130716_101423",1554.05,"2013","07","16",0.516001764,1550.04,0.259590763,2535.942163,1.506804568,9769,2.508971023,2531.551763,4.043975567,1009,1.515156531,4.01,0.000501187,4.897601647,0,9772,NA,0,NA,0
"KCAE20130716_102403",27251.22,"2013","07","16",0.516057274,27247.21,3.508971797,34293.18137,15.89775348,9773,11.43374002,34289.78633,27.0770561,2999,1.515269606,4.01,0.000501187,4.898102834,0,9773,NA,0,NA,0
"KCAE20130716_103344",47529.13,"2013","07","16",0.515445267,47525.12,5.79509613,56641.26957,21.19728542,9774,13.30166863,56638.50502,30.52322411,4258,1.537855907,4.01,0.000501187,4.895095711,0,9767,NA,0,NA,0
"KCAE20130716_104324",28143.2,"2013","07","16",0.516032276,28139.19,3.556897091,34733.10009,8.89258779,9765,7.614666064,34730.49192,11.7652449,4561,1.510165398,4.01,0.000501187,4.898102834,0,9773,NA,0,NA,0
"KCAE20130716_105509",19658.65,"2013","07","16",0.516897802,19653.27,2.541086643,24836.58084,6.312681835,9774,5.862560262,24833.80527,8.513837656,4236,1.50949663,5.38,0.000850259,8.306184375,0.018017038,9769,0.85302276,3.412091039,0.297122003,4
"KCAE20130716_110449",8548.77,"2013","07","16",0.516328466,8543.63,1.175940415,11488.93786,3.564186612,9770,3.847751189,11485.5373,5.595160964,2985,1.515521135,5.14,0.000744533,7.276321887,0.017925234,9773,1.189610714,2.379221427,0.559013843,2
"KCAE20130716_111430",2121.2,"2013","07","16",0.516294731,2115.73,0.319077976,3117.391822,1.358024266,9770,2.312904771,3113.169821,2.963282817,1346,1.510372447,5.47,0.000830808,8.116996934,0.016933931,9770,0.805600603,3.22240241,0.26436099,4
"KCAE20130716_112411",1534.28,"2013","07","16",0.516025977,1530.27,0.242745126,2371.619884,1.360452397,9770,2.254523363,2367.249532,3.563323785,1050,1.514527666,4.01,0.000501187,4.898102834,0,9773,NA,0,NA,0
"KCAE20130716_113351",1063.43,"2013","07","16",0.516457211,1057.45,0.177133346,1730.769923,0.814075814,9771,1.986545862,1726.308354,1.965120086,869,1.508671202,5.98,0.000952353,9.30639511,0.024464058,9772,1.102699553,4.410798212,0.574592964,4
"KCAE20130716_114332",2014.19,"2013","07","16",0.516669847,2009.35,0.30882569,3016.300514,1.644443707,9767,2.612301203,3011.983287,4.111348493,1153,1.508231235,4.84,0.000667277,6.517299024,0.012427212,9767,0.811602844,1.623205688,0.438993966,2
"KCAE20130716_115313",2817.95,"2013","07","16",0.515721303,2800.15,0.413462345,4039.940577,1.64100926,9771,2.773726944,4035.772704,3.397747254,1455,1.513818419,17.8,0.001742299,17.02400388,0.05289928,9771,2.021651757,12.12991054,0.754251205,6
"KCAE20130716_120253",1989.58,"2013","07","16",0.515271211,1985.57,0.295748161,2890.346777,1.354776895,9773,2.452029372,2886.038571,3.156072017,1177,1.508204384,4.01,0.000501187,4.89710046,0,9771,NA,0,NA,0
"KCAE20130716_121233",5505.9,"2013","07","16",0.51634815,5501.89,0.73589389,7194.098669,4.818393181,9776,4.585449569,7189.984924,11.27681802,1568,1.514997166,4.01,0.000501187,4.897601647,0,9772,NA,0,NA,0
"KCAE20130716_122214",5113.27,"2013","07","16",0.516349268,5109.26,0.692302573,6763.103836,2.984014948,9769,3.595292537,6759.14997,5.987330726,1880,1.510667622,4.01,0.000501187,4.89710046,0,9771,NA,0,NA,0
"KCAE20130716_123154",5761.98,"2013","07","16",0.51560332,5757.97,0.770470999,7529.042606,3.394577067,9772,3.500103515,7525.222557,6.544922322,2150,1.511833978,4.01,0.000501187,4.895596898,0,9768,NA,0,NA,0
"KCAE20130716_124135",6695.12,"2013","07","16",0.515439646,6691.11,0.874606844,8545.783471,3.262106851,9771,3.492278117,8542.112275,5.777350519,2446,1.513690273,4.01,0.000501187,4.896599273,0,9770,NA,0,NA,0
"KCAE20130716_125116",5518.87,"2013","07","16",0.515319793,5514.41,0.718780375,7022.484266,7.195023008,9770,3.278216118,7018.660708,15.0972549,2141,1.519348638,4.46,0.000604341,5.90562419,0.007257414,9772,0.504512459,1.009024917,0.081782367,2
"KCAE20130717_100018",6304.62,"2013","07","17",0.494570965,6289.55,0.808896725,7898.876522,5.939628075,9765,6.645267541,7894.577839,15.85511808,1188,1.49322566,15.07,0.002167856,21.18211817,0.064189313,9771,1.629002958,16.29002958,1.236571374,10
"KCAE20130717_100604",19610.05,"2013","07","17",0.483246131,19558.25,2.572569727,25144.29651,14.41347592,9774,7.543074816,25141.06836,23.91316144,3333,1.45863341,51.8,0.006542705,63.96148561,0.209555156,9776,2.812971626,59.07240414,3.629739381,21
"KCAE20130717_101149",27588.9,"2013","07","17",0.483723136,27553.65,3.617575692,35343.71451,16.30855452,9770,8.315517166,35340.94796,23.92539091,4250,1.453402095,35.25,0.004493618,43.90264325,0.102924607,9770,2.05345087,39.01556654,1.14421097,19
"KCAE20130717_101734",27967.38,"2013","07","17",0.48379185,27931.85,3.638963768,35567.23186,10.12615049,9774,7.509439798,35564.70688,13.51185285,4736,1.498457646,35.53,0.004160514,40.66070394,0.099932373,9773,2.104183605,35.77112129,1.185474207,17
"KCAE20130717_102321",17120.28,"2013","07","17",0.526223981,16759.8,2.407520653,23526.29182,6.054892204,9772,5.550617804,23523.51825,8.191299562,4238,1.45005222,360.48,0.036796456,359.5013743,0.936651432,9770,8.247123863,354.6263261,11.60775375,43
"KCAE20130717_102906",20014.34,"2013","07","17",0.521653338,16095.91,2.482850448,24269.86313,11.24812472,9775,5.829221826,24267.05046,16.6616117,4163,1.447655638,3918.43,0.392010585,3829.943417,16.56021679,9770,57.955756,3825.079896,194.4963579,66
"KCAE20130717_103452",16842.16,"2013","07","17",0.526825442,15066.61,2.371886882,23151.98786,13.56534897,9761,5.902361404,23149.06143,20.90957816,3922,1.447128596,1775.55,0.181085343,1769.565976,8.301730036,9772,28.46289432,1764.699448,101.1002436,62
"KCAE20130717_104037",17121.17,"2013","07","17",0.489963528,16771.42,2.689719195,26278.55653,7.179432626,9770,6.20883293,26275.78096,9.856879493,4232,1.494566116,349.75,0.038335567,374.653495,1.414276646,9773,6.487437892,369.7839598,17.50568952,57
"KCAE20130717_104621",19987,"2013","07","17",0.483562299,19825.49,3.168177274,30959.42832,10.78135382,9772,6.725361218,30956.83769,14.92882239,4603,1.447257605,161.51,0.023833679,232.9027144,0.732971668,9772,4.851673799,228.0286685,9.496764616,47
"KCAE20130717_105206",15106.09,"2013","07","17",0.530399818,15055.36,2.475517036,24188.27696,8.6622886,9771,5.550967071,24185.56353,12.29720301,4357,1.49715141,50.73,0.007864645,76.85330861,0.172464285,9772,1.75551843,71.97625564,2.030235656,41
"KCAE20130717_105751",13051.68,"2013","07","17",0.481598216,13026.87,2.260910611,22086.83576,5.192923917,9769,5.104971752,22084.1078,6.810498239,4326,1.458516031,24.81,0.005158245,50.39089272,0.096613003,9769,1.167034383,45.51434094,1.004147999,39
"KCAE20130717_110336",11510.38,"2013","07","17",0.483575528,11481.76,2.019609807,19733.60743,4.10419234,9771,4.868181998,19730.74164,5.171564968,4053,1.453938507,28.62,0.005784487,56.56070935,0.090859279,9778,1.099652263,51.68365638,0.725375625,47
"KCAE20130717_110921",10082.49,"2013","07","17",0.489738628,10043.25,1.708713067,16694.12667,11.57140341,9770,4.557909726,16691.06542,18.55539832,3662,1.493953454,39.24,0.009022239,88.17433777,0.304824405,9773,1.937157814,83.29778598,4.218513677,43
"KCAE20130717_111505",6985.88,"2013","07","17",0.483658116,6961.84,1.250769919,12223.77442,3.173066822,9773,3.700948284,12220.53123,4.553679288,3302,1.456255107,24.04,0.005430847,53.07023219,0.089308164,9772,1.0953337,48.19468278,0.769014813,44
"KCAE20130717_112051",5634.18,"2013","07","17",0.483230291,5605.73,1.0275016,10036.63563,2.33672794,9768,3.313493271,10033.25762,3.168969718,3028,1.457741244,28.45,0.006533008,63.82749211,0.093117642,9770,1.071971966,58.95845813,0.637104359,55
"KCAE20130717_112636",5158.53,"2013","07","17",0.483771694,5136.02,0.9097039,8889.626512,3.281940294,9772,3.047390388,8886.190373,5.43957819,2916,1.463329209,22.51,0.004211327,41.14887686,0.064233022,9771,0.863638721,36.27282626,0.472515021,42
"KCAE20130717_113222",4835.25,"2013","07","17",0.495037603,4819.02,0.775829153,7579.074998,4.801309096,9769,2.891409164,7575.49201,8.936450211,2620,1.494380424,16.23,0.003499689,34.19196619,0.055207677,9770,0.814261379,29.31340966,0.414840867,36
"KCAE20130717_114012",4747.7,"2013","07","17",0.499328164,4732.62,0.822978605,8042.146924,1.809136453,9772,2.790244097,8038.693242,2.369425666,2881,1.495403738,15.08,0.002466661,24.10421222,0.058903028,9772,1.200914348,19.21462957,0.851783158,16
"KCAE20130717_114557",5003.54,"2013","07","17",0.494982374,4977.21,0.842419456,8231.2805,2.076228336,9771,2.852922616,8227.828823,2.978510423,2884,1.45121218,26.33,0.004930029,48.19103314,0.08455883,9775,1.203054741,43.30997067,0.717473446,36
"KCAE20130717_115142",5528.49,"2013","07","17",0.488591796,5507.82,0.871668601,8520.56057,4.383913805,9775,3.046159794,8517.062785,7.783436046,2796,1.494105218,20.67,0.004408437,43.08806333,0.073052545,9774,0.979718092,38.20900561,0.626367347,39
"KCAE20130717_115727",8784.07,"2013","07","17",0.496055083,8727.73,1.370760812,13397.81617,3.797263433,9774,4.036944096,13394.58051,5.631936644,3318,1.48938899,56.34,0.008606178,84.09096554,0.124162633,9771,1.342770087,79.22343512,0.88044107,59
"KCAE20130717_120312",9021.09,"2013","07","17",0.483614148,9002.83,1.472951477,14384.84412,4.446631709,9766,4.013883696,14381.74528,6.610743525,3583,1.458069747,18.26,0.003662524,35.79750652,0.064684865,9774,0.997239978,30.9144393,0.582839781,31
"KCAE20130717_120857",7796.32,"2013","07","17",0.481744697,7778.66,1.27423971,12448.04773,3.710448938,9769,3.431201939,12444.96943,5.448471478,3627,1.45750389,17.66,0.003794061,37.08694576,0.080982136,9775,1.150066921,32.20187379,1.003750074,28
"KCAE20130717_121445",6258.94,"2013","07","17",0.526831718,6245.54,1.020934742,9972.49056,2.666121213,9768,3.042184118,9969.237354,3.878449938,3277,1.44910022,13.4,0.002781995,27.19122388,0.052003255,9774,0.892205982,22.30514954,0.524480284,25
"KCAE20130717_122030",9135.5,"2013","07","17",0.481676272,9111.94,1.429725297,13968.41615,4.362363475,9770,3.349870234,13965.60901,6.178219083,4169,1.4576042,23.56,0.00394435,38.55601787,0.066523241,9775,0.990410383,33.67395303,0.551908208,34
"KCAE20130717_122616",8698.54,"2013","07","17",0.523920148,8640.73,1.409494568,13774.99041,5.958652026,9773,3.352519763,13772.15119,8.829809309,4108,1.457944035,57.81,0.008001924,78.19480472,0.157839294,9772,1.981506676,73.315747,1.656426173,37
"KCAE20130717_123201",18120.58,"2013","07","17",0.522863727,18046.82,2.747830847,26854.55087,10.93212687,9773,5.638815501,26852.03942,15.13256861,4762,1.461284771,73.76,0.011018516,107.6949741,0.180734135,9774,1.742812544,102.8259401,1.560344906,59
"KCAE20130717_123747",13677.22,"2013","07","17",0.516781464,13636.73,2.045535746,19993.06638,13.99538706,9774,4.545332424,19990.372,20.59099271,4398,1.456765121,40.49,0.005758567,56.24968414,0.106348951,9768,1.388449491,51.37263117,1.046938791,37
"KCAE20130717_124334",10508.67,"2013","07","17",0.483626101,10463.65,1.540229418,15051.12187,4.503902153,9772,3.558369305,15048.34379,6.300588357,4229,1.494523157,45.02,0.006152101,60.11832637,0.102964323,9772,1.534410207,55.23876746,0.740602442,36
"KCAE20130717_124919",9990.84,"2013","07","17",0.482581772,9974.07,1.488639165,14544.00464,3.018694922,9770,3.498842872,14541.19097,3.793516209,4156,1.497783143,16.77,0.002369282,23.14078162,0.065613713,9767,1.404015488,18.25220134,1.171544196,13
"KCAE20130717_125507",8622.04,"2013","07","17",0.483034494,8614.83,1.32081371,12908.31238,2.675744757,9773,3.387224096,12905.3238,3.371617193,3810,1.497987638,7.21,0.00134059,13.10292862,0.030682465,9774,0.912092809,8.208835282,0.464802184,9
"KCAE20130718_100502",1457.37,"2013","07","18",0.495100923,1449.02,0.186779565,1825.209912,1.633235134,9772,5.231283689,1820.486724,6.974872441,348,1.498899232,8.35,0.001211744,11.8435861,0.039080627,9774,1.736746707,6.946986826,0.978604203,4
"KCAE20130718_101254",4856.09,"2013","07","18",0.498876004,4849.98,0.689882258,6740.14966,2.859988709,9770,4.374042136,6736.024889,5.983089249,1540,1.500130153,6.11,0.001062299,10.38078795,0.028478483,9772,1.371297764,5.485191057,0.370251838,4
"KCAE20130718_101840",5784.26,"2013","07","18",0.497407383,5776.32,0.947500739,9258.029724,2.478301737,9771,3.480430718,9254.46528,3.709220342,2659,1.4985419,7.94,0.0011611,11.34975468,0.039727577,9775,1.613163556,6.452654223,1.294559046,4
"KCAE20130718_102426",10042.04,"2013","07","18",0.494305489,10036.14,1.61598376,15788.16134,3.545944388,9770,4.282450383,15785.11211,4.681066623,3686,1.499006513,5.9,0.000966966,9.450158716,0.019010337,9773,0.759177167,4.555063005,0.126582951,6
"KCAE20130718_103011",15960.9,"2013","07","18",0.526470093,15956.5,2.41111875,23566.27466,5.228388599,9774,5.296382522,23563.60584,6.691667849,4449,1.495281426,4.4,0.000604363,5.904621815,0.007258156,9770,0.504512459,1.009024917,0.081782367,2
"KCAE20130718_103556",17961.18,"2013","07","18",0.531269608,17949.49,2.620654103,25598.54928,4.846656009,9768,5.060535526,25596.18869,5.746302078,5058,1.498352707,11.69,0.002062248,20.14816362,0.046366985,9770,1.08989864,15.25858096,0.582510497,14
"KCAE20130718_104142",26567.35,"2013","07","18",0.525712106,26513.91,3.602319239,35194.65897,6.518666582,9770,6.194791342,35192.60961,7.5513008,5681,1.49205202,53.44,0.012971531,126.7577995,0.138958899,9772,1.060155082,121.9178344,0.731879757,115
"KCAE20130718_104728",23466.02,"2013","07","18",0.527347686,23399.4,3.26898958,31934.7592,5.3563574,9769,5.623936042,31932.70885,6.01003677,5678,1.496134588,66.62,0.015743311,153.8593802,0.147338423,9773,1.042188442,149.0329471,0.645875147,143
"KCAE20130718_105312",22576.38,"2013","07","18",0.527917008,22491.52,3.120069214,30495.5565,4.751138266,9774,5.180701305,30493.60788,5.177872297,5886,1.49646697,84.86,0.019788555,193.3539753,0.181848012,9771,1.171040782,188.5375659,0.814400843,161
"KCAE20130718_105858",23812.8,"2013","07","18",0.483299472,23735.18,3.223733944,31492.6569,5.117310509,9769,5.450096341,31490.65666,5.66948027,5778,1.492859412,77.62,0.018008278,175.9228642,0.193102741,9769,1.248871743,171.0954287,1.063170608,137
"KCAE20130718_110443",16329.9,"2013","07","18",0.523062231,16213.15,2.184438324,21341.96242,4.008032861,9770,4.384529505,21339.5051,4.754320166,4867,1.490843322,116.75,0.024310382,237.6339825,0.281887495,9775,1.419616293,232.817072,1.665070909,164
"KCAE20130718_111028",11630.03,"2013","07","18",0.526710096,11589.69,1.537778161,15024.09263,2.828219708,9770,3.690721342,15021.23586,3.355157371,4070,1.462979904,40.34,0.008616448,84.19993359,0.102416223,9772,1.030401602,79.34092336,0.531369649,77
"KCAE20130718_111614",9534.8,"2013","07","18",0.493292992,9458.65,1.244107636,12156.17571,2.553059569,9771,3.407083359,12153.06634,3.238467826,3567,1.49792631,76.15,0.016993056,166.0561441,0.153194107,9772,1.111939411,161.2312146,0.605817361,145
"KCAE20130718_112201",7262.27,"2013","07","18",0.525778893,7204.73,0.975643112,9533.008843,2.067743201,9771,3.043654091,9529.680959,2.655273883,3131,1.462053496,57.54,0.011785894,115.1363947,0.138160523,9769,1.225393372,110.2854035,0.769257335,90
"KCAE20130718_112747",7456.39,"2013","07","18",0.483646287,7413.52,1.000172246,9775.683537,2.19298791,9774,3.227312592,9772.302528,2.887573076,3028,1.461361468,42.87,0.008788154,85.9042085,0.113789178,9775,1.174488191,81.03968521,0.687342235,69
"KCAE20130718_113332",6921.37,"2013","07","18",0.483496811,6882.79,0.931498782,9102.606095,1.89916379,9772,2.998098714,9099.229597,2.327853243,3035,1.497898943,38.58,0.00779735,76.20349835,0.104775953,9773,1.114647992,71.3374715,0.67085112,64
"KCAE20130718_113918",7599.37,"2013","07","18",0.523438168,7554.33,1.002703011,9799.416526,1.946703652,9773,3.011419854,9796.148785,2.31033932,3253,1.466100821,45.04,0.008952185,87.51655846,0.124341027,9776,1.102060548,82.6545411,0.906574882,75
"KCAE20130718_114504",7628.92,"2013","07","18",0.483425985,7591.93,1.018308928,9949.896536,2.091125762,9771,3.030665549,9946.644332,2.630874203,3282,1.498299703,36.99,0.007212043,70.48330062,0.103442869,9773,1.131280459,65.61426665,0.735590528,58
"KCAE20130718_115050",5615.38,"2013","07","18",0.527619223,5554.66,0.792808349,7746.530378,1.711578209,9771,2.716863741,7743.061662,2.194946446,2850,1.49580751,60.72,0.011507879,112.5010209,0.149500848,9776,1.416309273,107.6395048,0.947400337,76
"KCAE20130718_115635",6496.61,"2013","07","18",0.526919902,6466.3,0.912404762,8916.019337,2.01338643,9772,2.880631031,8912.672409,2.671219981,3094,1.493036935,30.31,0.005403288,52.81713933,0.085384228,9775,1.114874074,47.93958517,0.656349188,43
"KCAE20130718_120220",6330.92,"2013","07","18",0.5181615,6307.52,0.878432273,8585.797033,1.870459631,9774,2.860800664,8582.401991,2.393549178,3000,1.493060436,23.4,0.004736329,46.26919527,0.076873148,9769,1.118693003,41.39164111,0.568525679,37
"KCAE20130718_120805",5034.94,"2013","07","18",0.491702855,4984.1,0.737318955,7202.131557,1.743036703,9768,2.747537813,7198.54907,2.409559586,2620,1.498454313,50.84,0.008916011,87.11833965,0.182193644,9771,1.581678864,82.24730093,1.95536461,52
"KCAE20130718_121557",5004.42,"2013","07","18",0.498917512,4977.42,0.750751499,7334.091397,1.632321667,9769,2.728151094,7330.541989,2.072210418,2687,1.500085886,27,0.005381071,52.59996499,0.086356888,9775,1.109823508,47.72241083,0.693625208,43
"KCAE20130718_122142",4088.36,"2013","07","18",0.530987112,4055.88,0.624177727,6096.343864,1.241989066,9767,1.968659109,6092.999942,1.490605718,3095,1.524056783,32.48,0.005974578,58.38357539,0.11445119,9772,1.114792307,53.51003073,1.208875552,48
"KCAE20130718_123122",3797.89,"2013","07","18",0.51726274,3769.89,0.578321482,5653.092483,1.320985546,9775,2.04398649,5649.578659,1.782337651,2764,1.541505531,28,0.005982523,58.44925154,0.092058308,9770,0.99221697,53.57971638,0.752031044,54
"KCAE20130718_124101",4772.7,"2013","07","18",0.51698245,4743.51,0.682124125,6666.399071,1.564552103,9773,2.182453683,6663.031093,2.136072443,3053,1.541457203,29.19,0.005660265,55.32343349,0.071247322,9774,0.731295817,50.45941139,0.437564555,69
"KCAE20130718_125042",3265.6,"2013","07","18",0.516868401,3250.88,0.500964878,4895.428791,1.286407766,9772,2.005639026,4891.753585,1.901041774,2439,1.541433282,14.72,0.002996542,29.27621908,0.045746718,9770,0.64207013,24.39866492,0.36256677,38
"KCAE20130719_100455",32066.04,"2013","07","19",0.522687492,32059.58,3.677859682,35932.68909,24.44660932,9770,37.1543714,35928.27714,69.27288604,967,1.463973746,6.46,0.000891752,8.715984578,0.030241642,9774,1.909191466,3.818382931,1.285790901,2
"KCAE20130719_101040",30351.23,"2013","07","19",0.526667431,30347.22,3.487274952,34088.11265,16.61465314,9775,22.06083358,34083.98788,36.57126154,1545,1.457402841,4.01,0.000501187,4.895596898,0,9768,NA,0,NA,0
"KCAE20130719_101627",36169.53,"2013","07","19",0.525782106,36165.52,4.311423741,42122.60995,16.06329908,9770,13.48680069,42119.27856,26.14602616,3123,1.461427037,4.01,0.000501187,4.89710046,0,9771,NA,0,NA,0
"KCAE20130719_102212",46024.12,"2013","07","19",0.523556456,46019.2,5.500626619,53785.12708,15.63562772,9778,11.9383983,53782.48432,21.30295239,4505,1.498094141,4.92,0.000721074,7.047777997,0.015594216,9774,1.075088175,2.15017635,0.259985114,2
"KCAE20130719_102759",84923.69,"2013","07","19",0.482842655,84916.75,9.688408341,94655.74949,29.48533241,9770,16.28031765,94653.76679,36.79273816,5814,1.497123487,6.94,0.000932665,9.117736819,0.02186549,9776,1.055033793,4.220135172,0.275129115,4
"KCAE20130719_103344",69812.43,"2013","07","19",0.527914034,69806.57,7.956734657,77753.21106,23.2387981,9772,12.82179299,77751.35266,28.42416212,6064,1.449447676,5.86,0.000877999,8.579807889,0.019218373,9772,0.921052748,3.684210991,0.271173408,4
"KCAE20130719_104142",92672.73,"2013","07","19",0.499471747,92652.19,10.02351318,97939.74732,28.72765044,9771,14.27255747,97938.28937,33.38467602,6862,1.494591829,20.54,0.00387564,37.86499828,0.070195561,9770,1.221553002,32.98193106,0.554390224,27
"KCAE20130719_104728",58846.94,"2013","07","19",0.52467585,58825.27,6.484381918,63378.34886,15.67000479,9774,9.831939329,63376.68091,18.42353457,6446,1.469322753,21.67,0.004216512,41.21218893,0.074549116,9774,1.135300716,36.3296229,0.653536668,32
"KCAE20130719_105314",37519.2,"2013","07","19",0.483413618,37494,4.213129457,41162.2748,9.9974984,9770,7.401576209,41160.1653,12.32928891,5561,1.460369837,25.2,0.004935941,48.22907617,0.084185396,9771,1.274971061,43.34901607,0.656174088,34
"KCAE20130719_105859",19836.72,"2013","07","19",0.530495266,19811.69,2.311650569,22594.07266,5.824921478,9774,5.561597705,22591.20988,7.973445162,4062,1.495933548,25.03,0.005196511,50.78030866,0.078299455,9772,1.067540885,45.90425806,0.515494593,43
"KCAE20130719_110443",10284.03,"2013","07","19",0.530068969,10224.26,1.204524108,11769.40506,3.280899916,9771,4.179722487,11765.9188,4.993439462,2815,1.501787161,59.77,0.011821484,115.5431861,0.195850672,9774,1.702725527,110.6771593,1.712902951,65
"KCAE20130719_111028",6403.14,"2013","07","19",0.523124571,6385.56,0.769401645,7522.439886,2.576064394,9777,3.781959828,7518.536139,4.609980393,1988,1.462785078,17.58,0.003759348,36.74386482,0.070696764,9774,1.098613628,31.85979523,0.70659775,29
"KCAE20130719_111612",4400.48,"2013","07","19",0.481908785,4379.4,0.500287907,4888.813429,1.985673124,9772,3.573226737,4884.60095,4.149307072,1367,1.465521263,21.08,0.004316982,42.19418248,0.076600098,9774,1.165988014,37.31161645,0.672468186,32
"KCAE20130719_112158",2903.64,"2013","07","19",0.524923767,2879.27,0.328856606,3213.586751,1.618874822,9772,3.388768505,3209.163774,4.085385924,947,1.468290425,24.37,0.005313259,51.91053816,0.108343555,9770,1.469686778,47.02997688,1.215832905,32
"KCAE20130719_112743",2858.17,"2013","07","19",0.483535289,2833.01,0.295847423,2891.612716,1.611736194,9774,3.773983686,2887.09752,4.481911598,765,1.457663935,25.16,0.005421286,52.96595959,0.19116036,9770,1.602813198,48.08439594,3.108364456,30
"KCAE20130719_113328",2215.77,"2013","07","19",0.523721825,2193.87,0.23981213,2343.923763,1.334203167,9774,3.55525067,2339.354941,3.830901448,658,1.462347147,21.9,0.004311424,42.14417081,0.080670633,9775,1.330682102,37.25909885,0.725360608,28
"KCAE20130719_113916",2029.8,"2013","07","19",0.53056993,2011.02,0.222094513,2169.863395,1.268512174,9770,3.475568275,2165.279036,3.734746309,623,1.465541991,18.78,0.003299399,32.23842358,0.081678963,9771,1.367567343,27.35134687,1.211332554,20
"KCAE20130719_114501",2347.58,"2013","07","19",0.483431891,2337.45,0.267448077,2612.967708,2.778627655,9770,3.858594543,2608.409911,9.892627473,676,1.461738099,10.13,0.001938907,18.93924705,0.039700421,9768,1.003619056,14.05066678,0.31946497,14
"KCAE20130719_115048",1409.64,"2013","07","19",0.483107372,1401.22,0.165720197,1620.080645,0.951010312,9776,3.04801258,1615.446668,2.812773826,530,1.498826764,8.42,0.00150946,14.74893718,0.039440973,9771,1.407906433,9.85534503,0.473026533,7
"KCAE20130719_115634",1520.77,"2013","07","19",0.497322512,1511.57,0.172138963,1681.797672,1.24855676,9770,3.516017063,1677.140139,4.4959091,477,1.494152426,9.2,0.001712194,16.73669329,0.042874576,9775,1.076645558,11.84310114,0.724032778,11
"KCAE20130719_120219",1170.22,"2013","07","19",0.526185194,1164.46,0.13593081,1328.315871,0.962477157,9772,3.001449643,1323.639292,3.457273571,441,1.462349071,5.76,0.000959045,9.372749787,0.021308744,9773,0.895430578,4.477152889,0.329641874,5
"KCAE20130719_120806",1272.84,"2013","07","19",0.522481493,1257.73,0.146186684,1428.097712,0.911998542,9769,3.094417739,1423.43216,2.925554976,460,1.462257282,15.11,0.00321271,31.39460395,0.154076945,9772,3.312626475,26.5010118,4.539841297,8
"KCAE20130719_121351",872.83,"2013","07","19",0.483503026,868.82,0.09910834,968.1893783,0.706524512,9769,2.784585812,963.466691,2.575839485,346,1.494462942,4.01,0.000501187,4.898604021,0,9774,NA,0,NA,0
"KCAE20130719_121937",741.32,"2013","07","19",0.482449935,731.52,0.084157542,822.471662,0.623418226,9773,2.819720357,817.7189035,2.324360798,290,1.497925254,9.8,0.001693988,16.55704354,0.043880759,9774,1.457806127,11.66244902,0.512991439,8
"KCAE20130719_124944",182.71,"2013","07","19",0.52734375,175.64,0.021897232,214.0235429,0.279884946,9774,2.404236117,209.1685421,1.763213175,87,1.494498251,7.07,0.000927155,9.057373371,0.033548734,9769,2.08113883,4.16227766,1.528961196,2
"KCAE20130719_125530",176.73,"2013","07","19",0.523219521,171.55,0.024596651,240.3830715,0.281579727,9773,2.10304555,235.5411016,1.603348082,112,1.496852913,5.18,0.000697211,6.812444774,0.013899725,9771,0.958173345,1.916346689,0.231711976,2
"KCAE20130720_100135",335.98,"2013","07","20",0.49714372,331.97,0.042773749,417.8139759,0.52775863,9768,4.009417489,412.9700013,3.257712292,103,1.494504999,4.01,0.000501187,4.896098085,0,9769,NA,0,NA,0
"KCAE20130720_100720",651.45,"2013","07","20",0.499027703,645.07,0.084099361,821.8189548,0.755360683,9772,4.513878829,817.012068,3.296678211,181,1.494190629,6.38,0.001038859,10.15692217,0.022559573,9777,0.876636951,5.259821709,0.272941405,6
"KCAE20130720_101305",894.22,"2013","07","20",0.49384304,886.01,0.116798465,1141.121004,0.902993574,9770,3.905052407,1136.37025,3.553196988,291,1.496979931,8.21,0.001486369,14.52925994,0.045128234,9775,1.376237577,9.633663038,1.054059334,7
"KCAE20130720_101850",2286.85,"2013","07","20",0.49759403,2281.25,0.295990363,2892.12184,1.511778369,9771,4.442385402,2887.550511,3.994893706,650,1.496141742,5.6,0.00077812,7.603009732,0.019636798,9771,1.353455823,2.706911647,0.327301866,2
"KCAE20130720_102435",4054.93,"2013","07","20",0.48345437,4050.29,0.512152228,5004.75157,2.0640171,9772,4.907129223,5000.364678,4.393673405,1019,1.495122651,4.64,0.000673522,6.583682007,0.01206738,9775,0.842789586,1.685579173,0.068534701,2
"KCAE20130720_103019",5082.47,"2013","07","20",0.495298045,5075.38,0.654138382,6393.548541,2.31762755,9774,5.095118362,6389.278426,4.387714192,1254,1.495790935,7.09,0.000905285,8.845543279,0.020859249,9771,0.987611892,3.950447568,0.344021897,4
"KCAE20130720_103604",7579.31,"2013","07","20",0.498256839,7572.02,0.973991592,9521.741803,2.978575405,9776,5.709464712,9517.677675,5.000371172,1667,1.49650427,7.29,0.001047245,10.2378698,0.029175846,9776,1.335067038,5.340268153,0.632303721,4
"KCAE20130720_104149",5190.04,"2013","07","20",0.495657695,5186.03,0.690078998,6742.07181,2.049186291,9770,4.224435489,6737.974604,3.285844572,1595,1.495849722,4.01,0.000501187,4.898604021,0,9774,NA,0,NA,0
"KCAE20130720_104735",2524.31,"2013","07","20",0.497461635,2516.48,0.341819703,3339.920321,1.358566074,9771,3.235247279,3335.539944,2.852840215,1031,1.498484064,7.83,0.001231624,12.03666305,0.035129889,9773,1.190261224,7.141567344,0.84519286,6
"KCAE20130720_105320",993.9,"2013","07","20",0.527554636,987.8,0.151146063,1476.394745,0.776957309,9768,2.600323004,1471.78282,2.01411454,566,1.488545673,6.1,0.000887401,8.668136249,0.027034045,9768,1.886770863,3.773541725,0.153430083,2
"KCAE20130720_105906",496.92,"2013","07","20",0.482393241,472.01,0.075236663,735.1374349,0.566671807,9771,2.50132425,730.3866811,2.166351121,292,1.494955832,24.91,0.0030254,29.57026143,0.073831296,9774,1.542479775,24.67967641,1.009696999,16
"KCAE20130720_110451",719.77,"2013","07","20",0.527115196,712.16,0.060076523,586.9476339,3.143335118,9770,12.93496862,582.0735881,44.98214394,45,1.458165405,7.61,0.001106998,10.81315478,0.032645093,9768,1.479890657,5.919562626,0.743398547,4
"KCAE20130720_111238",2389.07,"2013","07","20",0.504201618,2215.17,0.177015279,1729.439273,6.399298493,9770,23.30513192,1724.579762,70.24078958,74,1.499584321,173.9,0.014144492,138.2199719,0.526074722,9772,7.842993555,133.3308904,10.18702793,17
"KCAE20130720_111824",10066.27,"2013","07","20",0.500474805,9822.52,0.765862662,7474.819579,20.21897199,9760,69.16650111,7469.982119,180.3060222,108,1.45668036,243.75,0.019325687,188.8506125,0.670036941,9772,8.76016837,183.9635358,11.78724154,21
"KCAE20130720_112410",19944.81,"2013","07","20",0.501029922,18416.45,1.413509848,13780.30751,27.25757876,9749,93.71085107,13775.49511,202.2322579,147,1.497930914,1528.36,0.115049138,1124.145131,3.046350152,9771,22.3854618,1119.27309,36.62883877,50
"KCAE20130720_112954",24306.94,"2013","07","20",0.483550681,21637.31,1.664279802,16213.41383,32.66645898,9742,111.0178386,16208.60443,243.8503863,146,1.450620242,2669.63,0.198933779,1944.179822,5.703946114,9773,41.26181436,1939.305275,71.97516764,47
"KCAE20130720_113449",29653.92,"2013","07","20",0.505175212,28035,2.152147952,20942.55172,37.81601501,9731,144.3982575,20937.74734,275.5813726,145,1.493955664,1618.92,0.121756162,1189.679463,2.998931386,9771,19.42316287,1184.812935,32.91387821,61
"KCAE20130720_113942",37361.12,"2013","07","20",0.501370656,34113.92,2.597621108,25298.23197,40.55362278,9739,194.5647389,25293.41606,294.1231522,130,1.493208985,3247.2,0.239422737,2339.878411,7.132468578,9773,38.91683966,2335.010379,83.0367728,60
"KCAE20130720_114436",33446.58,"2013","07","20",0.503175572,31376.1,2.353368025,22978.28539,30.81074584,9764,123.5133603,22973.48502,187.2212166,186,1.494283688,2070.48,0.152569003,1490.904299,5.375337617,9772,24.36126672,1486.03727,64.07696853,61
"KCAE20130720_114929",18928.12,"2013","07","20",0.501222121,18626.8,1.367865507,13362.67814,23.01868558,9769,73.80040196,13357.87275,152.9003548,181,1.494313428,301.32,0.023171142,226.4979107,0.498035443,9775,5.682521841,221.6183518,5.549373581,39
"KCAE20130720_115422",7850.56,"2013","07","20",0.501714325,7679.88,0.565593367,5526.412792,8.531027547,9771,30.84695756,5521.605404,55.2749127,179,1.499977463,170.68,0.014075625,137.5751588,0.344289055,9774,5.307563379,132.6890845,4.359474273,25
"KCAE20130720_115915",3057.61,"2013","07","20",0.501645857,2972.5,0.220271229,2153.151266,4.928062678,9775,17.18651847,2148.314809,40.25339588,125,1.494254434,85.11,0.007302467,71.37431148,0.261851325,9774,3.693596046,66.48472883,5.00028046,18
"KCAE20130720_120408",634.56,"2013","07","20",0.501304904,579.93,0.044886522,438.6310917,0.704825723,9772,5.707520793,433.7715803,5.654445354,76,1.494199404,54.63,0.005354744,52.29442663,0.202671649,9766,3.38620348,47.40684872,4.304322484,14
"KCAE20130720_120902",255.4,"2013","07","20",0.502625074,219.38,0.018969785,185.3347955,0.308478905,9770,3.404995456,180.4647592,2.475426147,53,1.494502491,36.02,0.004465428,43.6540274,0.106899406,9776,2.040207556,38.76394356,1.350095448,19
"KCAE20130720_121355",148.5,"2013","07","20",0.5032058,117.72,0.01219897,119.257133,0.263749822,9776,2.72329944,114.3785765,3.003871683,42,1.494419862,30.78,0.004010555,39.21119435,0.0940577,9777,1.716055526,34.32111051,1.208406743,20
"KCAE20130720_121849",365.19,"2013","07","20",0.504099679,339.16,0.026711423,261.0507374,0.973835509,9773,6.099373439,256.1736844,13.71469085,42,1.49431543,26.03,0.003409093,33.31706581,0.09414073,9773,2.030427114,28.42597959,1.493534157,14
"KCAE20130720_122342",79.21,"2013","07","20",0.500706625,59.66,0.007151127,69.89511961,0.201792859,9774,3.095573358,65.00704052,3.140249773,21,1.493682393,19.55,0.003247451,31.72759905,0.084341964,9770,1.789234505,26.83851758,1.241330431,15
"KCAE20130720_122835",31.87,"2013","07","20",0.504499034,21.73,0.003859498,37.71887361,0.079473701,9773,1.563395034,32.83129571,0.725791607,21,1.494359924,10.14,0.001695174,16.56015105,0.038091135,9769,1.060869639,11.66956603,0.426434268,11
"KCAE20130720_123330",63.53,"2013","07","20",0.496467672,50.38,0.008137702,79.54603725,0.144633058,9775,1.964894136,74.66597716,1.256267721,38,1.493991644,13.15,0.002309714,22.56821738,0.060093874,9771,1.473094264,17.67713116,0.919077529,12
"KCAE20130720_123823",64.18,"2013","07","20",0.50378323,46.42,0.008008601,78.26805527,0.187194687,9773,2.367273846,73.38548924,2.37577909,31,1.494022601,17.76,0.002862813,27.98113389,0.067533419,9774,1.649253321,23.08954649,0.710875736,14
"KCAE20130720_124317",67.97,"2013","07","20",0.497639953,29.28,0.005416831,52.91702682,0.09429277,9769,1.50115521,48.03696673,0.69611309,32,1.49323409,38.69,0.00567778,55.49462246,0.099325622,9774,1.581626763,50.61205643,0.73351919,32
"KCAE20130720_124810",75.45,"2013","07","20",0.498316605,55.43,0.009154456,89.4573461,0.154439646,9772,1.967006872,84.5812955,1.267717546,43,1.490745689,20.02,0.003149278,30.77789545,0.072798413,9773,1.617988226,25.88781161,0.816336585,16
"KCAE20130720_125304",133.48,"2013","07","20",0.498910499,88.03,0.012714879,124.2497994,0.215602235,9772,2.776133692,119.3737488,1.720867838,43,1.498990213,45.45,0.006913739,67.5679674,0.129614325,9773,1.791068746,62.68740612,1.240915333,35
"KCAE20130720_125758",113.09,"2013","07","20",0.500481469,95.18,0.011766743,114.9140102,0.234241146,9766,2.750986579,110.0394632,2.451726678,40,1.493794526,17.91,0.002792821,27.28306485,0.067883504,9769,1.317381585,22.39548694,0.986881145,17
"KCAE20130721_100240",26.13,"2013","07","21",0.461965876,13.24,0.002023036,19.76303525,0.051360016,9769,1.487194903,14.87194903,0.640015113,10,0.941327496,12.89,0.001540344,15.05840169,0.045918022,9776,1.693633737,10.16180242,0.827116991,6
"KCAE20130721_100552",17.29,"2013","07","21",0.463396302,11.96,0.001931699,18.86884045,0.086328701,9768,2.795149897,13.97574948,2.905153278,5,0.940515711,5.33,0.000811955,7.93280172,0.02203484,9770,1.518602411,3.037204822,0.367238734,2
"KCAE20130721_100905",16.79,"2013","07","21",0.461802399,7.15,0.001259071,12.29483172,0.039168789,9765,1.480648864,7.403244318,1.003904105,5,0.942789162,9.64,0.001352784,13.21670107,0.036793713,9770,1.38718482,8.323108918,0.582200475,6
"KCAE20130721_101217",25.47,"2013","07","21",0.46407933,15.73,0.00238704,23.32615108,0.059984731,9772,1.53621364,18.43456368,0.791517491,12,0.932582061,9.74,0.00139495,13.63424294,0.049569956,9774,2.184410917,8.737643668,1.283742761,4
"KCAE20130721_101528",15.98,"2013","07","21",0.462873422,9.15,0.001519513,14.84715722,0.038681542,9771,1.244258283,9.954066262,0.567344074,8,0.940701114,6.83,0.001137211,11.11623326,0.026121824,9775,1.036689195,6.220135172,0.215000642,6
"KCAE20130721_101840",17.44,"2013","07","21",0.46288847,10.26,0.001709898,16.70570449,0.042333273,9770,1.181411709,11.81411709,0.630331547,10,0.942633248,7.18,0.001268686,12.39887117,0.030043423,9773,1.072039521,7.504276647,0.362554396,7
"KCAE20130721_102153",11.93,"2013","07","21",0.462054398,5.13,0.000765551,7.482494839,0.018947581,9774,1.292446596,2.584893192,0.413581943,2,0.943036859,6.8,0.001075256,10.49879691,0.028951385,9764,1.401802378,5.607209511,0.332573445,4
"KCAE20130721_102505",22.51,"2013","07","21",0.461831319,5.2,0.000718215,7.019118914,0.015195339,9773,1.061009227,2.122018454,0.086280076,2,0.942743909,17.31,0.003807283,37.21238175,0.259430408,9774,6.463256733,32.31628366,10.59521251,5
"KCAE20130721_102817",29.99,"2013","07","21",0.462916687,21.71,0.003151573,30.80032778,0.090959291,9773,1.992980029,25.90874038,1.562811661,13,0.942011908,8.28,0.001458014,14.2564648,0.037863565,9778,1.337052049,9.359364344,0.503515346,7
"KCAE20130721_103129",15.84,"2013","07","21",0.462123455,10.45,0.001663532,16.2610222,0.044704139,9775,1.420740811,11.36592649,0.697906051,8,0.942268403,5.39,0.000744635,7.279547888,0.017047708,9776,1.190471933,2.380943866,0.096807838,2
"KCAE20130721_103442",22.2,"2013","07","21",0.464009526,15.76,0.002282426,22.29016967,0.05790882,9766,1.58191711,17.40108821,0.725782641,11,0.940710669,6.44,0.000774436,7.568563416,0.019131652,9773,1.335731478,2.671462956,0.108620181,2
"KCAE20130721_103754",22.76,"2013","07","21",0.462852183,11,0.001810978,17.70049456,0.071796203,9774,3.200973822,12.80389529,1.772145583,4,0.942665227,11.76,0.001423178,13.91013811,0.05013012,9774,2.253384711,9.013538842,1.192504908,4
"KCAE20130721_104106",43.66,"2013","07","21",0.463928604,35.87,0.004460305,43.57271967,0.112695558,9769,2.417790036,38.68464058,1.43101318,16,0.941303587,7.79,0.001115385,10.89173915,0.033878236,9765,1.49991264,5.99965056,0.859695366,4
"KCAE20130721_104418",221.58,"2013","07","21",0.46358869,210.19,0.027471803,268.3720387,0.411084129,9769,3.42226665,263.5145321,3.154464518,77,0.941038928,11.39,0.001624533,15.88956183,0.055871618,9781,1.83174277,10.99045662,1.4436956,6
"KCAE20130721_104731",100.22,"2013","07","21",0.462097961,95.4,0.012167879,118.9775234,0.233068687,9778,3.002525256,114.0959597,2.26587969,38,0.942582122,4.82,0.00067347,6.585185569,0.012065529,9778,0.842789586,1.685579173,0.068534701,2
"KCAE20130721_105043",210.1,"2013","07","21",0.464385802,198.4,0.025576087,249.8016382,0.340695745,9767,2.63390487,244.9531529,2.319055987,93,0.941423742,11.7,0.001680501,16.41849728,0.063407214,9770,1.920817522,11.52490513,1.852777211,6
"KCAE20130721_105355",268.49,"2013","07","21",0.462815239,259.65,0.032252233,315.0720611,0.459117366,9769,3.041442001,310.2270841,3.338355301,102,0.940881137,8.84,0.001485186,14.51323469,0.035865437,9772,1.068904859,9.620143727,0.536750678,9
"KCAE20130721_105721",229.53,"2013","07","21",0.464711223,218.95,0.026849234,262.3438648,0.3667138,9771,3.02928665,257.4893653,2.537556328,85,0.940828552,10.58,0.001864462,18.22324788,0.046163634,9774,1.110888175,13.3306581,0.741602035,12
"KCAE20130721_110033",161.77,"2013","07","21",0.463783208,149.84,0.01910345,186.6024988,0.278999148,9768,2.596314072,181.741985,2.057053773,70,0.934419255,11.93,0.001904583,18.60777631,0.05558626,9770,1.714398317,13.71518654,0.97864827,8
"KCAE20130721_110343",174.74,"2013","07","21",0.462080893,143.14,0.017911297,175.1187486,0.305047241,9777,2.745963139,170.2497146,2.701938776,62,0.941487718,31.6,0.003788058,37.00174805,0.113230776,9768,2.140911264,32.11366896,2.010862358,15
"KCAE20130721_110655",69,"2013","07","21",0.463829322,60.87,0.008258205,80.66614921,0.154199094,9768,2.165374111,75.78809387,1.42238011,35,0.940739227,8.13,0.001285468,12.55131012,0.029568822,9764,0.957715933,7.661727465,0.416081207,8
"KCAE20130721_111007",32.78,"2013","07","21",0.463921165,27.54,0.004473326,43.67755616,0.088664908,9764,1.385642759,38.79799726,0.926648015,28,0.940867488,5.24,0.000811061,7.92649784,0.016466148,9773,0.757599939,3.030399755,0.34528547,4
"KCAE20130721_111320",23.63,"2013","07","21",0.464197969,18.29,0.003192711,31.16405308,0.065999903,9761,1.314099412,26.28198824,0.651893646,20,0.941145244,5.34,0.000805156,7.867174978,0.01990955,9771,0.990526027,2.97157808,0.683076558,3
"KCAE20130721_111632",45.55,"2013","07","21",0.464503818,32.45,0.005054867,49.42649156,0.10775719,9778,1.781536499,44.53841247,1.197694287,25,0.940758344,13.1,0.002488923,24.30682226,0.059769357,9766,1.387088883,19.41924436,0.784762685,14
"KCAE20130721_111944",29.04,"2013","07","21",0.462812986,15.43,0.003109721,30.38508181,0.065919745,9771,1.214214585,25.49850628,0.761119717,21,0.941001885,13.61,0.001982099,19.36708693,0.054020533,9771,1.447499835,14.47499835,0.918596037,10
"KCAE20130721_112256",48.12,"2013","07","21",0.464368347,27.97,0.0055468,54.18113908,0.086024075,9768,1.120627146,49.30759442,0.63465505,44,0.941412139,20.15,0.002365089,23.11401175,0.093173791,9773,3.643682971,18.21841485,2.150830567,5
"KCAE20130721_112609",22.6,"2013","07","21",0.462440847,15.87,0.003282365,32.06214519,0.062728962,9768,1.235344291,27.17757441,0.486068779,22,0.941573478,6.73,0.000995167,9.720795705,0.029108477,9768,1.206800889,4.827203555,0.905052531,4
"KCAE20130721_113130",35.76,"2013","07","21",0.430369033,31.75,0.005748378,56.19039757,0.116571205,9775,1.603354074,51.30733036,1.281054481,32,0.940383541,4.01,0.000501187,4.898102834,0,9773,NA,0,NA,0
"KCAE20130721_113442",22.53,"2013","07","21",0.510361533,17.86,0.003460042,33.81845391,0.061214198,9774,0.99773739,28.93438432,0.53005457,29,1.53934151,4.67,0.000646879,6.323889601,0.01025221,9776,0.71264279,1.425285579,0.115520664,2
"KCAE20130721_114420",18.44,"2013","07","21",0.512591516,12.23,0.002106946,20.59118367,0.057063534,9773,1.207661251,15.69959626,1.036869627,13,1.540019144,6.21,0.001049336,10.25096102,0.029986433,9769,1.339216922,5.356867687,0.734290184,4
"KCAE20130721_115356",23.1,"2013","07","21",0.513491985,17.58,0.002458605,24.03286863,0.056378498,9775,1.196361401,19.14178242,0.740411943,16,1.540949981,5.52,0.00084984,8.306337214,0.021590735,9774,1.136412252,3.409236755,0.585698905,3
"KCAE20130721_120334",17.21,"2013","07","21",0.513059163,13.2,0.002376219,23.22278764,0.044430284,9773,0.916735428,18.33470855,0.365273762,20,1.540424609,4.01,0.000501187,4.896599273,0,9770,NA,0,NA,0
"KCAE20130721_121313",29.39,"2013","07","21",0.512950401,17.57,0.003394658,33.17599147,0.059941101,9773,0.808440863,28.29543019,0.602571922,35,1.540397429,11.82,0.001787395,17.46642608,0.055751796,9772,1.796047534,12.57233274,1.141570199,7
"KCAE20130721_122251",29.11,"2013","07","21",0.512348266,22.14,0.003424406,33.47014553,0.083028794,9774,1.299207619,28.58256763,1.202188374,22,1.540263747,6.97,0.001130967,11.04841219,0.02741353,9769,0.76954045,6.156323599,0.610991153,8
"KCAE20130721_123229",37.42,"2013","07","21",0.5122405,28.53,0.004923773,48.11018152,0.081466757,9771,1.02938407,43.23413092,0.708343431,42,1.539137688,8.89,0.001259598,12.3087885,0.031910453,9772,0.926899544,7.415196354,0.664346518,8
"KCAE20130721_124209",37.46,"2013","07","21",0.512699061,22.63,0.003525701,34.4425707,0.094260857,9769,1.34352267,29.55749874,1.499167431,22,1.540825491,14.83,0.001912475,18.68297298,0.063568058,9769,1.532376176,13.79138558,1.515386924,9
"KCAE20130721_125148",37.76,"2013","07","21",0.513623209,33.17,0.004690414,45.82534413,0.117601018,9770,1.516380626,40.94227691,1.678296778,27,1.540387637,4.59,0.000639713,6.251913849,0.010726513,9773,0.677406695,1.354813389,0.456215828,2
"KCAE20130722_100256",16.86,"2013","07","22",0.499997921,12.85,0.002198337,21.4865479,0.060404667,9774,1.659295576,16.59295576,0.952840312,10,1.490362423,4.01,0.000501187,4.89710046,0,9771,NA,0,NA,0
"KCAE20130722_100840",23.16,"2013","07","22",0.483634461,6.98,0.000953382,9.319305906,0.03441829,9775,2.210601536,4.421203072,1.345873282,2,1.488651397,16.18,0.001400337,13.68128781,0.065260937,9770,4.392845456,8.785690912,1.740285666,2
"KCAE20130722_101425",18.47,"2013","07","22",0.482130093,14.46,0.00297535,29.08404983,0.080482879,9775,2.015913239,24.19095887,1.153186595,12,1.489171249,4.01,0.000501187,4.896098085,0,9769,NA,0,NA,0
"KCAE20130722_102010",97.09,"2013","07","22",0.482576486,92.03,0.021872989,213.7865966,0.244753989,9774,1.547819651,208.9556529,1.41076589,135,1.459039228,5.06,0.00070232,6.864472843,0.014601757,9774,0.983435598,1.966871196,0.389601431,2
"KCAE20130722_102557",161.56,"2013","07","22",0.527500802,157.55,0.034826825,340.4670375,0.270080186,9776,1.478771809,335.6812006,1.00547157,227,1.452523148,4.01,0.000501187,4.898102834,0,9773,NA,0,NA,0
"KCAE20130722_103143",330.16,"2013","07","22",0.527762649,326.15,0.073667923,720.1776186,0.5971815,9776,1.811331598,715.4759811,2.386033831,395,1.481214177,4.01,0.000501187,4.89710046,0,9771,NA,0,NA,0
"KCAE20130722_103729",378.79,"2013","07","22",0.530054067,374.78,0.079332338,775.0769382,0.438968436,9770,1.656802991,770.413391,1.199392669,465,1.50113706,4.01,0.000501187,4.898102834,0,9773,NA,0,NA,0
"KCAE20130722_104314",556.19,"2013","07","22",0.499242568,530.77,0.107960544,1055.206354,0.552935142,9774,1.678309095,1050.621494,1.463486851,626,1.495897729,25.42,0.003471068,33.9053893,0.132425607,9768,3.223811454,29.01430309,3.119655318,9
"KCAE20130722_104858",732.55,"2013","07","22",0.483477136,725.12,0.136946975,1338.245841,0.659361702,9772,1.80965755,1333.717614,1.655734967,737,1.483881532,7.43,0.001014868,9.923379259,0.035915433,9778,2.511886432,5.023772863,0,2
"KCAE20130722_105443",1243.12,"2013","07","22",0.530445564,1239.11,0.199382518,1948.565349,0.947526214,9773,2.237172357,1944.102778,2.354663516,869,1.494996385,4.01,0.000501187,4.898102834,0,9773,NA,0,NA,0
"KCAE20130722_110028",2139.87,"2013","07","22",0.481871184,2135.51,0.313398095,3060.959198,1.147794531,9767,2.513711798,3056.673546,2.248317887,1216,1.494869167,4.36,0.000592543,5.787961708,0.00638414,9768,0.446683592,0.893367184,0,2
"KCAE20130722_110614",1836.22,"2013","07","22",0.527540416,1831.57,0.271553248,2654.704553,0.987583596,9776,2.306684778,2650.38081,1.899262808,1149,1.493099138,4.65,0.000664669,6.497800744,0.011504038,9776,0.799598361,1.599196723,0.129616317,2
"KCAE20130722_111159",2077.31,"2013","07","22",0.530889241,2067.76,0.306794162,2998.606137,1.090601953,9774,2.410893726,2994.330008,2.0714612,1242,1.49486628,9.55,0.000962457,9.402244457,0.032447351,9769,2.253574373,4.507148746,0.365308416,2
"KCAE20130722_111744",2128.71,"2013","07","22",0.483657888,2124.7,0.327935641,3204.259149,1.167468707,9771,2.382751409,3200.035143,2.241434449,1343,1.487968755,4.01,0.000501187,4.898102834,0,9773,NA,0,NA,0
"KCAE20130722_112331",1724.25,"2013","07","22",0.52721695,1720.24,0.277644273,2712.306905,0.986827249,9769,2.291034865,2708.00321,1.854412467,1182,1.492330186,4.01,0.000501187,4.896599273,0,9770,NA,0,NA,0
"KCAE20130722_112915",1199.82,"2013","07","22",0.52761779,1192.98,0.212612441,2077.648777,0.794553085,9772,1.974549925,2073.277422,1.548860099,1050,1.49234275,6.84,0.001157396,11.30544237,0.03908341,9768,1.282470281,6.412351407,1.294816747,5
"KCAE20130722_113503",1065.78,"2013","07","22",0.526898024,1061.14,0.184867032,1806.705501,0.877726684,9773,2.145509995,1802.228395,2.182301818,840,1.487655757,4.64,0.000668003,6.52705543,0.01195437,9771,0.815478672,1.630957344,0.260952564,2
"KCAE20130722_114047",1359.53,"2013","07","22",0.481405114,1354.28,0.229279081,2240.515178,0.979634653,9772,2.066691183,2236.159861,2.207824388,1082,1.487916425,5.25,0.000747866,7.311141566,0.017496071,9776,1.206268772,2.412537545,0.291708095,2
"KCAE20130722_114633",1199.6,"2013","07","22",0.526673612,1194.98,0.204023475,1994.329466,0.89682232,9775,2.213438185,1989.880928,2.074219336,899,1.487163756,4.62,0.000654643,6.399791255,0.011305813,9776,0.750593617,1.501187234,0.35271389,2
"KCAE20130722_115220",1146.44,"2013","07","22",0.524381331,1141.22,0.195511552,1910.734399,0.870941031,9773,2.045389917,1906.303402,2.043267412,932,1.486760275,5.22,0.0008235,8.045592318,0.016232174,9770,0.787749449,3.150997795,0.178834821,4
"KCAE20130722_120026",1032.39,"2013","07","22",0.505666525,1027.58,0.166969168,1631.455739,0.704744241,9771,1.932281043,1626.980638,1.534784297,842,1.499556808,4.81,0.000724596,7.083649847,0.013658846,9776,0.728515671,2.185547013,0.342152431,3
"KCAE20130722_120612",819.21,"2013","07","22",0.504654728,815.2,0.142626848,1393.892183,0.646923581,9773,1.81144523,1389.378491,1.520831004,767,1.493128712,4.01,0.000501187,4.898604021,0,9774,NA,0,NA,0
"KCAE20130722_121157",771.7,"2013","07","22",0.502850793,766.86,0.136981346,1338.444729,0.611342673,9771,1.827278761,1333.913495,1.384485047,730,1.495790092,4.84,0.000718673,7.022152828,0.010765194,9771,0.531764279,2.127057118,0.035307331,4
"KCAE20130722_121742",1029.39,"2013","07","22",0.501693801,1025.38,0.170564736,1666.076345,0.692282983,9768,1.890354143,1661.621292,1.441339565,879,1.497074135,4.01,0.000501187,4.89710046,0,9771,NA,0,NA,0
"KCAE20130722_122328",1140.54,"2013","07","22",0.482521241,1134.7,0.186376448,1820.711525,0.784587406,9769,2.009146571,1816.2685,1.730178334,904,1.490162846,5.84,0.000930407,9.091004568,0.016269908,9771,0.599630346,4.197412419,0.112045852,7
"KCAE20130722_122912",938.31,"2013","07","22",0.497447299,933.52,0.153683591,1501.642372,0.645751373,9771,1.850618952,1497.150732,1.37793771,809,1.451137921,4.79,0.000680509,6.648572697,0.013015742,9770,0.876487899,1.752975799,0.347232641,2
"KCAE20130722_123457",900.18,"2013","07","22",0.524322622,895.43,0.144318101,1410.565121,0.622040462,9774,1.864780387,1406.044412,1.345452743,754,1.489654419,4.75,0.000687696,6.720855287,0.010659171,9773,0.608085338,1.824256014,0.039615477,3
"KCAE20130722_124043",869.29,"2013","07","22",0.483662694,848.84,0.137411262,1342.508034,0.637054291,9770,1.933465689,1337.958256,1.503594409,692,1.452029646,20.45,0.003851893,37.64455015,0.068187942,9773,1.092049431,32.76148293,0.581355232,30
"KCAE20130722_124628",709.68,"2013","07","22",0.498292184,696.76,0.112650761,1100.259987,0.521500848,9767,1.805056198,1095.669112,1.150541895,607,1.495620289,12.92,0.002523141,24.65866009,0.052558495,9773,1.098309924,19.76957863,0.560502409,18
"KCAE20130722_125214",866.87,"2013","07","22",0.483904357,862.86,0.130152543,1271.850655,0.644952422,9772,1.980115333,1267.273813,1.640911136,640,1.497558606,4.01,0.000501187,4.898102834,0,9773,NA,0,NA,0
"KCAE20130722_125759",762.23,"2013","07","22",0.527508522,756.47,0.109469022,1069.293411,0.575284053,9768,1.92179688,1064.675471,1.535221122,554,1.487406117,5.76,0.000920509,8.996132164,0.017624563,9773,0.683506075,4.101036453,0.218254035,6
"KCAE20130723_100005",77.48,"2013","07","23",0.53195749,20.51,0.003278463,32.00763197,0.094097975,9763,2.465459461,27.12005407,1.4027126,11,0.878194038,56.97,0.007914085,77.3680982,0.187893037,9776,2.499414698,72.48302623,2.424129364,29
"KCAE20130723_100421",161.52,"2013","07","23",0.536051382,61.45,0.007526346,73.51735103,0.167691986,9768,2.859740943,68.63378263,1.852494835,24,0.878303582,100.07,0.011404916,111.4374324,0.309121901,9771,3.228996096,106.5568712,4.296736783,33
"KCAE20130723_100837",114.45,"2013","07","23",0.529907189,52.23,0.006641001,64.83609503,0.161392546,9763,2.606718756,59.95453138,2.115094564,23,0.878669728,62.22,0.007499948,73.24449671,0.153963563,9766,2.010792428,68.36694255,1.692696599,34
"KCAE20130723_101254",181.71,"2013","07","23",0.533480209,79.84,0.010709837,104.667236,0.181023445,9773,2.267981488,99.79118545,1.486508307,44,0.87828796,101.87,0.014234135,138.9820929,0.700939999,9764,8.93973457,134.0960185,16.03549578,15
"KCAE20130723_101711",148.82,"2013","07","23",0.53391999,81.77,0.011561291,113.0809876,0.202991598,9781,2.003813692,108.2059394,1.880741695,54,0.878580527,67.05,0.008199071,80.12951921,0.14451324,9773,2.033782711,75.2499603,1.19828199,37
"KCAE20130723_102127",183.27,"2013","07","23",0.535709643,119.87,0.017442439,170.5172844,0.241464382,9776,2.366468016,165.6527611,1.619141305,70,0.877280435,63.4,0.007603285,74.34491804,0.141576679,9778,2.042980872,69.46134963,1.286578357,34
"KCAE20130723_102543",295.18,"2013","07","23",0.534098386,214.04,0.028264886,276.317521,0.365234519,9776,2.798624018,271.4665298,2.397966331,97,0.878716346,81.14,0.010624292,103.8737005,0.176428161,9777,2.302212652,98.99514402,1.358306027,43
"KCAE20130723_103000",1146.79,"2013","07","23",0.525018876,1070.58,0.130050053,1271.369314,1.213984935,9776,4.572593996,1266.608537,5.6400647,277,0.909094182,76.21,0.009981689,97.4711941,0.192142861,9765,2.204717872,92.59815063,1.958680624,42
"KCAE20130723_103415",2319.54,"2013","07","23",0.539525014,2233.1,0.252082686,2463.099924,1.921570915,9771,6.010777041,2458.40781,7.329608417,409,0.877513154,86.44,0.01118754,109.3805831,0.189429138,9777,2.13275579,104.5050337,1.6402086,49
"KCAE20130723_103831",3433.83,"2013","07","23",0.535201886,3295.09,0.37027614,3619.078997,2.270659372,9774,6.210433133,3614.472084,7.099146757,582,0.877673182,138.74,0.016276699,159.0884522,0.226342075,9774,2.17218919,154.2254325,1.550383149,71
"KCAE20130723_104248",5209.07,"2013","07","23",0.527007239,4884.24,0.542055347,5300.217186,3.116036993,9778,6.419066735,5295.730057,8.800028238,825,0.873308561,324.83,0.039628848,387.3719855,0.667492959,9775,3.161434082,382.5335239,5.132225861,121
"KCAE20130723_104703",5003.39,"2013","07","23",0.525773833,4857.72,0.550704179,5380.93053,2.973065068,9771,5.307543072,5376.541132,7.7501267,1013,0.92185804,145.67,0.020067946,196.2243767,0.235041176,9778,1.822632311,191.3763926,1.370186136,105
"KCAE20130723_105119",5057.71,"2013","07","23",0.534214419,4756.83,0.552711463,5403.307266,2.470110606,9776,4.521780634,5399.006078,5.659741892,1194,0.878450125,300.88,0.041194882,402.8447553,0.488221649,9779,2.08397577,398.0393721,2.826357253,191
"KCAE20130723_105536",4533.62,"2013","07","23",0.53364503,4184.93,0.508229567,4964.386412,1.999139291,9768,3.769111229,4960.150378,4.169604698,1316,0.877116137,348.69,0.047080396,460.0696317,0.547587555,9772,2.188828255,455.276277,3.073174761,208
"KCAE20130723_105952",4928.72,"2013","07","23",0.534672657,4432.51,0.536733913,5240.669929,3.065728188,9764,4.040452064,5236.425875,7.529336155,1296,0.878507503,496.21,0.06607075,646.2380047,0.616938837,9781,2.167176499,641.4842438,2.837333301,296
"KCAE20130723_110409",4275.4,"2013","07","23",0.534998495,3783.39,0.466194592,4557.052134,2.002507699,9775,3.4674875,4552.811087,4.411369549,1313,0.87895604,492.01,0.067559028,659.6463531,0.468675138,9764,1.949170119,654.9211599,1.650432086,336
"KCAE20130723_110826",3550.74,"2013","07","23",0.528835113,3518.93,0.454229029,4437.817611,1.444292184,9770,2.218070478,4433.922885,2.507143741,1999,1.527705494,31.81,0.005440727,53.15046072,0.094978427,9769,1.340900149,48.27240537,0.822442779,36
"KCAE20130723_111803",2020.42,"2013","07","23",0.523343306,1958.06,0.278443855,2721.510236,1.008527251,9774,1.696263754,2717.414534,1.950146659,1602,1.540645872,62.36,0.009798795,95.74402244,0.170294792,9771,1.682851594,90.87398609,1.574210754,54
"KCAE20130723_112741",1422.93,"2013","07","23",0.523308197,1382.15,0.231694084,2264.114587,0.751983548,9772,1.51573726,2259.964255,1.327147027,1491,1.540280056,40.78,0.008270939,80.84015391,0.117304177,9774,1.168832724,75.97412706,0.850957705,65
"KCAE20130723_113718",1492.72,"2013","07","23",0.523630762,1443.91,0.261176673,2551.957275,0.762309901,9771,1.482211585,2547.921715,1.222475229,1719,1.540784719,48.81,0.008970781,87.62659296,0.120240488,9768,1.074929708,82.76958748,0.835253218,77
"KCAE20130723_114656",1110.96,"2013","07","23",0.523762511,1072.34,0.199197515,1946.159717,0.661077705,9770,1.326500585,1941.996856,1.192621704,1464,1.540871041,38.62,0.007755468,75.75541361,0.152813307,9768,1.312720015,70.88688082,1.599578515,54
"KCAE20130723_115844",1008.17,"2013","07","23",0.523799102,975.79,0.173082388,1691.70726,0.654153527,9774,1.351028534,1687.434639,1.326221465,1249,1.540760285,32.38,0.0058865,57.52287316,0.144855909,9772,1.385376753,52.64431662,1.891882612,38
"KCAE20130723_120822",1048.09,"2013","07","23",0.523216993,1002.44,0.178789563,1747.667977,0.63800289,9775,1.434878859,1743.377814,1.214075457,1215,1.540635753,45.65,0.008109649,79.2393836,0.204317369,9771,1.517690639,74.36684131,2.481719366,49
"KCAE20130723_121801",818.93,"2013","07","23",0.523349412,790.49,0.133225867,1301.483493,0.56923101,9769,1.499446153,1297.020922,1.270043866,865,1.540675387,28.44,0.00528656,51.65498042,0.093607934,9771,1.230971713,46.77692508,0.874544705,38
"KCAE20130723_122740",727.68,"2013","07","23",0.523995185,690.05,0.115019046,1124.081139,0.952823793,9773,1.741065785,1119.5053,3.314250546,643,1.540139341,37.63,0.008024363,78.43814879,0.276240658,9775,1.565161689,73.56259938,3.704676273,47
"KCAE20130723_123718",1182.36,"2013","07","23",0.523244399,1143.14,0.180188578,1760.442408,2.155345866,9770,2.632503898,1755.8801,7.853471525,667,1.540423723,39.22,0.007550489,73.76072979,0.096661001,9769,0.943852306,68.90121837,0.60996077,73
"KCAE20130723_124658",1468.72,"2013","07","23",0.523510225,1377.3,0.229656113,2244.658848,1.362850173,9774,2.338455513,2240.240381,3.745952887,958,1.540627362,91.42,0.018537959,181.1714736,0.164264045,9773,0.990801023,176.3625821,0.722091386,178
"KCAE20130723_125638",2808.59,"2013","07","23",0.522189271,2720.29,0.468346055,4576.677651,2.805116787,9772,3.495745873,4572.435602,6.945204046,1308,1.540364263,88.3,0.018838606,184.090856,0.174926436,9772,0.953656796,179.2874776,0.838486787,188
"KCAE20130724_100354",799.29,"2013","07","24",0.510830807,795.28,0.132790103,1297.492101,0.801659792,9771,2.575391627,1292.846597,2.496096061,502,1.449706588,4.01,0.000501187,4.898102834,0,9773,NA,0,NA,0
"KCAE20130724_100939",2064.37,"2013","07","24",0.524446986,2059.38,0.274332382,2679.130046,2.86077821,9766,5.3382965,2674.486547,11.52172167,501,1.455134943,4.99,0.00066369,6.484253368,0.011357203,9770,0.794328235,1.588656469,0,2
"KCAE20130724_101525",5573.98,"2013","07","24",0.511301137,5569.97,0.741730583,7251.158176,4.143173722,9776,6.274318131,7246.837441,10.51968527,1155,1.448735602,4.01,0.000501187,4.898102834,0,9773,NA,0,NA,0
"KCAE20130724_102112",30264.13,"2013","07","24",0.508679413,30260.12,3.985267615,38952.00567,15.28563791,9774,12.16007255,38948.71237,24.77307091,3203,1.450190534,4.01,0.000501187,4.897601647,0,9772,NA,0,NA,0
"KCAE20130724_102658",34160.2,"2013","07","24",0.510192865,34156.19,4.292986829,41938.18833,12.59392315,9769,10.62459347,41935.27042,18.03701135,3947,1.450062341,4.01,0.000501187,4.896599273,0,9770,NA,0,NA,0
"KCAE20130724_103455",47199.42,"2013","07","24",0.514439875,47189.72,5.843634179,57092.30593,14.07598571,9770,11.15910348,57089.9734,17.86294382,5116,1.450171703,9.7,0.001113105,10.87725986,0.042841492,9772,2.990330296,5.980660591,0.243170295,2
"KCAE20130724_104040",45204.56,"2013","07","24",0.487284956,45193.65,5.589737349,54639.68259,10.36509061,9775,9.212233355,54637.75603,11.9876019,5931,1.450169173,10.91,0.001693849,16.55229726,0.05231192,9772,1.942950457,11.65770274,0.907077544,6
"KCAE20130724_104626",35121.54,"2013","07","24",0.510827423,35115.87,4.443562136,43404.71494,8.192630839,9768,7.362641873,43402.77384,9.472565837,5895,1.45008518,5.67,0.000886236,8.663846838,0.019468809,9776,0.941561298,3.766245191,0.233905621,4
"KCAE20130724_105211",40732.89,"2013","07","24",0.513088551,40716.59,5.187743647,50715.3819,8.815217121,9776,7.668803363,50713.79664,9.790457981,6613,1.472527697,16.3,0.001796614,17.55831276,0.052156788,9773,1.809102605,12.66371823,0.785514369,7
"KCAE20130724_105757",24953.59,"2013","07","24",0.507846447,24949.58,3.460850364,33819.42976,6.449279265,9772,6.0151814,33817.34983,7.545552561,5622,1.449334477,4.01,0.000501187,4.899606396,0,9776,NA,0,NA,0
"KCAE20130724_110343",13842.88,"2013","07","24",0.511257711,13837.2,2.145428024,20967.26807,4.050415366,9773,4.680646302,20964.61479,4.892181093,4479,1.449455978,5.68,0.000760401,7.432157646,0.018238702,9774,1.267277999,2.534555999,0.205428019,2
"KCAE20130724_110928",18250.83,"2013","07","24",0.508197531,18243.65,2.846606519,27805.65247,6.405096726,9768,6.020587128,27803.07136,8.226471308,4618,1.470769244,7.18,0.001183785,11.5691321,0.02654556,9773,0.953505368,6.674537576,0.298059892,7
"KCAE20130724_111512",5592.06,"2013","07","24",0.510561611,5584.39,1.026023819,10028.35681,2.470191557,9774,3.497869716,10024.89461,3.488044909,2866,1.472174994,7.67,0.001243531,12.15427293,0.030940968,9774,1.209779339,7.258676035,0.342748422,6
"KCAE20130724_112059",2828.72,"2013","07","24",0.508621399,2824.71,0.570455787,5573.92349,1.823592932,9771,2.836054339,5570.010721,3.181780045,1964,1.449913432,4.01,0.000501187,4.898102834,0,9773,NA,0,NA,0
"KCAE20130724_112648",1932.7,"2013","07","24",0.50819329,1928.69,0.397001112,3879.097864,1.415185673,9771,2.526055792,3874.969584,2.717209417,1534,1.450640051,4.01,0.000501187,4.896599273,0,9770,NA,0,NA,0
"KCAE20130724_113234",2189.24,"2013","07","24",0.512704026,2184.25,0.421521819,4118.689689,1.332180022,9771,2.443370895,4114.636588,2.315232378,1684,1.450002521,4.99,0.000675846,6.605046244,0.012386107,9773,0.853972892,1.707945784,0.206513516,2
"KCAE20130724_113819",3727.77,"2013","07","24",0.506800159,1716.99,0.339020151,3313.921973,1.171370123,9775,2.319367948,3309.738062,2.192996489,1427,1.461196533,2010.78,0.268243075,2622.076058,12.5081204,9775,327.1476203,2617.180962,310.2236962,8
"KCAE20130724_114404",1281.84,"2013","07","24",0.508786477,1272.83,0.258540441,2526.97427,0.90634242,9774,2.050969208,2522.692126,1.689351663,1230,1.451055305,9.01,0.001375458,13.44647529,0.038587549,9776,1.424979336,8.549876015,0.691029457,6
"KCAE20130724_114952",2979.34,"2013","07","24",0.508284382,2970.2,0.554945983,5421.822252,1.543502045,9770,2.676847853,5417.940055,2.413041974,2024,1.455874485,9.14,0.001270779,12.4218616,0.056693479,9775,3.761879384,7.523758768,1.767756986,2
"KCAE20130724_115537",1642.34,"2013","07","24",0.514378837,1637.52,0.305444533,2985.41487,0.998639402,9774,2.160295583,2981.207904,1.748926972,1380,1.47017922,4.82,0.000675882,6.60404387,0.012387374,9771,0.853972892,1.707945784,0.206513516,2
"KCAE20130724_120123",1228.91,"2013","07","24",0.510191459,1224.9,0.235451257,2300.123331,0.92518954,9769,2.157669639,2295.760496,1.927481728,1064,1.497446134,4.01,0.000501187,4.898604021,0,9774,NA,0,NA,0
"KCAE20130724_120709",1166.49,"2013","07","24",0.508579515,1162.48,0.225789253,2206.186789,0.960718569,9771,2.150198149,2201.802904,2.161905768,1024,1.449393594,4.01,0.000501187,4.898604021,0,9774,NA,0,NA,0
"KCAE20130724_121256",1480.59,"2013","07","24",0.510034353,1476.58,0.265074138,2590.56955,1.006458737,9773,2.252828232,2586.24681,2.036921236,1148,1.450241707,4.01,0.000501187,4.895596898,0,9768,NA,0,NA,0
"KCAE20130724_121841",1311.88,"2013","07","24",0.509579335,1305.48,0.249332563,2437.225802,0.967963201,9775,2.158732506,2432.891535,2.002106308,1127,1.460268456,6.4,0.001004055,9.811623107,0.026386558,9772,0.983305479,4.916527396,0.702853615,5
"KCAE20130724_122426",983.36,"2013","07","24",0.504109819,976.45,0.191173363,1867.954932,0.748720583,9771,1.965752064,1863.532957,1.514013521,948,1.449670855,6.91,0.001174465,11.47099925,0.032895084,9767,1.315681894,6.57840947,0.693466545,5
"KCAE20130724_123011",1268.93,"2013","07","24",0.506861566,1260.68,0.237474854,2321.079221,0.881040563,9774,2.030457907,2316.752472,1.735402117,1141,1.450146974,8.25,0.001374093,13.42901176,0.034817114,9773,1.066864803,8.534918427,0.627503152,8
"KCAE20130725_100324",1780.71,"2013","07","25",0.532218884,1763.62,0.271093923,2650.485286,2.399222898,9777,3.629561788,2645.950544,8.06806448,729,0.894977113,17.09,0.002436139,23.80839027,0.097964846,9773,1.719618227,18.9158005,2.476096977,11
"KCAE20130725_100740",2887.35,"2013","07","25",0.526133411,2872.09,0.393627369,3848.101164,2.865751169,9776,4.675928873,3843.613533,8.816696775,822,0.875871928,15.26,0.002765087,27.05361604,0.052060062,9784,1.007319376,22.16102626,0.450581569,22
"KCAE20130725_101157",5817.38,"2013","07","25",0.541132868,5789.02,0.767846326,7504.162145,4.715142698,9773,5.656054763,7499.928616,11.67479836,1326,0.878853982,28.36,0.003400916,33.24055252,0.091517124,9774,2.02492608,28.34896512,1.37445558,14
"KCAE20130725_101613",3664.07,"2013","07","25",0.536997124,3649.99,0.517429108,5055.799811,2.467487731,9771,3.673884977,5051.591843,5.629360771,1375,0.878660854,14.08,0.002431072,23.75400226,0.053687082,9771,1.17905755,18.8649208,0.631008085,16
"KCAE20130725_102029",8057.73,"2013","07","25",0.531283533,7848.97,1.180795849,11543.46022,5.005495476,9776,4.381124048,11539.88074,8.88773072,2634,0.879565025,208.76,0.030503109,298.3509103,1.124476624,9781,5.754399186,293.4743585,14.61959498,51
"KCAE20130725_102445",12735.16,"2013","07","25",0.531651299,12433.79,1.856578643,18149.91281,5.297729036,9776,5.071773744,18146.80646,7.770915161,3578,0.878916085,301.37,0.043045666,420.7283432,0.958288802,9774,4.077263336,415.8808603,8.499952557,102
"KCAE20130725_102901",16080.67,"2013","07","25",0.538568679,15532.14,2.259620457,22083.27073,6.317367727,9773,5.637052789,22080.33577,8.974823736,3917,0.879213393,548.53,0.078541112,767.6608285,1.437104406,9774,5.372066148,762.833393,10.70102194,142
"KCAE20130725_103318",22108.17,"2013","07","25",0.533177392,20907.97,3.021987306,29545.96989,7.114210464,9777,6.073911915,29543.50756,9.121675071,4864,0.879173455,1200.2,0.174580555,1704.779115,2.190185626,9765,4.239615954,1700.085998,9.990866639,401
"KCAE20130725_103735",31874.3,"2013","07","25",0.536901698,29794.95,4.212765358,41167.14308,11.29888534,9772,7.799335116,41164.89074,14.43642558,5278,0.878773038,2079.35,0.312692791,3055.946648,2.537574465,9773,3.451913569,3051.491595,7.772732333,884
"KCAE20130725_104151",40992.34,"2013","07","25",0.533724232,37144.51,5.163740405,50444.58001,12.58444059,9769,9.098568272,50442.4625,15.59724789,5544,0.88450795,3847.83,0.58238035,5688.691254,2.741980182,9768,3.789698292,5684.547438,6.068489097,1500
"KCAE20130725_104608",56193.95,"2013","07","25",0.53719073,49950.47,6.749217549,65926.35702,16.33465502,9768,11.32137727,65924.37984,19.89597134,5823,0.878618837,6243.48,0.921541678,9008.991444,3.56862491,9776,4.22777435,9005.159366,6.669963131,2130
"KCAE20130725_105024",61902.23,"2013","07","25",0.531868525,55279.34,7.291828504,71226.58083,18.46529291,9768,11.79412351,71224.7119,22.32570809,6039,0.887262944,6622.89,1.016061078,9926.916731,3.322120407,9770,4.017513386,9923.258064,5.621911581,2470
"KCAE20130725_105440",57018.24,"2013","07","25",0.53288469,49970.53,6.619497386,64692.34795,12.95292947,9773,10.43059629,64690.55822,14.98803522,6202,0.879171059,7047.71,1.085923364,10598.61204,3.230795989,9760,3.883829798,10595.08769,5.146358837,2728
"KCAE20130725_110108",67445.48,"2013","07","25",0.504062408,54953.31,7.082769037,69255.31565,13.3885634,9778,10.41879742,69253.74643,15.13079394,6647,0.880844535,12492.17,1.823777498,17829.24882,4.513317176,9776,4.510711008,17826.3299,6.186673019,3952
"KCAE20130725_110526",49498.63,"2013","07","25",0.525606048,44346.92,5.719884857,55871.83528,11.02852191,9768,9.165025414,55869.99493,12.77991979,6096,0.91838921,5151.71,0.823779984,8053.273123,2.048679731,9776,2.936792145,8049.747271,2.960828839,2741
"KCAE20130725_110942",38561.72,"2013","07","25",0.538582754,34036.61,4.459489572,43627.18648,7.905411186,9783,7.700815992,43625.12259,9.108739439,5665,0.878965262,4525.11,0.761205398,7440.02156,2.42928649,9774,3.03896582,7436.349361,4.081111108,2447
"KCAE20130725_111358",36856.98,"2013","07","25",0.531238887,33045.94,4.342877423,42434.2553,7.976978325,9771,7.686979123,42432.12476,9.323933641,5520,0.919282496,3811.04,0.653280181,6383.200644,1.909245897,9771,2.83404341,6379.431716,3.105853151,2251
"KCAE20130725_111814",36853.25,"2013","07","25",0.490753467,33565.6,4.678346169,45735.51215,8.418155119,9776,8.351599168,45733.35704,9.789833007,5476,0.875023054,3287.65,0.569475452,5567.761491,1.669279992,9777,2.628210863,5563.922397,2.731556313,2117
"KCAE20130725_112230",30726.8,"2013","07","25",0.536216826,27506.1,3.889085241,38015.80823,7.507015457,9775,7.2711418,38013.52933,8.988029289,5228,0.878749961,3220.7,0.568134706,5551.244217,1.654182663,9771,2.687684868,5547.381567,2.694502423,2064
"KCAE20130725_112647",25082.51,"2013","07","25",0.537318549,22254.22,3.291051039,32170.02391,6.848851183,9775,6.31481701,32167.67785,8.421533355,5094,0.878629765,2828.29,0.492192938,4811.185967,1.553887457,9775,2.485654683,4807.256158,2.693021515,1934
"KCAE20130725_113103",22398.19,"2013","07","25",0.535260435,19708.71,3.064419066,29960.82521,6.09843775,9777,5.874211991,29958.48115,7.402483805,5100,0.878836827,2689.48,0.472096184,4613.323906,1.409345336,9772,2.471507249,4609.361019,2.338513154,1865
"KCAE20130725_113521",20677.03,"2013","07","25",0.539189631,18130.78,2.85739638,27948.194,4.788981347,9781,5.420069047,27945.87601,5.442377059,5156,0.878449938,2546.25,0.439396828,4295.10399,1.393797659,9775,2.433969642,4291.088478,2.433047779,1763
"KCAE20130725_113937",17030.36,"2013","07","25",0.531265874,14638.39,2.326899914,22752.42736,3.951872412,9778,4.685882598,22749.96001,4.516810996,4855,0.919377374,2391.97,0.403305175,3941.501476,1.348729993,9773,2.438026496,3937.41279,2.459849404,1615
"KCAE20130725_114354",17210.17,"2013","07","25",0.535386228,15032.76,2.395978836,23418.29714,4.155691674,9774,4.743896353,23415.8724,4.802160225,4936,0.87932251,2177.41,0.372823494,3643.231188,1.379827758,9772,2.281588075,3639.13298,2.704441881,1595
"KCAE20130725_114810",16022.92,"2013","07","25",0.525974109,14439.39,2.269826511,22203.44293,3.765478085,9782,4.599328683,22200.95955,4.245168421,4827,0.922720612,1583.53,0.279622418,2733.029518,1.03004066,9774,2.130189644,2728.772935,2.038765835,1281
"KCAE20130725_115226",22834.55,"2013","07","25",0.478364348,20521.39,3.097283832,30279.04674,5.23391416,9776,5.62244123,30276.84602,5.96124136,5385,0.878988875,2313.16,0.390444428,3815.813393,1.137672983,9773,2.159659992,3811.799886,1.829706858,1765
"KCAE20130725_115644",15630.57,"2013","07","25",0.521188607,14236.53,2.190584548,21404.20162,3.662989099,9771,4.469863033,21401.7042,4.14672143,4788,0.922717103,1394.04,0.239667878,2340.117161,0.861557193,9764,1.911486105,2335.83602,1.65462103,1222
"KCAE20130725_120100",14455.34,"2013","07","25",0.535135711,12995.18,2.012732026,19666.40463,3.551794359,9771,4.254397234,19663.82402,4.139328698,4622,0.878837122,1460.16,0.256889424,2510.837231,0.991581948,9774,1.955211505,2506.581149,2.044253269,1282
"KCAE20130725_120516",15672.41,"2013","07","25",0.519250721,14474.64,2.248432588,21971.68325,3.960013851,9772,4.64955635,21969.15376,4.611976238,4725,0.92228633,1197.77,0.219924604,2148.003603,0.867987136,9767,1.885381141,2143.678357,1.826175731,1137
"KCAE20130725_122343",9490.81,"2013","07","25",0.52734375,9394.18,1.525975894,14914.88838,2.967100142,9774,3.713148045,14912.00255,3.647878724,4016,1.459658697,96.63,0.018414794,179.9677841,0.194594955,9773,1.336910968,175.1353368,1.034815261,131
"KCAE20130725_122928",10958.99,"2013","07","25",0.514194896,10748.58,1.76054495,17204.04525,3.14485799,9772,3.856812319,17201.38294,3.685994951,4460,1.497132503,210.41,0.042952935,419.864943,0.39852236,9775,1.64719102,415.092137,1.879437253,252
"KCAE20130725_123514",8027.52,"2013","07","25",0.50883667,7794.38,1.307811089,12769.46747,2.311522336,9764,3.246832286,12766.54455,2.640807129,3932,1.449864148,233.14,0.040701716,397.6557648,1.043565407,9770,2.004374481,392.8573982,7.113537642,196
"KCAE20130725_124059",7633.36,"2013","07","25",0.507876165,7535.12,1.282738478,12531.07219,2.436229982,9769,3.332817254,12528.06006,2.931520505,3759,1.450189127,98.24,0.020657579,201.8038921,0.180509871,9769,1.158782329,196.9929959,0.746483104,170
"KCAE20130725_124644",9387.08,"2013","07","25",0.521746602,9277.31,1.535139074,15002.91417,2.592857266,9773,3.164639597,15000.39169,2.950566548,4740,1.531405587,109.77,0.022092138,215.8401844,0.209473731,9770,1.065872829,211.0428202,1.028718323,198
"KCAE20130725_125623",10744.36,"2013","07","25",0.523422632,10634.52,1.839787682,17974.72565,3.029832544,9770,3.646236438,17972.2994,3.407423725,4929,1.529385523,109.84,0.020587407,201.1801432,0.218250534,9772,1.012266865,196.3797719,1.184475497,194
"KCAE20130726_100930",4026.9,"2013","07","26",0.523771282,3980.61,0.501627206,4902.904309,3.656731919,9774,9.02076952,4898.277849,12.81105254,543,1.529741062,46.29,0.0057698,56.37671296,0.288377052,9771,4.290468896,51.48562675,7.335539209,12
"KCAE20130726_101910",11615.82,"2013","07","26",0.524499919,11584.78,1.471088403,14375.47587,5.788254538,9772,5.579141819,14371.86933,10.20815231,2576,1.525002986,31.04,0.00386241,37.73574385,0.093550772,9770,1.932215574,32.84766476,1.177134951,17
"KCAE20130726_102850",32569.27,"2013","07","26",0.523552938,32461.19,4.138717045,40451.8204,8.926492218,9774,7.400230751,40449.66128,10.87916304,5466,1.524541323,108.08,0.012192599,119.1582682,0.214161564,9773,2.380921299,114.2842223,1.943582804,48
"KCAE20130726_103830",43102.55,"2013","07","26",0.523350919,43037.12,5.648931034,55201.35407,9.240763855,9772,8.038429899,55199.89812,10.11491354,6867,1.525658849,65.43,0.00793392,77.51439564,0.1267131,9770,1.482497032,72.64235455,1.018307294,49
"KCAE20130726_104810",42800.25,"2013","07","26",0.523747029,42392.7,5.720776646,55909.15016,8.527624485,9773,7.651281543,55907.91423,9.082612861,7307,1.52287812,407.55,0.079491558,776.7120167,0.407943919,9771,1.19711346,772.138182,1.088697553,645
"KCAE20130726_105750",35754.78,"2013","07","26",0.523868007,34835.3,4.723304245,46151.40577,6.94674161,9771,6.671964058,46149.97539,7.427587412,6917,1.526933831,919.48,0.180755385,1766.883887,0.6572407,9775,1.511637363,1762.569166,1.269326276,1166
"KCAE20130726_110731",25292.12,"2013","07","26",0.524433852,24000.57,3.126081078,30544.93822,4.886886157,9771,5.029324028,30543.08482,5.371548655,6073,1.524809714,1291.55,0.249337157,2436.772031,0.820948589,9773,1.765286331,2432.564565,1.451042368,1378
"KCAE20130726_111920",18100.85,"2013","07","26",0.523605183,16244.05,2.066415835,20190.94912,3.495436857,9771,3.855744125,20188.67624,3.987831446,5236,1.521419798,1856.8,0.324329611,3169.024626,1.087603231,9771,2.144219023,3164.867278,1.982701995,1476
"KCAE20130726_112859",13850.73,"2013","07","26",0.524102058,12571.44,1.55504802,15191.26411,2.61942603,9769,3.088416603,15188.83285,2.982416934,4918,1.524876373,1279.29,0.224731612,2196.077312,0.940800229,9772,2.065703553,2191.71147,2.086448027,1061
"KCAE20130726_113839",9158.5,"2013","07","26",0.525046593,8549.5,1.082291544,10576.15297,1.850915826,9772,2.446418672,10573.4215,2.099901864,4322,1.542015529,609,0.107694676,1052.392374,0.651614087,9772,1.609556137,1047.821045,1.990586904,651
"KCAE20130726_114819",8077.14,"2013","07","26",0.523081066,7731.7,0.995508703,9726.120032,1.811063445,9770,2.315078195,9723.328419,2.139124508,4200,1.52122749,345.44,0.067470576,659.1875232,0.433286942,9770,1.33306926,654.5370069,1.43280703,491
"KCAE20130726_115759",7651.13,"2013","07","26",0.523682484,7400.12,0.958586754,9366.351171,1.6583782,9771,2.203714666,9363.583615,1.892436165,4249,1.524845838,251.01,0.050088941,489.3689531,0.299700016,9770,1.104082859,484.692375,0.915146068,439
"KCAE20130726_120738",7196.94,"2013","07","26",0.524158896,6916.32,0.913807821,8927.902412,1.619422841,9770,2.178969403,8925.058675,1.870695203,4096,1.530871451,280.62,0.057822525,564.9260655,0.309728346,9770,1.116097733,560.2810622,0.829220556,502
"KCAE20130726_121719",9223,"2013","07","26",0.523597492,8812.64,1.126625429,11019.52333,1.896413365,9781,2.369236932,11016.95173,2.14978662,4650,1.529341063,410.36,0.081468681,796.0304798,0.592879626,9771,1.240522158,791.4531368,1.987895151,638
"KCAE20130726_122700",7732.94,"2013","07","26",0.524702622,7450.1,0.982837617,9599.375007,1.673613889,9767,2.253255334,9596.614467,1.887227289,4259,1.530657036,282.84,0.059670888,582.9249071,0.298485413,9769,1.016369041,578.3139845,0.747374067,569
"KCAE20130726_123640",7864.02,"2013","07","26",0.522424524,7600.85,0.997764881,9750.158417,1.810480474,9772,2.251658687,9747.430455,2.139338007,4329,1.530577227,263.17,0.055771571,545.2228789,0.291714456,9776,0.981124186,540.5994266,0.776749387,551
"KCAE20130726_124619",8409.8,"2013","07","26",0.523506295,8126.1,1.041261393,10172.08254,1.868631635,9769,2.30285319,10169.39969,2.19548125,4416,1.530401187,283.7,0.057625962,562.9480193,0.35852317,9769,1.033930671,558.3225623,1.148314002,540
"KCAE20130726_125600",7941.55,"2013","07","26",0.523765603,7675.35,1.001035767,9780.119448,1.82446969,9770,2.282831995,9777.369434,2.160541941,4283,1.530642616,266.2,0.056101294,548.1096445,0.298398293,9770,1.015852674,543.4811804,0.807846989,535
"KCAE20130727_100344",179.69,"2013","07","27",0.526162871,174.95,0.020848972,203.8612499,0.457064795,9778,3.979714011,198.9857005,5.060526322,50,0.888494134,4.74,0.000645963,6.312992029,0.010119784,9773,0.707945784,1.415891569,0,2
"KCAE20130727_100800",1445.6,"2013","07","27",0.482799643,1439.51,0.1648263,1610.352954,3.072623621,9770,8.919703159,1605.546569,20.89795796,180,0.879074574,6.09,0.000811828,7.934806469,0.022030331,9774,1.518602411,3.037204822,0.367238734,2
"KCAE20130727_101216",1602.23,"2013","07","27",0.534783101,1593.16,0.182612841,1784.675298,1.98710339,9773,7.00749802,1779.904497,10.22257202,254,0.879266296,9.07,0.00107886,10.54261908,0.033521045,9772,1.882173666,5.646520998,0.42454283,3
"KCAE20130727_101631",5537.26,"2013","07","27",0.534489194,5440.13,0.614681747,6002.981939,4.836112865,9766,12.70831336,5998.323905,18.19013992,472,0.878779796,97.13,0.010929354,106.8235048,0.263854294,9774,3.288401213,101.9404376,3.397701953,31
"KCAE20130727_102047",9215.73,"2013","07","27",0.533512598,8915.03,1.009169214,9861.601564,5.900409356,9772,12.90194616,9857.086869,17.09399379,764,0.879138854,300.7,0.032514669,317.8959225,0.461307484,9777,3.598154233,313.0394182,3.348632937,87
"KCAE20130727_102503",17042.4,"2013","07","27",0.47331406,16146.27,1.812043886,17718.16512,9.640980164,9778,14.04749921,17713.89651,23.43561957,1261,0.878894446,896.13,0.097898842,956.7653852,0.791666313,9773,4.121138773,951.9830566,3.158748616,231
"KCAE20130727_102919",21335.32,"2013","07","27",0.540384252,19658.22,2.223891994,21727.42478,9.095416302,9770,12.95370821,21723.36867,18.52363191,1677,0.922764713,1677.1,0.183007372,1788.348039,1.114049312,9772,4.138437236,1783.666449,3.434615965,431
"KCAE20130727_103335",26441.8,"2013","07","27",0.486418412,22926.81,2.575141222,25146.25403,8.70905302,9765,11.42319993,25142.46305,15.34636145,2201,0.878817995,3514.99,0.388073935,3792.258489,1.713862388,9772,4.32397252,3787.799927,3.970451899,876
"KCAE20130727_103752",29706.01,"2013","07","27",0.532064236,26045.89,2.900854318,28315.239,8.824443643,9761,10.77308372,28311.66403,14.2994448,2628,0.878794891,3660.12,0.404831666,3953.990879,1.737528588,9767,4.030190762,3949.586947,3.935994335,980
"KCAE20130727_104207",39695.81,"2013","07","27",0.533639031,34048.32,3.720695991,36373.524,12.47398,9776,11.76266949,36370.17407,19.93613402,3092,0.879427454,5647.49,0.623206135,6088.723942,2.347118348,9770,4.251952859,6084.544542,4.711272455,1431
"KCAE20130727_104624",40961.42,"2013","07","27",0.533301093,33768.25,3.6195956,35381.54699,10.60379902,9775,11.03157318,35378.25519,16.15565902,3207,0.879292681,7193.17,0.779336767,7621.913584,2.724863649,9780,4.62528077,7617.837429,5.129745446,1647
"KCAE20130727_105041",41596.89,"2013","07","27",0.537035867,34295.57,3.596239664,35160.43519,10.52947817,9777,10.9866059,35157.13889,16.0498205,3200,0.923059875,7301.32,0.777426824,7595.460067,2.583606672,9770,4.380514729,7591.432025,4.6753022,1733
"KCAE20130727_105457",36964.36,"2013","07","27",0.538825653,29006.22,2.952459994,28880.96366,9.297122128,9782,10.33922695,28877.46086,15.04689989,2793,0.879102976,7958.14,0.820529632,8019.036098,2.690820652,9773,4.717474698,8014.989512,4.824582755,1699
"KCAE20130727_105913",27374.87,"2013","07","27",0.52935011,21938.78,2.173612101,21227.49578,6.921190648,9766,8.910073473,21223.79501,11.67972412,2382,0.878781456,5436.09,0.554267759,5416.304544,2.286486783,9772,4.502503635,5412.00937,4.974329611,1202
"KCAE20130727_110330",21370.17,"2013","07","27",0.536387874,16244.73,1.555921386,15199.79602,5.652918458,9769,8.386207546,15195.80807,10.72613973,1812,0.87898327,5125.44,0.500001594,4885.515571,2.170580663,9771,4.808992292,4881.127176,4.965367022,1015
"KCAE20130727_110746",13948,"2013","07","27",0.53509419,10448.34,0.975370341,9526.442118,4.056159888,9767,7.729029614,9522.164485,8.847896788,1232,0.879169047,3499.66,0.332693887,3251.084665,1.66190473,9772,4.351958377,3246.560949,4.325592262,746
"KCAE20130727_111202",7695.26,"2013","07","27",0.525537047,5897.36,0.538508473,5263.920321,2.941482317,9775,6.501145459,5259.426676,8.115054758,809,0.922146165,1797.9,0.170490728,1666.887845,1.024812505,9777,3.847695024,1662.20425,3.105150406,432
"KCAE20130727_111619",4648.29,"2013","07","27",0.537153814,3234.69,0.279978394,2737.908719,1.673583603,9779,5.635568422,2733.250685,5.13257234,485,0.879016439,1413.6,0.126512513,1236.153765,0.984470798,9771,4.445471095,1231.395493,3.878204126,277
"KCAE20130727_112035",2002.94,"2013","07","27",0.537110093,1126.33,0.100330054,980.5256225,0.865592999,9773,4.75965982,975.730263,3.688823064,205,0.922511681,876.61,0.075640651,739.614281,0.73386285,9778,4.272092305,734.7998765,3.572358739,172
"KCAE20130727_112451",1367.03,"2013","07","27",0.52953978,774.18,0.067557944,660.5815757,0.726977154,9778,4.650720811,655.7516344,3.929749719,141,0.878580213,592.85,0.049892302,487.5475739,0.640095948,9772,3.989343933,482.7106159,4.185317068,121
"KCAE20130727_112908",599.43,"2013","07","27",0.537007233,423.15,0.0356421,348.3302431,0.462452668,9773,4.240404154,343.4727365,2.841244502,81,0.922300839,176.28,0.015785212,154.0636663,0.280317095,9760,3.390775709,149.1941312,2.474921504,44
"KCAE20130727_113324",331.78,"2013","07","27",0.536200127,170.44,0.01542996,150.7198465,0.365776519,9768,4.166908318,145.8417911,4.541847116,35,0.878901194,161.34,0.014258945,139.4382187,0.412031662,9779,4.485071477,134.5521443,6.041585076,30
"KCAE20130727_113740",176.7,"2013","07","27",0.526622371,84.67,0.00768344,75.0364721,0.17915562,9766,2.92307942,70.15390607,2.176288042,24,0.878746869,92.03,0.007582812,74.09165692,0.171475594,9771,3.008960164,69.20608377,1.902115154,23
"KCAE20130727_114157",107.62,"2013","07","27",0.532754587,65.2,0.006765281,66.13062165,0.180324626,9775,2.916287684,61.24204137,2.64259725,21,0.879091754,42.42,0.004733521,46.25597056,0.127545055,9772,2.757725781,41.36588672,1.794691139,15
"KCAE20130727_114614",43.95,"2013","07","27",0.531688384,38.22,0.004999206,48.87223685,0.105630239,9776,1.759406405,43.98516014,1.153275803,25,0.922707139,5.73,0.000908439,8.879989679,0.023331911,9775,0.995722305,3.982889219,0.673427144,4
"KCAE20130727_115238",40.18,"2013","07","27",0.502251727,21.2,0.00341742,33.41211645,0.077225195,9777,1.501133233,28.52153143,0.930905921,19,0.878858779,18.98,0.002240211,21.90478164,0.091698008,9778,4.251544405,17.00617762,1.82156009,4
"KCAE20130727_115655",40.95,"2013","07","27",0.526882799,15.15,0.002441415,23.84286204,0.064482204,9766,1.57952348,18.95428176,0.987165565,12,0.922674264,25.8,0.002699489,26.3875049,0.073693903,9775,2.149341156,21.49341156,0.878929976,10
"KCAE20130727_120111",49.13,"2013","07","27",0.534800685,27.15,0.003577822,34.97321032,0.072848591,9775,1.504206443,30.08412886,0.595586674,20,0.922613413,21.98,0.002889799,28.26223271,0.06292829,9780,1.374655397,23.36914175,0.64610597,17
"KCAE20130727_120528",22.25,"2013","07","27",0.53444237,17.38,0.003078205,30.04328545,0.066984725,9760,1.397817746,25.16071942,0.715710662,18,0.922651004,4.87,0.000615885,6.022126037,0.011341773,9778,1.122018454,1.122018454,NA,1
"KCAE20130727_120944",24.84,"2013","07","27",0.48276917,17.4,0.002628445,25.69830304,0.056000065,9777,1.300388403,20.80621445,0.494404809,16,0.878874764,7.44,0.000902766,8.820020874,0.029147169,9770,1.962211988,3.924423976,0.777357053,2
"KCAE20130727_121400",92.33,"2013","07","27",0.536458009,36.91,0.004164442,40.71574783,0.09645158,9777,1.990258979,35.82466162,1.079541701,18,0.9227242,55.42,0.007517679,73.44020136,0.451826806,9769,6.854911515,68.54911515,13.01607528,10
"KCAE20130727_121817",45.72,"2013","07","27",0.537360878,19.88,0.002351628,22.98480968,0.062724579,9774,1.809121753,18.09121753,0.800902908,10,0.922674599,25.84,0.002314274,22.62896766,0.099005028,9778,3.546172966,17.73086483,2.872599504,5
"KCAE20130727_122233",31.66,"2013","07","27",0.529620108,19.99,0.003056217,29.86534811,0.083576717,9772,2.081146726,24.97376071,1.219756243,12,0.878398977,11.67,0.00174099,17.01469425,0.040704719,9773,1.212160328,12.12160328,0.411611733,10
"KCAE20130727_122649",13.73,"2013","07","27",0.527129621,6.75,0.001164622,11.38301611,0.028449187,9774,1.081236535,6.487419208,0.425724614,6,0.877688699,6.98,0.001044272,10.21194062,0.027525359,9779,1.328208852,5.312835409,0.346367034,4
"KCAE20130727_123106",67.56,"2013","07","27",0.534257521,23.51,0.002855852,27.93308774,0.097014151,9781,2.879373113,23.0349849,1.919742291,8,0.878807877,44.05,0.005363423,52.41136879,0.214145856,9772,6.788182208,47.51727546,4.579039568,7
"KCAE20130727_123522",19.23,"2013","07","27",0.537021794,12.76,0.001880953,18.3975975,0.043963188,9781,1.227363475,13.50099823,0.486202629,11,0.879005135,6.47,0.000986981,9.649712779,0.034020033,9777,2.375303785,4.75060757,0.193157031,2
"KCAE20130727_123938",20.57,"2013","07","27",0.532373158,5.8,0.000864815,8.456165216,0.025424086,9778,1.77827941,3.55655882,0,2,0.922617691,14.77,0.001518695,14.83916591,0.064525764,9771,2.486017551,9.944070202,2.307745688,4
"KCAE20130727_124355",28.02,"2013","07","27",0.537029731,9.7,0.001234749,12.0647284,0.045842388,9771,1.792408173,7.16963269,1.601398383,4,0.879174983,18.32,0.002426947,23.73796685,0.086897,9781,3.139810274,18.83886164,1.71780967,6
"KCAE20130727_124812",43.39,"2013","07","27",0.486596786,16.38,0.002479221,24.22198639,0.053090168,9770,1.208337882,19.33340611,0.531092292,16,0.878516288,27.01,0.003562786,34.85473548,0.225628781,9783,14.97631157,29.95262315,7.03756732,2
"KCAE20130727_125228",16.09,"2013","07","27",0.527235214,12.08,0.001985116,19.39061153,0.056811152,9768,1.812378016,14.49902413,0.868610444,8,0.922736009,4.01,0.000501187,4.896098085,0,9769,NA,0,NA,0
"KCAE20130727_125646",33.18,"2013","07","27",0.533588563,4.01,0.000501187,4.89710046,0,9771,NA,0,NA,0,0.879023174,29.17,0.002529113,24.71449544,0.093823889,9772,3.303316819,19.81990091,2.029876512,6
"KCAE20130728_100032",489.38,"2013","07","28",0.533199548,240.04,0.026342073,257.5727908,0.415759204,9778,2.453629168,252.7238043,3.24898537,103,0.922875465,249.34,0.023487994,229.4072404,0.543532943,9767,3.681028149,224.5427171,5.865134632,61
"KCAE20130728_100510",288.91,"2013","07","28",0.532981412,161.61,0.02212076,216.1198287,0.261584766,9770,2.321635577,211.2688375,1.424969442,91,0.922852968,127.3,0.015813167,154.5420776,0.229198454,9773,2.375802374,149.6755495,1.607361419,63
"KCAE20130728_100947",258.85,"2013","07","28",0.53252731,171.71,0.024316429,237.9362554,0.323491962,9785,2.479566489,233.07925,2.20389333,94,0.922481603,87.14,0.012323301,120.3986489,0.224911981,9770,2.221694449,115.5281113,2.16469836,52
"KCAE20130728_101638",292.2,"2013","07","28",0.501989108,151.52,0.024591176,240.5508838,0.308296823,9782,2.405075373,235.6973866,1.949615483,98,0.878492255,140.68,0.031345748,306.5300704,0.404451098,9779,2.600750846,301.6870982,2.67758003,116
"KCAE20130728_102117",586.62,"2013","07","28",0.523499997,285.56,0.060878215,594.9627974,0.603558577,9773,2.823777238,590.1694427,3.045712531,209,0.875272315,301.06,0.069870816,683.4064489,0.672592986,9781,3.070656556,678.615099,3.294791498,221
"KCAE20130728_102555",878.5,"2013","07","28",0.534803335,460.61,0.095466272,932.9918762,0.89981288,9773,3.742814789,928.2180678,4.28108897,248,0.882722477,417.89,0.104239058,1019.249512,1.197929487,9778,4.123870711,1014.472195,6.373743585,246
"KCAE20130728_103032",1135.7,"2013","07","28",0.537666625,734.7,0.144062398,1407.489629,1.735863741,9770,5.234057267,1402.727348,9.138342374,268,0.922645302,401,0.099389151,971.4295603,1.663498094,9774,4.315371528,966.6432222,10.14894046,224
"KCAE20130728_103511",2288.41,"2013","07","28",0.521672463,1678.68,0.237783905,2324.575457,3.124761412,9776,6.202843033,2319.863294,14.79143701,374,0.878632884,609.73,0.143750603,1405.305893,2.817112421,9776,5.535703901,1400.533087,16.66960344,253
"KCAE20130728_103948",2642.22,"2013","07","28",0.531845233,2088.5,0.312026812,3049.750065,4.116122433,9774,6.858274747,3045.073988,18.13209288,444,0.923011424,553.72,0.124111603,1213.315033,2.513764477,9776,6.103609403,1208.514662,16.63929411,198
"KCAE20130728_104426",4163.18,"2013","07","28",0.535367318,3160.32,0.410221854,4013.200399,4.440945356,9783,7.723617342,4008.557401,17.77195191,519,0.923089577,1002.86,0.22072066,2157.32373,7.257339982,9774,12.51460076,2152.51133,53.43588389,172
"KCAE20130728_104904",7855.67,"2013","07","28",0.539428542,7358.03,0.858455212,8390.541239,8.648349545,9774,8.864816869,8386.116758,26.50392372,946,0.880556558,497.64,0.103500817,1012.341493,2.682951827,9781,6.106194406,1007.522077,19.80874167,165
"KCAE20130728_105342",8972.79,"2013","07","28",0.522348687,8564.59,0.884903513,8646.392222,4.567474599,9771,7.979721059,8642.037907,11.47649657,1083,0.878260425,408.2,0.072827943,711.7474824,0.914008343,9773,3.213452913,706.9596408,5.209619632,220
"KCAE20130728_105821",5470.07,"2013","07","28",0.533515055,5185.96,0.563408326,5503.93594,2.955955981,9769,5.819590967,5499.513464,7.732666449,945,0.923270461,284.11,0.051609137,504.530925,0.645647617,9776,3.123196929,499.7115086,3.996974727,160
"KCAE20130728_110259",4007.24,"2013","07","28",0.53517724,3722.39,0.442498793,4325.8682,2.589965484,9776,5.175313874,4321.387085,7.355285255,835,0.922946495,284.85,0.044996703,440.0227551,0.468938479,9779,2.472783262,435.209854,2.500093663,176
"KCAE20130728_110737",2316.34,"2013","07","28",0.534762779,1935.26,0.232735246,2276.616181,1.296297365,9782,3.61212848,2272.028814,3.7345969,629,0.922738327,381.08,0.046866145,458.1165648,0.518356932,9775,2.546666691,453.3066709,2.904565872,178
"KCAE20130728_111215",1972.95,"2013","07","28",0.531900043,1325.74,0.151341282,1480.117738,1.074181485,9780,3.5213034,1475.426125,3.886004766,419,0.923126193,647.21,0.091210211,891.2149682,0.675871907,9771,2.694476469,886.4827584,2.56360687,329
"KCAE20130728_111653",3267.19,"2013","07","28",0.537934698,1486.6,0.176873217,1728.758825,1.261558469,9774,3.441339951,1724.111316,4.455678647,501,0.922898787,1780.59,0.260877813,2549.037115,1.792706774,9771,4.660098284,2544.413663,6.089029014,546
"KCAE20130728_112132",6452.09,"2013","07","28",0.533219687,1515.3,0.21518413,2102.994504,1.487740526,9773,3.668501888,2098.38308,5.018996552,572,0.923037648,4936.79,0.687132925,6713.975813,4.899997035,9771,7.978002629,6709.500211,14.86696551,841
"KCAE20130728_112609",10120.56,"2013","07","28",0.533839398,2530.21,0.361157955,3532.485958,2.458835462,9781,5.105542932,3527.930166,7.838257227,691,0.923115122,7590.35,1.033852554,10105.90872,6.064219033,9775,9.29305833,10101.55441,15.94217549,1087
"KCAE20130728_113048",16854.97,"2013","07","28",0.538104078,4077.93,0.578918005,5656.607829,4.350618465,9771,7.29303116,5652.099149,13.78026021,775,0.923197239,12777.04,1.717799706,16788.05652,11.0005327,9773,13.07149684,16783.80194,27.80591383,1284
"KCAE20130728_113527",14929.09,"2013","07","28",0.523556805,4555.28,0.654807494,6401.398063,4.238605333,9776,7.302440064,6396.937496,12.33317852,876,0.877378436,10373.81,1.442800343,14104.81616,8.966411442,9776,12.39058603,14100.4869,23.56736367,1138
"KCAE20130728_114007",23798.61,"2013","07","28",0.531538284,7118.26,0.999492345,9762.04173,7.150641494,9767,10.39149867,9757.617249,20.84854367,939,0.922302695,16680.35,2.25796912,22089.7119,14.23038546,9783,15.58611078,22085.51897,34.51176208,1417
"KCAE20130728_114445",25180.97,"2013","07","28",0.533500444,8754.67,1.211362194,11838.64273,8.651665212,9773,12.53624761,11834.21774,25.17028346,944,0.922897929,16426.3,2.199414115,21497.07356,11.61307894,9774,16.02747729,21492.84705,27.60092517,1341
"KCAE20130728_114923",30277.12,"2013","07","28",0.535287563,8066.79,1.092346867,10675.50593,11.20965391,9773,12.56894386,10671.03334,36.10537996,849,0.922809965,22210.33,2.931335275,28645.0083,17.01116439,9772,19.36501147,28640.85196,39.93285027,1479
"KCAE20130728_115402",27390.63,"2013","07","28",0.484946092,8960.25,1.188919203,11630.00764,10.55621242,9782,13.27116903,11625.54407,32.94106983,876,0.877352344,18430.38,2.424137207,23703.21361,19.33075124,9778,18.48592475,23698.95552,50.54590347,1282
"KCAE20130728_115840",37193,"2013","07","28",0.53949791,15491.86,2.032125609,19857.93145,22.18838128,9772,22.66378183,19853.47289,70.91966812,876,0.922822894,21701.14,2.798176199,27343.77782,18.10326362,9772,19.47263809,27339.58388,44.2436289,1404
"KCAE20130728_120317",47881.4,"2013","07","28",0.535291779,14659.22,1.875159524,18325.93403,19.90865112,9773,18.10429163,18321.54313,59.47213047,1012,0.922909187,33222.18,4.208338645,41119.6769,27.61460282,9771,25.5376315,41115.58671,63.91671993,1610
"KCAE20130728_120755",55284.8,"2013","07","28",0.532247136,16163.63,2.035701427,19898.98145,17.20452617,9775,19.8350798,19894.58504,50.33777997,1003,0.922931898,39121.17,4.705007386,46005.56222,31.94568088,9778,28.27380273,46001.47704,73.95648663,1627
"KCAE20130728_121233",50880.94,"2013","07","28",0.51788508,18203.76,2.258515934,22081.51028,20.43115506,9777,20.38518279,22077.15296,58.32410579,1083,0.875242267,32677.18,3.864004798,37770.6469,30.25091894,9775,26.0458445,37766.47452,74.79740529,1450
"KCAE20130728_121921",77636.34,"2013","07","28",0.501518347,24018,2.846347876,27817.35779,23.87604526,9773,23.85338257,27813.04408,65.42317269,1166,0.878514925,53618.34,5.972104226,58347.45829,42.15288099,9770,34.27932709,58343.41471,96.09262739,1702
"KCAE20130728_122400",93500.83,"2013","07","28",0.535057178,34438.44,3.839285303,37505.97813,34.52888348,9769,30.6386401,37501.69548,93.27700147,1224,0.92262816,59062.39,6.317570897,61747.93795,42.35175589,9774,30.43078179,61744.05625,88.93609048,2029
"KCAE20130728_122837",67506.72,"2013","07","28",0.522906596,32577.66,3.513612094,34324.47655,34.96875927,9769,28.76796175,34320.17837,96.40226858,1193,0.918447759,34929.06,3.666789859,35842.87087,30.10213815,9775,23.30217334,35838.7426,72.8315118,1538
"KCAE20130728_123315",58679.01,"2013","07","28",0.534733745,22440.53,2.421455333,23660.04006,23.17470581,9771,21.56398611,23655.69276,66.13912828,1097,0.922906393,36238.48,3.733274561,36466.62591,25.03361631,9768,20.25701803,36462.63245,55.38444287,1800
"KCAE20130728_123754",46644.03,"2013","07","28",0.524076793,19428.18,2.088629016,20416.34863,22.81891305,9775,16.22581878,20412.08002,61.80002498,1258,0.877194204,27215.85,2.762660559,26991.19366,19.41433222,9770,17.76633204,26987.05836,46.46390467,1519
"KCAE20130728_124232",73630.65,"2013","07","28",0.529479418,20690.83,2.163455619,21145.61522,19.25111933,9774,17.1323623,21141.33508,51.7768237,1234,0.92210275,52939.82,5.141639065,50259.52186,34.92851995,9775,25.78532559,50255.59957,74.75783642,1949
"KCAE20130728_124711",97618.82,"2013","07","28",0.534172839,28322.18,2.862493369,27983.73518,22.74517716,9776,20.28972205,27979.52671,57.58463878,1379,0.923076462,69296.64,6.628181402,64757.33229,46.44032992,9770,31.23660138,64753.47466,96.95008423,2073
"KCAE20130728_125150",92876.85,"2013","07","28",0.536236909,23279.47,2.389445155,23352.0475,19.05772609,9773,13.31130472,23348.02848,43.34926972,1754,0.923156644,69597.38,6.641629888,64815.66608,43.37294144,9759,31.63094286,64811.80193,90.40190869,2049
"KCAE20130728_125628",107499,"2013","07","28",0.482305542,36717.01,3.587500947,35035.53425,31.33071449,9766,19.45116174,35031.54229,70.82742448,1801,0.875078483,70781.99,6.749358405,65873.73803,45.72884252,9760,30.52359963,65869.92801,93.46105305,2158
"KCAE20130729_100043",585.33,"2013","07","29",0.481857521,576.13,0.080061174,783.1584062,0.782150315,9782,2.799982456,778.3951228,3.73626071,278,0.933789537,9.2,0.001304822,12.74811088,0.033007071,9770,1.309086456,7.854518734,0.273838612,6
"KCAE20130729_100501",1290.75,"2013","07","29",0.523190588,1205.13,0.143727911,1405.227789,1.485063886,9777,5.557357067,1400.453981,7.462864179,252,0.935035428,85.62,0.01155895,112.9887378,0.532384009,9775,6.756103227,108.0976516,11.66549391,16
"KCAE20130729_100917",4820.23,"2013","07","29",0.534577428,3388.57,0.416185957,4065.304427,10.34501504,9768,11.87304163,4060.580236,54.11886393,342,0.929895529,1431.66,0.189653354,1853.102921,8.170787453,9771,97.27449174,1848.215343,162.0750351,19
"KCAE20130729_101335",9048.76,"2013","07","29",0.532699261,6055.77,0.773729247,7549.276265,18.14558734,9757,11.88142431,7544.704435,70.24610465,635,0.930677436,2992.99,0.390905167,3816.016244,14.58752478,9762,141.1532291,3811.137187,243.4241278,27
"KCAE20130729_101753",8810.3,"2013","07","29",0.532748296,5583.4,0.791435072,7726.780612,12.55598569,9763,6.119271014,7722.520019,34.46504574,1262,0.930788915,3226.9,0.42039827,4104.768708,13.31422679,9764,91.1088371,4099.897669,175.73627,45
"KCAE20130729_102209",13266.57,"2013","07","29",0.526880133,9928.27,1.479266371,14459.82878,17.27007999,9775,6.561976299,14456.03379,35.92352758,2203,0.931589589,3338.3,0.436273381,4263.699752,13.14200516,9773,23.66051035,4258.891863,94.21350929,180
"KCAE20130729_102625",12675.61,"2013","07","29",0.522984756,11591.16,1.86517285,18220.87358,8.015370045,9769,5.319034757,18217.69404,12.84160548,3425,0.932506615,1084.45,0.178649161,1745.938246,2.884442819,9773,2.716632456,1741.361404,10.9604695,641
"KCAE20130729_103043",13615.17,"2013","07","29",0.534326671,12826.36,2.039155946,19932.74937,4.0307418,9775,4.844412288,19929.91215,5.001683925,4114,0.932173364,788.81,0.16556361,1618.384288,0.753271739,9775,1.885413784,1613.914199,1.800257884,856
"KCAE20130729_103500",23586.67,"2013","07","29",0.483238527,22173.21,3.167180744,30952.85741,4.525521271,9773,5.463512539,30950.79853,4.773601909,5665,0.933359943,1413.46,0.304439693,2975.897999,1.019442089,9775,2.068002157,2971.7191,1.850657932,1437
"KCAE20130729_103918",26880.03,"2013","07","29",0.533827425,24991.53,3.411867487,33368.06402,4.486341389,9780,5.41045131,33366.25323,4.594228946,6167,0.930311991,1888.5,0.395767027,3867.831151,1.260540591,9773,2.275491204,3863.784064,2.207035104,1698
"KCAE20130729_104540",37441.17,"2013","07","29",0.500535625,33736.04,4.404837726,43044.07426,5.257906926,9772,6.157751067,43042.67996,5.277817126,6990,0.918894765,3705.13,0.664244561,6494.31907,1.435355463,9777,2.430995181,6490.757133,1.802933908,2670
"KCAE20130729_104958",24626.4,"2013","07","29",0.527181872,22257.39,3.117461553,30466.95176,3.741820199,9773,4.737253428,30465.27679,3.688444383,6431,0.922120547,2369.01,0.455243508,4445.452859,1.092701578,9765,2.011623817,4441.665387,1.466586916,2208
"KCAE20130729_105415",22398.68,"2013","07","29",0.533497993,20219.25,2.946693269,28806.8734,3.64068996,9776,4.645980831,28805.08115,3.606314204,6200,0.930350364,2179.43,0.412832815,4035.440764,1.035358811,9775,1.980138544,4031.562076,1.429819821,2036
"KCAE20130729_105832",17823.7,"2013","07","29",0.532030336,15882.01,2.408590304,23539.15304,3.149467024,9773,4.139483765,23537.10469,3.143995768,5686,0.930735062,1941.69,0.366413811,3582.06142,0.946630399,9776,1.865549057,3578.123091,1.331143982,1918
"KCAE20130729_110250",16865.88,"2013","07","29",0.533362389,15443.6,2.384343317,23292.64987,3.188647064,9769,4.222356475,23290.51832,3.201106169,5516,0.930728903,1422.28,0.266761462,2605.992721,0.773527012,9769,1.681882327,2601.87196,1.183040589,1547
"KCAE20130729_110708",13586.53,"2013","07","29",0.530908403,13578.66,2.17714541,21270.71066,2.507852133,9770,3.475307406,21268.88132,2.351450932,6120,1.530713267,7.87,0.00116379,11.36906092,0.02815164,9769,1.079328327,6.475969963,0.390478161,6
"KCAE20130729_111645",11119.16,"2013","07","29",0.523682859,11099.43,1.910525592,18663.92451,2.68384641,9769,3.376478827,18661.79848,2.789708516,5527,1.539096016,19.73,0.002986017,29.17338699,0.070966331,9770,1.214340573,24.28681146,1.020604491,20
"KCAE20130729_112622",12837.94,"2013","07","29",0.523608938,12826.37,2.216721214,21661.7997,3.724005706,9772,3.827485125,21659.73832,4.217115025,5659,1.528975817,11.57,0.001891936,18.48988995,0.050249742,9773,0.971343124,13.59880374,0.940461573,14
"KCAE20130729_113601",8258.01,"2013","07","29",0.524786849,8246.02,1.438008491,14055.09499,2.326873335,9774,2.886737092,14052.63617,2.586471209,4868,1.529817528,11.99,0.001887531,18.4487244,0.0390258,9774,0.903842546,13.55763819,0.436119899,15
"KCAE20130729_114540",7050.12,"2013","07","29",0.524086647,7032.28,1.228017608,11997.73203,2.020698592,9770,2.590746421,11995.15593,2.255356369,4630,1.531829319,17.84,0.002563863,25.05150822,0.05120105,9771,0.96023489,20.16493269,0.561748489,21
"KCAE20130729_115519",8686.14,"2013","07","29",0.524426561,8677.47,1.431535689,13988.96676,13.01627051,9772,2.927875932,13986.46333,18.49957059,4777,1.530585115,8.67,0.001219806,11.91994761,0.030517368,9772,1.170892181,7.025353084,0.420947405,6
"KCAE20130729_120456",9418.9,"2013","07","29",0.524096384,9414.89,1.568958485,15325.58648,2.523515367,9768,3.045153589,15323.21286,2.804899416,5032,1.528548492,4.01,0.000501187,4.898604021,0,9774,NA,0,NA,0
"KCAE20130729_121436",19619.25,"2013","07","29",0.524000158,19610.8,3.278648022,32022.55523,10.76516805,9767,5.553338533,32020.54998,13.5530193,5766,1.533017033,8.45,0.001472007,14.380037,0.02971867,9769,0.677925396,9.490955537,0.412464313,14
"KCAE20130729_122415",11218.25,"2013","07","29",0.524569913,11202.69,1.904126466,18612.8362,3.232378356,9775,3.517404816,18610.58888,3.691855015,5291,1.530518715,15.56,0.002012451,19.66768535,0.049496207,9773,1.055471367,14.77659913,0.802928539,14
"KCAE20130729_123354",9713.54,"2013","07","29",0.524025701,9709.53,1.688811181,16501.37405,2.805324744,9771,3.253602537,16499.01847,3.173946575,5071,1.530349403,4.01,0.000501187,4.896599273,0,9770,NA,0,NA,0
"KCAE20130729_124333",10053.58,"2013","07","29",0.523758317,10048.54,1.827545869,17849.6405,3.570009246,9767,3.628956943,17847.21025,4.333128766,4918,1.529226721,5.04,0.000752117,7.349690349,0.014686301,9772,0.817864088,2.453592263,0.227871677,3
"KCAE20130729_125517",10341.99,"2013","07","29",0.523953807,10335.57,1.798613547,17576.05159,3.115075004,9772,3.547363114,17573.63687,3.59709232,4954,1.525810506,6.42,0.00094097,9.194215222,0.023806597,9771,1.074779878,4.299119511,0.554610389,4
"KCAE20130730_100639",805.22,"2013","07","30",0.52373064,801.21,0.164649976,1608.959563,0.990961767,9772,2.182898414,1604.430334,2.943097381,735,1.522104495,4.01,0.000501187,4.897601647,0,9772,NA,0,NA,0
"KCAE20130730_101619",1083.52,"2013","07","30",0.525226886,1073.09,0.149912098,1464.641196,1.088712435,9770,2.739234015,1460.01173,3.828905667,533,1.522057884,10.43,0.001037365,10.1360952,0.042232679,9771,2.619998559,5.239997117,1.924848104,2
"KCAE20130730_102559",7161.61,"2013","07","30",0.523291748,7153.22,1.152241639,11260.85753,3.236121599,9773,3.873852677,11257.41588,4.968151943,2906,1.521061569,8.39,0.001225427,11.97732346,0.038272189,9774,1.180287761,7.081726566,1.09259803,6
"KCAE20130730_103538",16977.19,"2013","07","30",0.52371743,16972.51,2.727967335,26657.69679,4.75514193,9772,4.816691862,26655.57276,5.465257363,5534,1.523867394,4.68,0.000616929,6.029245038,0.008143405,9773,0.566072289,1.132144578,0.091761325,2
"KCAE20130730_104518",25154.53,"2013","07","30",0.524790601,25150.52,3.814261616,37261.52172,5.458271614,9769,5.524911867,37260.00563,5.805722156,6744,1.525720698,4.01,0.000501187,4.898604021,0,9774,NA,0,NA,0
"KCAE20130730_105458",25778.93,"2013","07","30",0.523493927,25773.92,3.916578874,38280.64191,5.354239275,9774,5.558181354,38279.19499,5.618028563,6887,1.521388596,5.01,0.000747993,7.30863563,0.017500546,9771,1.206268772,2.412537545,0.291708095,2
"KCAE20130730_110438",20647.12,"2013","07","30",0.524712698,20641.15,3.358052442,32811.53041,5.318408567,9771,5.296164352,32809.73816,5.860917773,6195,1.525368062,5.97,0.000915793,8.948218225,0.01883349,9771,0.675687481,4.054124888,0.382581416,6
"KCAE20130730_111418",17489.63,"2013","07","30",0.52331438,17473.31,2.992988662,29247.48521,5.289973487,9772,5.080867345,29245.47244,6.074757632,5756,1.522789255,16.32,0.002611407,25.51083719,0.050214253,9769,0.937534783,20.62576523,0.50504733,22
"KCAE20130730_112359",11519.28,"2013","07","30",0.523445475,11511.97,2.056144131,20094.69659,3.494229676,9773,3.905983008,20092.37659,3.996637754,5144,1.523328473,7.31,0.001205604,11.77392604,0.023015716,9766,0.688434339,6.884343389,0.222379215,10
"KCAE20130730_113546",10968.76,"2013","07","30",0.523476108,10948.6,1.899643518,18565.2161,3.37001482,9773,3.567049611,18562.92618,3.922000797,5204,1.529835507,20.16,0.003217074,31.42438285,0.072859143,9768,1.061652625,26.54131563,0.995168896,25
"KCAE20130730_114526",15056.57,"2013","07","30",0.523564179,14999.33,2.516195854,24593.29828,4.106067413,9774,4.331732414,24591.24492,4.600486868,5677,1.527418966,57.24,0.01122947,109.7119206,0.115269302,9770,0.896358635,104.8739602,0.564966597,117
"KCAE20130730_115506",12703.65,"2013","07","30",0.524342136,12637.78,2.149772049,20998.97337,3.475336277,9768,3.818300382,20996.8338,3.883915858,5499,1.53015371,65.87,0.013369849,130.6367965,0.110269926,9771,0.72732024,125.8264014,0.410798897,173
"KCAE20130730_120445",15146.86,"2013","07","30",0.523189587,15094.65,2.550723016,24925.66531,4.540148983,9772,4.336055764,24923.64853,5.225343119,5748,1.525430405,52.21,0.009865754,96.37854777,0.107913168,9769,0.953443371,91.53056366,0.537342665,96
"KCAE20130730_121425",13875.17,"2013","07","30",0.523959513,13828.29,2.386289162,23311.65882,3.958834074,9769,4.100195597,23309.61197,4.461542457,5685,1.522393954,46.88,0.00917215,89.60273057,0.121353422,9769,1.14518541,84.74372034,0.807686437,74
"KCAE20130730_122406",13854.54,"2013","07","30",0.524616566,13818.43,2.411098573,23556.43306,3.982449615,9770,4.120063276,23554.40175,4.479302116,5717,1.528922137,36.11,0.006292739,61.48005618,0.099245896,9770,1.155265614,56.60801508,0.806346302,49
"KCAE20130730_123346",15694.37,"2013","07","30",0.523613817,15670.03,2.770320045,27074.3378,4.298036565,9773,4.647615298,27072.35911,4.719137402,5825,1.523132949,24.34,0.004698921,45.90845334,0.063048764,9770,0.684032088,41.0419253,0.43124759,60
"KCAE20130730_124325",12255.05,"2013","07","30",0.523473017,12237.03,2.112283541,20643.34705,2.75123653,9773,3.503292929,20641.40194,2.771773336,5892,1.528061784,18.02,0.003420988,33.4367395,0.044942789,9774,0.582912115,28.56269365,0.258297298,49
"KCAE20130730_125306",12104.9,"2013","07","30",0.523594349,12080.12,2.064374059,20179.25643,2.618276936,9775,3.433265748,20177.3028,2.589051033,5877,1.52121729,24.78,0.005446262,53.19908235,0.065062648,9768,0.619776642,48.34257806,0.389319406,78
"KCAE20130731_100012",662.88,"2013","07","31",0.52649331,633.82,0.128332153,1254.575124,0.88296618,9776,2.216237921,1249.958187,2.983575957,564,0.878945591,29.06,0.006160581,60.21351565,0.082435861,9774,1.006226853,55.34247692,0.453290793,55
"KCAE20130731_100429",394.75,"2013","07","31",0.526932705,356.16,0.07256904,708.9269488,0.436971529,9769,1.68882457,704.2398458,1.322192583,417,0.87907886,38.59,0.006544891,63.94358699,0.102813369,9770,1.114595295,59.07355064,0.853015506,53
"KCAE20130731_100845",281.46,"2013","07","31",0.5354843,275.9,0.054681997,534.4618371,0.598538722,9774,1.947424838,529.699556,3.03657688,272,0.931605046,5.56,0.000851467,8.321383665,0.017592609,9773,0.856321395,3.425285579,0.178810132,4
"KCAE20130731_101303",178.93,"2013","07","31",0.52661549,166.69,0.034143663,333.5153036,0.303339634,9768,1.71206216,328.7159347,1.348477467,192,0.920383517,12.24,0.002221533,21.7088215,0.058548011,9772,1.401436175,16.8172341,0.952089007,12
"KCAE20130731_101921",434.49,"2013","07","31",0.502183328,425.39,0.084894457,829.7584238,0.541014639,9774,1.983337293,825.0683137,1.766200057,416,0.91954419,9.1,0.001306817,12.76237342,0.030939434,9766,0.98397355,7.871788396,0.480494954,8
"KCAE20130731_102338",2147.36,"2013","07","31",0.484770745,2111.93,0.429430416,4198.54118,2.069557964,9777,3.975516422,4194.169825,5.061320566,1055,0.933909296,35.43,0.006003118,58.65046552,0.118478145,9770,1.493664139,53.77190899,1.277951648,36
"KCAE20130731_102755",7699.86,"2013","07","31",0.535057447,7437.12,1.440958349,14083.92691,5.574659989,9774,6.994553996,14080.03719,10.58724683,2013,0.931316093,262.74,0.060235407,588.8011058,0.374518712,9775,1.493856688,584.0979648,1.169975456,391
"KCAE20130731_103212",14762.44,"2013","07","31",0.532969283,13342.61,2.382649474,23285.63331,7.175667981,9773,8.081283973,23282.17913,11.34212191,2881,0.931195951,1419.83,0.323651441,3160.132674,1.334584812,9764,2.960387756,3155.773347,2.918213502,1066
"KCAE20130731_103629",30658.47,"2013","07","31",0.538715179,27525.98,4.107701256,40136.34897,10.16587536,9771,9.548788571,40133.55836,13.72298636,4203,0.930176624,3132.49,0.684555006,6690.840628,2.474937298,9774,4.291863205,6686.722874,4.791373001,1558
"KCAE20130731_104046",53330.63,"2013","07","31",0.533023056,48116.94,6.21229433,60681.69101,14.15676645,9768,11.09923823,60679.53541,17.43169093,5467,0.930298501,5213.69,1.053872927,10299.50012,3.038207712,9773,4.466705967,10295.75725,4.888900326,2305
"KCAE20130731_104503",72684.06,"2013","07","31",0.526179001,64910.1,7.917115156,77421.46911,16.26651964,9779,12.4890587,77419.67486,18.98230061,6199,0.927928876,7773.96,1.468651027,14356.06378,3.869787674,9775,4.981814856,14352.6086,5.772003966,2881
"KCAE20130731_104920",84216.07,"2013","07","31",0.534210486,75520.13,8.925711074,87204.19719,16.35271579,9770,12.89599077,87202.68962,18.30785525,6762,0.929290534,8695.94,1.565168056,15285.43123,3.459480873,9766,4.52404667,15282.22965,4.606337261,3378
"KCAE20130731_105338",72970.3,"2013","07","31",0.534587217,63393.71,7.57730614,74053.0129,11.64566741,9773,10.61976331,74051.60958,12.56084308,6973,0.930746792,9576.59,1.677963079,16400.41113,3.428922215,9774,4.404345541,16397.37845,4.343081224,3723
"KCAE20130731_105755",68823.32,"2013","07","31",0.526381885,58072.31,7.164394871,70067.78184,10.74656731,9780,9.751771922,70066.48126,11.48789547,7185,0.925203931,10751.01,1.829434404,17895.52734,3.756577245,9782,4.496762741,17892.61895,4.764648383,3979
"KCAE20130731_110211",76426.35,"2013","07","31",0.48758862,61707.77,7.654265404,74751.55593,11.49594765,9766,9.772583987,74750.49492,12.1669761,7649,0.877113608,14718.58,2.313578549,22608.28958,4.575740721,9772,4.981416122,22605.66636,5.639160358,4538
"KCAE20130731_110629",58903.22,"2013","07","31",0.527234966,44357.83,5.827056157,56936.16571,9.136780036,9771,8.140516716,56934.77391,9.889267348,6994,0.878800331,14545.39,2.326734595,22746.1574,4.656516759,9776,4.982156783,22743.54571,5.76271095,4565
"KCAE20130731_111047",56408.31,"2013","07","31",0.527155716,41202.57,5.489419167,53642.6041,8.759943345,9772,7.888399202,53641.11457,9.557942172,6800,0.878560045,15205.74,2.409981242,23535.87681,4.918155377,9766,5.077304254,23533.30522,6.117705216,4635
"KCAE20130731_111505",57702.62,"2013","07","31",0.532692934,40129.19,5.92113675,57831.74264,26.33975203,9767,8.952025575,57830.08521,31.96659289,6460,0.93016639,17573.43,3.266812727,31848.15727,23.11430814,9749,7.185354797,31845.49246,33.87051977,4432
"KCAE20130731_111923",54619.35,"2013","07","31",0.535532003,38050.28,6.251592873,61021.79803,37.53104566,9761,9.876983211,61020.00228,46.795524,6178,0.929862545,16569.07,3.246618888,31712.97329,28.02361885,9768,7.445459557,31710.21225,42.07263693,4259
"KCAE20130731_112340",52326.73,"2013","07","31",0.535301053,34363.73,5.480752203,53563.39128,26.51557916,9773,9.064385631,53561.45469,33.62172596,5909,0.929302013,17963,3.373762529,32988.65,26.01394903,9778,7.525883208,32985.9461,38.45306651,4383
"KCAE20130731_112756",39170.67,"2013","07","31",0.534343612,27091.83,4.186160529,40894.6022,14.87677941,9769,7.073621081,40892.60347,18.80409077,5781,0.928601516,12078.84,2.141063566,20931.03742,9.12623357,9776,4.889785724,20928.2829,13.2974441,4280
"KCAE20130731_113214",33715.17,"2013","07","31",0.535618067,22649.09,3.216130188,31428.0242,6.896945956,9772,5.579891564,31425.94929,8.327653772,5632,0.929698909,11066.08,1.85545682,18135.23496,6.712442637,9774,4.200254803,18132.49998,9.600801398,4317
"KCAE20130731_113631",35633.23,"2013","07","31",0.53502665,25288.51,3.485068014,34070.02491,6.978073803,9776,5.948663454,34067.9956,8.274630482,5727,0.928588105,10344.72,1.704741761,16660.44123,4.345709354,9773,3.959508349,16657.65163,5.911691883,4207
"KCAE20130731_114048",33851.1,"2013","07","31",0.534313012,23725.65,3.362813913,32881.59444,7.213106883,9778,5.864009985,32879.50399,8.721885207,5607,0.928848089,10125.45,1.638714515,16023.35053,4.208579554,9778,3.879999835,16020.51932,5.766568947,4129
"KCAE20130731_114505",32276.61,"2013","07","31",0.532117665,22067.24,3.059571163,29898.1294,5.501019324,9772,5.322422462,29896.04697,6.372215046,5617,0.92986723,10209.37,1.59338438,15559.39847,4.726905256,9765,3.864014445,15556.52215,6.73997457,4026
"KCAE20130731_114923",31287.2,"2013","07","31",0.52692055,21314.48,2.951128268,28844.32769,5.249228644,9774,5.17720718,28842.2212,6.067991773,5571,0.919349755,9972.72,1.543856734,15086.568,3.948036586,9772,3.576899195,15083.78391,5.371379262,4217
"KCAE20130731_115340",30262.8,"2013","07","31",0.525652551,21253.59,2.857975409,27913.84582,5.882872225,9767,5.060136923,27911.71527,7.080978613,5516,0.933761456,9009.21,1.3896843,13582.77434,3.402604536,9774,3.419759747,13579.86595,4.643050173,3971
"KCAE20130731_115758",29495.22,"2013","07","31",0.536869375,21208.32,2.815516767,27513.22985,4.945970584,9772,5.008389817,27511.08527,5.704262163,5493,0.928167691,8286.9,1.279680793,12507.60007,3.574081913,9774,3.30285234,12504.59896,5.12836012,3786
"KCAE20130731_120215",28603.37,"2013","07","31",0.522595846,21383.54,2.78549,27214.2373,4.773005194,9770,4.792565418,27212.18644,5.439015143,5678,0.931846689,7219.83,1.115923236,10902.57002,2.200014915,9770,2.95220038,10899.5238,2.718204404,3692
"KCAE20130731_120631",25239.29,"2013","07","31",0.524350186,18572.3,2.432072078,23773.50456,3.706690924,9775,4.348151719,23771.34545,4.029435579,5467,0.934064477,6666.99,1.063652674,10391.88662,2.161832411,9770,2.904328423,10388.78277,2.724101669,3577
"KCAE20130731_121051",27222.36,"2013","07","31",0.534772734,20823.86,2.633098821,25725.37548,4.245827796,9770,4.682059047,25723.23241,4.739837196,5494,0.928540971,6398.5,1.022427081,10002.40414,2.067941024,9783,2.899167764,9999.229618,2.58659947,3449
"KCAE20130731_121508",26240.13,"2013","07","31",0.530853755,20403.54,2.625135324,25660.69779,4.329352605,9775,4.677948532,25658.5477,4.878733546,5485,0.929569584,5836.59,0.945831533,9240.774079,1.949563258,9770,2.779880507,9237.542925,2.46534886,3323
"KCAE20130801_100138",225.46,"2013","08","01",0.535054637,103.98,0.019599409,191.5646203,0.210334482,9774,1.556051323,186.7261587,1.105980574,120,0.931997093,121.48,0.017148094,167.5883253,0.368048411,9773,2.542535914,162.7222985,3.806543291,64
"KCAE20130801_100616",229.87,"2013","08","01",0.533772476,84.37,0.016205685,158.4753911,0.201827226,9779,1.521038625,153.6249011,1.293041588,101,0.932215893,145.5,0.020575754,201.2103032,0.341144343,9779,2.36567219,196.3507917,2.874603676,83
"KCAE20130801_101055",261.4,"2013","08","01",0.535134679,58.7,0.010102507,98.7317989,0.177452173,9773,2.040364145,93.85675068,1.613872017,46,0.931579802,202.7,0.025575841,249.9271205,0.370058949,9772,2.723051396,245.0746257,2.758266487,90
"KCAE20130801_101534",271.85,"2013","08","01",0.538881474,75.38,0.011110487,108.5827865,0.171337909,9773,1.956815974,103.7112466,1.279525225,53,0.93125426,196.47,0.026711966,261.1361799,0.442471957,9776,2.912280431,256.280678,3.674039598,88
"KCAE20130801_102012",241.8,"2013","08","01",0.531569715,68.92,0.009117556,89.10587954,0.158710979,9773,2.005448252,84.22882657,1.379661045,42,0.92934609,172.88,0.020395562,199.2646398,0.402386413,9770,3.08570818,194.3996153,3.987777937,63
"KCAE20130801_102450",405.72,"2013","08","01",0.473064398,270.03,0.033450346,326.9102341,0.390146425,9773,2.927884198,322.0672618,2.257291291,110,0.928015552,135.69,0.017615703,172.2639568,0.28590099,9779,2.615545669,167.3949228,2.405188383,64
"KCAE20130801_102927",1668.58,"2013","08","01",0.473420903,1452.61,0.165236399,1615.516276,1.094440967,9777,4.642046341,1610.79008,3.606064413,347,0.92195551,215.97,0.027512964,269.0217579,0.377827941,9778,2.840513543,264.1677595,2.66362872,93
"KCAE20130801_103405",3094.06,"2013","08","01",0.533213262,2972.61,0.313313281,3061.697381,1.598534193,9772,5.003446816,3057.106005,4.174699393,611,0.9322068,121.45,0.017013992,166.3117726,0.321751644,9775,2.690712311,161.4427387,3.136110014,60
"KCAE20130801_103842",5067.61,"2013","08","01",0.531377766,4645.54,0.48400612,4730.191814,2.004380703,9773,5.274266489,4725.742774,4.309795682,896,0.931791302,422.07,0.054434034,532.0382437,2.043850799,9774,4.927039876,527.1932667,18.99763247,107
"KCAE20130801_104319",3981.34,"2013","08","01",0.53653673,3798.66,0.397979211,3894.226579,1.59422435,9785,4.420185803,3889.763507,3.239207909,880,0.931340027,182.68,0.022652285,221.3807787,0.364027057,9773,2.547356197,216.5252768,2.984860103,85
"KCAE20130801_105015",4858.3,"2013","08","01",0.502652899,4519.44,0.477204871,4663.246004,1.918942373,9772,4.691687897,4658.846081,4.059488612,993,0.921902519,338.86,0.04197349,410.4587568,0.400025963,9779,2.617002135,405.6353309,1.838196003,155
"KCAE20130801_105453",2136.19,"2013","08","01",0.532069962,1901.74,0.212468647,2076.456088,1.155694244,9773,3.535583073,2071.851681,3.247022088,586,0.931585351,234.45,0.028386766,277.5941846,0.316580985,9779,2.413714237,272.7497088,1.71527615,113
"KCAE20130801_105930",1537.97,"2013","08","01",0.53428621,1217.79,0.140297062,1371.403782,0.783147884,9775,2.823857958,1366.747252,2.195184408,484,0.93117979,320.18,0.039261576,383.8996866,0.416175875,9778,2.477619343,379.0757595,2.249655118,153
"KCAE20130801_110409",1299.9,"2013","08","01",0.532264276,993.76,0.119072227,1163.931023,1.088662828,9775,3.302586424,1159.207835,4.749201665,351,0.931681627,306.14,0.037228867,364.0983156,0.648156384,9780,2.701228289,359.2633624,4.88606831,133
"KCAE20130801_110847",890.83,"2013","08","01",0.538532384,641.04,0.077756146,760.0663259,0.586520219,9775,2.622609593,755.3115627,2.240368017,288,0.931316843,249.79,0.031986781,312.7987295,0.496791045,9779,2.905195711,307.9507454,3.815468938,106
"KCAE20130801_111325",717.22,"2013","08","01",0.527859156,417.44,0.052921609,516.9382801,0.454918214,9768,2.522878937,512.1444243,1.935293303,203,0.877556687,299.78,0.035237893,344.6618311,0.682159699,9781,2.879820838,339.8188588,5.535100613,118
"KCAE20130801_111803",449.13,"2013","08","01",0.535794555,315.21,0.04413553,431.3365366,0.3924301,9773,2.233163144,426.5341605,1.734200885,191,0.931439617,133.92,0.016937848,165.6182798,0.249720911,9778,2.329742796,160.752253,1.870790607,69
"KCAE20130801_112241",402.31,"2013","08","01",0.53475955,237.89,0.038017262,371.694773,0.462706582,9777,1.972515518,366.8878863,2.734615305,186,0.930826879,164.42,0.019315174,188.786506,0.27660172,9774,2.420078845,183.9259922,2.020713703,76
"KCAE20130801_112719",336.16,"2013","08","01",0.526753329,188.99,0.029385022,287.0622838,0.28939573,9769,1.786363122,282.2453733,1.432802929,158,0.877170325,147.17,0.018641338,182.2749982,0.271456559,9778,2.217681055,177.4144844,2.045064242,80
"KCAE20130801_113156",403.87,"2013","08","01",0.524827291,247.33,0.040729104,398.1269944,0.782437683,9775,2.126057345,393.3206088,5.297517307,185,0.92208216,156.54,0.018541141,181.2211105,0.285376006,9774,2.555899832,176.3570884,2.263893204,69
"KCAE20130801_113633",372.31,"2013","08","01",0.532013192,225.39,0.038785634,379.0520057,0.340391827,9773,1.980151467,374.2486273,1.46932966,189,0.932213864,146.92,0.018713743,183.0578341,0.27978294,9782,2.07207352,178.1983227,2.16883048,86
"KCAE20130801_114111",366.55,"2013","08","01",0.524951484,238.65,0.041266765,403.3826259,0.353280309,9775,1.963474195,398.5852617,1.499001991,203,0.877368569,127.9,0.021288209,208.0709565,0.252605416,9774,1.847522573,203.227483,1.522220352,110
"KCAE20130801_114548",459.92,"2013","08","01",0.537565687,262.75,0.046431911,453.9647916,0.389196873,9777,1.879432919,449.1844677,1.662330822,239,0.931111256,197.17,0.033551653,328.0009561,0.484900908,9776,2.341815315,323.1705135,3.36640964,138
"KCAE20130801_115026",423.36,"2013","08","01",0.534294869,273.86,0.049489818,484.0599121,0.422061812,9781,1.857701962,479.2871061,1.84596818,258,0.93094264,149.5,0.021615155,211.2449066,0.261140922,9773,1.749202914,206.4059438,1.627528239,118
"KCAE20130801_115505",425.23,"2013","08","01",0.534956067,325.09,0.058029988,567.2431356,0.459557592,9775,2.030624041,562.4828593,1.860074071,277,0.9316468,100.14,0.014902776,145.8236674,0.30273289,9785,1.807162089,140.9586429,2.892246364,78
"KCAE20130801_115942",450.36,"2013","08","01",0.539142238,300.33,0.058484621,572.3889863,0.601176699,9787,2.041810061,567.6231969,2.950424662,278,0.932282628,150.03,0.021860999,213.6475389,0.247686838,9773,1.711562139,208.810581,1.428100561,122
"KCAE20130801_120419",347.1,"2013","08","01",0.532500827,267.07,0.052444643,512.5939407,0.375625513,9774,1.839977045,507.8336643,1.309260636,276,0.932312449,80.03,0.014105612,137.8823621,0.181671809,9775,1.773611279,133.0208459,1.094226978,75
"KCAE20130801_120858",423.87,"2013","08","01",0.494034276,353.24,0.063088783,616.5035918,0.511529706,9772,2.240816169,611.7428143,2.122008745,273,0.921851886,70.63,0.012694666,124.1665274,0.180736705,9781,1.491306376,119.3045101,1.345998935,80
"KCAE20130801_121335",473.58,"2013","08","01",0.538975837,371.53,0.063494805,620.5982266,0.532600688,9774,2.264102741,615.8359456,2.2869192,272,0.932053834,102.05,0.013023519,127.356992,0.194699531,9779,1.775224115,122.4904639,1.509147064,69
"KCAE20130801_121813",417.31,"2013","08","01",0.481338501,319.95,0.055556707,543.3445986,0.439789462,9780,2.002147981,538.5778068,1.773850928,269,0.93473666,97.36,0.01525689,149.1971251,0.203625388,9779,1.87447541,144.3346066,1.343357485,77
"KCAE20130801_122252",306.33,"2013","08","01",0.535304988,224.27,0.040578398,396.5726878,0.382858027,9773,1.998840906,391.7728177,1.847216519,196,0.931759267,82.06,0.011908836,116.3969624,0.162244518,9774,1.616419425,111.5329403,1.073457538,69
"KCAE20130801_122729",394.99,"2013","08","01",0.537537276,325.02,0.054481728,532.8313035,0.569811621,9780,2.228052632,528.0484737,2.931133845,237,0.932198149,69.97,0.010219215,99.8621664,0.184642092,9772,1.759104238,94.99162886,1.775289964,54
"KCAE20130801_123208",319.84,"2013","08","01",0.530717761,208.59,0.032748084,320.1125227,0.400167051,9775,2.318246904,315.281579,2.501446375,136,0.934206516,111.25,0.013331208,130.4192077,0.22845136,9783,2.615419791,125.5401499,1.978172492,48
"KCAE20130801_123647",391.07,"2013","08","01",0.536202468,275.53,0.043503304,425.0707801,0.431933819,9771,2.133362505,420.2724135,2.195373192,197,0.93436743,115.54,0.012653027,123.7086475,0.218662582,9777,2.528342463,118.8320957,1.914121851,47
"KCAE20130801_124124",373.69,"2013","08","01",0.535437859,162.96,0.031716618,309.8396374,0.28914655,9769,1.743035698,305.0312471,1.301645836,175,0.932268094,210.73,0.027217904,265.9189194,1.046655844,9770,6.36689924,261.0428688,15.03913927,41
"KCAE20130801_124602",277.86,"2013","08","01",0.53243479,199.78,0.031760391,310.4260633,0.332810771,9774,1.959010542,305.6056445,1.784627996,156,0.930888961,78.08,0.010398791,101.6273833,0.18548573,9773,1.974568135,96.7538386,1.745306466,49
"KCAE20130801_125247",374.14,"2013","08","01",0.503645,236.55,0.038529989,376.7462317,0.421874668,9778,2.187828381,371.9308247,2.359528093,170,0.921842413,137.59,0.018590683,181.7982922,0.495908565,9779,3.216813592,176.9247476,5.835556742,55
"KCAE20130801_125725",264.19,"2013","08","01",0.533265602,170.44,0.027568419,269.5364294,0.289241211,9777,1.800748275,264.7099964,1.545246886,147,0.932967859,93.75,0.012982879,126.9725596,0.243134603,9780,2.543645947,122.0950054,2.393073433,48
"KCAE20130802_100355",83.83,"2013","08","02",0.524028279,56.79,0.011405885,111.401277,0.184716677,9767,1.614231206,106.5392596,1.58117564,66,1.528982104,27.04,0.002680558,26.1917336,0.087530661,9771,2.66233033,21.29864264,1.613236664,8
"KCAE20130802_101333",66.41,"2013","08","02",0.523629076,49.44,0.007581088,74.0748138,0.130069463,9771,1.572721945,69.19976558,1.151506915,44,1.524060347,16.97,0.002040091,19.92965115,0.067591556,9769,2.506093365,15.03656019,1.181646955,6
"KCAE20130802_102313",142.01,"2013","08","02",0.523275885,128.25,0.015068854,147.222705,0.222145377,9770,2.224346589,142.3581817,1.631282814,64,1.52048246,13.76,0.001766598,17.26319857,0.049256919,9772,1.546200802,12.36960642,0.811434339,8
"KCAE20130802_103252",399.33,"2013","08","02",0.524799213,377.85,0.044004233,430.0973753,0.439649022,9774,2.444172286,425.2859778,2.240570476,174,1.529167627,21.48,0.002201516,21.51101113,0.063460826,9771,2.077240021,16.61792017,0.834264974,8
"KCAE20130802_104231",1155.57,"2013","08","02",0.523296141,1130.58,0.130200869,1271.802093,0.848865378,9768,2.822119218,1267.131529,2.845509499,449,1.523973743,24.99,0.00267386,26.1396513,0.080797658,9776,2.124505678,21.24505678,1.443219931,10
"KCAE20130802_105212",1516.65,"2013","08","02",0.523883321,1480.23,0.176222688,1721.519441,0.786838162,9769,2.2862846,1716.999735,1.798268382,751,1.530651084,36.42,0.004659615,45.53841468,0.255100886,9773,5.080540168,40.64432135,7.83437313,8
"KCAE20130802_110152",895.83,"2013","08","02",0.523189025,878.65,0.119302649,1165.825491,0.584177643,9772,1.849112476,1161.242635,1.454411631,628,1.529578842,17.18,0.001998313,19.52352131,0.056729015,9770,1.828866442,14.63093154,0.820884036,8
"KCAE20130802_111132",460.31,"2013","08","02",0.523130825,448.83,0.066697754,651.6370599,0.427036696,9770,1.597391213,646.9434414,1.399714226,405,1.528589953,11.48,0.001209384,11.81930517,0.040706596,9773,1.73080177,6.923207081,1.186255828,4
"KCAE20130802_112112",128.46,"2013","08","02",0.524351772,118.61,0.023145157,226.1513249,0.184587593,9771,1.09581913,221.3554643,0.689492764,202,1.533050069,9.85,0.001219294,11.91493829,0.027638755,9772,0.877668268,7.021346142,0.4332167,8
"KCAE20130802_113301",90.28,"2013","08","02",0.523646882,80.03,0.017252736,168.5937373,0.13365461,9772,0.810878096,163.7973755,0.471218329,202,1.521472082,10.25,0.001644865,16.07197626,0.042955588,9771,1.117988767,11.17988767,0.785453109,10
"KCAE20130802_114241",132.66,"2013","08","02",0.52355381,121.95,0.026754973,261.3693357,0.234898479,9769,0.946896898,256.6090593,1.059315021,271,1.541239827,10.71,0.00171479,16.75520887,0.045430513,9771,0.988676888,11.86412266,0.87703567,12
"KCAE20130802_115222",86.56,"2013","08","02",0.52405606,65.59,0.014131789,138.081713,0.117598892,9771,0.822628425,133.2658049,0.412799093,162,1.528300326,20.97,0.002768007,27.04896914,0.103795643,9772,3.164982257,22.1548758,2.422837389,7
"KCAE20130802_120201",102.2,"2013","08","02",0.523241307,71.69,0.015069299,147.2270526,0.126812795,9770,0.791225928,142.420667,0.510390918,180,1.5193899,30.51,0.003038634,29.69657377,0.092596206,9773,2.48034828,24.8034828,1.575937001,10
"KCAE20130802_121141",83.11,"2013","08","02",0.523161614,71.1,0.014908261,145.6686157,0.1314175,9771,0.786934233,140.8612277,0.580846435,179,1.540245251,12.01,0.001781834,17.40852251,0.042482255,9770,1.251693511,12.51693511,0.470428357,10
"KCAE20130802_122121",95.27,"2013","08","02",0.523084777,84.03,0.016698861,163.2146653,0.138815908,9774,0.816563359,158.4132916,0.565378079,194,1.540576416,11.24,0.001541137,15.0569111,0.03486796,9770,1.01653237,10.1653237,0.416903289,10
"KCAE20130802_123101",656.09,"2013","08","02",0.52287272,610.93,0.091072203,890.0486424,3.030406842,9773,3.471679774,885.2783423,18.48041124,255,1.540358506,45.16,0.006192659,60.53323826,0.167501225,9775,3.091286357,55.64315442,2.456555298,18
"KCAE20130802_124041",3347.66,"2013","08","02",0.522666439,2935.62,0.387162886,3783.742889,14.59808782,9773,17.1770684,3778.955047,96.01672901,220,1.540588298,412.04,0.05485853,536.1324107,1.579039347,9773,9.320401326,531.2628756,18.63320342,57
"KCAE20130802_125021",6891.45,"2013","08","02",0.523083441,5583.99,0.738317877,7212.627338,22.47956814,9769,26.4995131,7207.867563,132.3976076,272,1.540734989,1307.46,0.169383418,1655.214759,8.259969699,9772,53.23653854,1650.332695,138.9327597,31
"KCAE20130803_100023",1240.55,"2013","08","03",0.523862535,1232.64,0.173850351,1699.039484,1.235797459,9773,2.455778551,1694.4872,4.006135365,690,1.531236912,7.91,0.001103805,10.78417958,0.02662573,9770,0.981764572,5.890587432,0.479961106,6
"KCAE20130803_101212",40285.91,"2013","08","03",0.523431909,40281.9,4.539055758,44346.57475,32.03547748,9770,43.85972785,44342.18485,90.55442429,1011,1.541379643,4.01,0.000501187,4.896098085,0,9769,NA,0,NA,0
"KCAE20130803_102151",34462.43,"2013","08","03",0.523401511,34457.32,3.82642239,37391.7996,19.76963523,9772,24.26195608,37387.67432,44.53848084,1541,1.52497481,5.11,0.000736863,7.199886568,0.016888881,9771,1.151894241,2.303788483,0.368605294,2
"KCAE20130803_103131",21093.56,"2013","08","03",0.52360181,21089.55,2.428658848,23730.42561,10.01962793,9771,10.63021826,23726.64716,18.77289703,2232,1.530048601,4.01,0.000501187,4.896599273,0,9770,NA,0,NA,0
"KCAE20130803_104111",32106.13,"2013","08","03",0.52426263,32100.51,3.794899852,37076.17155,10.0849331,9770,10.44311385,37073.05417,14.50903013,3550,1.529044625,5.62,0.000816327,7.974694339,0.014226254,9769,0.616220438,3.081102189,0.143464702,5
"KCAE20130803_105050",22803.35,"2013","08","03",0.523423595,22797.37,3.012915657,29439.19889,7.28744024,9771,6.393703139,29436.60925,9.544732978,4604,1.540517163,5.98,0.000901597,8.810408462,0.020539039,9772,0.978702891,3.914811564,0.314096322,4
"KCAE20130803_110030",8358.76,"2013","08","03",0.523146287,8350.82,1.234055805,12056.72522,3.295414001,9770,3.536835875,12053.53666,4.795073191,3408,1.529615998,7.94,0.001231056,12.02987822,0.037034963,9772,1.783570329,7.134281318,0.479463114,4
"KCAE20130803_111010",4892.16,"2013","08","03",0.523409138,4869.73,0.873858738,8537.599873,3.351429059,9770,3.179600768,8534.048461,5.793435985,2684,1.529871487,22.43,0.003673939,35.90173157,0.083322183,9772,1.192967723,31.01716079,1.112887965,26
"KCAE20130803_111950",2578.61,"2013","08","03",0.523590566,2566.5,0.486521712,4753.803643,2.624579836,9771,2.509168141,4749.85529,5.522130081,1893,1.531792975,12.11,0.001871215,18.2817657,0.044841815,9770,1.115931723,13.39118068,0.655848286,12
"KCAE20130803_112929",1704.45,"2013","08","03",0.524381805,1643.34,0.310250577,3030.837887,3.096196776,9769,1.936484417,3026.725144,7.536484158,1563,1.526866019,61.11,0.008309544,81.19255317,0.315881526,9771,4.239137449,76.30447408,6.193301853,18
"KCAE20130803_113909",1586.51,"2013","08","03",0.524043129,1578.99,0.283572021,2770.782214,0.943298629,9771,1.637119598,2766.73212,1.711886682,1690,1.53072096,7.52,0.00104477,10.20844718,0.026184522,9771,1.062770531,5.313852653,0.514636699,5
"KCAE20130803_114850",1589.41,"2013","08","03",0.523382274,1583.68,0.278939129,2725.514226,0.854423011,9771,1.678858451,2721.42955,1.432392765,1621,1.528886644,5.73,0.000730161,7.13732516,0.02263833,9775,2.238721139,2.238721139,NA,1
"KCAE20130803_115829",2764.82,"2013","08","03",0.523120574,2755.19,0.457020381,4465.546145,1.182979982,9771,1.953499893,4461.793756,1.750699114,2284,1.530769592,9.63,0.001317076,12.86519679,0.036377902,9768,1.139015458,7.973108207,0.80189109,7
"KCAE20130803_120809",2065.41,"2013","08","03",0.523643974,2055.56,0.339036791,3312.728483,1.016045496,9771,1.784660509,3308.760583,1.691884833,1854,1.530876335,9.85,0.001198464,11.70779494,0.046057157,9769,2.271066805,6.813200416,1.621547007,3
"KCAE20130803_121955",1980.25,"2013","08","03",0.524161515,1965.45,0.339099163,3313.677025,0.989314844,9772,1.794850115,3309.703612,1.604819699,1844,1.530918851,14.8,0.00202437,19.78012272,0.042371862,9771,0.992702671,14.89054007,0.446935902,15
"KCAE20130803_122935",2140.04,"2013","08","03",0.522827211,2130.76,0.376226977,3675.737566,0.985796513,9770,1.809688455,3671.857876,1.444477675,2029,1.529290861,9.28,0.00144985,14.16938492,0.027604076,9773,0.662735622,9.278298709,0.318065108,14
"KCAE20130803_123915",1138.2,"2013","08","03",0.523984631,1121.24,0.216403497,2115.344188,0.982732446,9775,1.876452372,2111.008918,2.298058553,1125,1.531914699,16.96,0.002651109,25.91194145,0.08422974,9774,1.051168058,21.02336117,1.577859385,20
"KCAE20130803_124855",809.74,"2013","08","03",0.523477222,800.01,0.153414899,1498.55673,0.654366837,9768,1.569472965,1494.138263,1.4743082,952,1.52978405,9.73,0.001844361,18.01571803,0.032529729,9768,0.570941236,13.13164843,0.361100331,23
"KCAE20130803_125835",758.67,"2013","08","03",0.524072028,748.4,0.140737661,1375.00695,0.598612229,9770,1.47850588,1370.574951,1.34200302,927,1.519272708,10.27,0.002042392,19.96029656,0.037182058,9773,0.655379175,15.07372103,0.408386964,23
"KCAE20130804_100822",7299.04,"2013","08","04",0.523826449,7294.44,0.916837462,8955.668327,11.15288512,9768,4.633406327,8951.741024,24.7370445,1932,1.511357636,4.6,0.000633029,6.185957381,0.009867383,9772,0.644679054,1.289358109,0.348705302,2
"KCAE20130804_101801",15039.54,"2013","08","04",0.523347265,15032.79,1.699033077,16602.95123,11.50129384,9772,9.135368348,16598.96429,25.37252021,1817,1.515326173,6.75,0.000792251,7.737911941,0.020472361,9767,1.421909302,2.843818604,0.230494028,2
"KCAE20130804_102741",19857.1,"2013","08","04",0.511411719,19853.09,3.050544336,29812.96979,9.387133933,9773,7.991941319,29809.94112,13.8353955,3730,1.450411712,4.01,0.000501187,4.898102834,0,9773,NA,0,NA,0
"KCAE20130804_103327",26756.2,"2013","08","04",0.510626732,26722.23,4.101615293,40076.88303,7.719848617,9771,7.910486566,40074.52494,9.20989742,5066,1.494329482,33.97,0.003056651,29.87265238,0.110004908,9773,4.162926111,24.97755667,1.694749888,6
"KCAE20130804_103914",40072.74,"2013","08","04",0.495319497,40065.01,5.763229154,56324.03852,8.912931829,9773,8.676997939,56322.39362,9.712271905,6491,1.488630314,7.73,0.001439386,14.06423762,0.033302307,9771,0.917214903,9.17214903,0.520717122,10
"KCAE20130804_104459",39785.12,"2013","08","04",0.525160029,39774.15,5.665672801,55376.28595,7.760302191,9774,7.864638007,55374.91621,8.142836078,7041,1.494393944,10.97,0.002157198,21.07366519,0.038082034,9769,0.770861526,16.18809204,0.294125065,21
"KCAE20130804_105044",46396.28,"2013","08","04",0.490282607,46354.35,6.435666334,62863.58875,8.050909176,9768,8.306353877,62862.48614,8.253612031,7568,1.494689998,41.93,0.009683859,94.650037,0.127955135,9774,1.21335839,89.78852083,0.843809783,74
"KCAE20130804_105630",59915.69,"2013","08","04",0.507965041,59820.03,7.962085166,77797.53415,9.072242396,9771,9.580875208,77796.70669,9.139579403,8120,1.458496069,95.66,0.021175278,206.8612938,0.234905802,9769,1.393364606,202.0378678,1.348535578,145
"KCAE20130804_110426",45110.95,"2013","08","04",0.514788428,44811.81,6.494708781,63485.77833,8.224689421,9775,8.390783929,63484.67121,8.455026675,7566,1.499990671,299.14,0.061428202,600.3992494,0.400039762,9774,1.489252801,595.7011203,1.337450181,400
"KCAE20130804_111011",35339.37,"2013","08","04",0.506342377,35046.65,5.178429279,50593.25406,6.094047723,9770,6.958052757,50592.00159,6.125321253,7271,1.488644088,292.72,0.057136875,558.3415388,0.363622331,9772,1.492263821,553.6298776,1.15976586,371
"KCAE20130804_111556",30982.61,"2013","08","04",0.510067715,30716.89,4.603579755,44986.18136,5.618902364,9772,6.358279811,44984.82966,5.696622588,7075,1.450392119,265.72,0.051966783,507.6634996,0.33844676,9769,1.453586163,502.9408123,1.095708149,346
"KCAE20130804_112142",31305.43,"2013","08","04",0.511816133,31096.31,4.513386029,44109.32166,5.142234206,9773,6.144034208,44108.02158,5.096970261,7179,1.491059608,209.12,0.044545228,435.3405158,0.309547496,9773,1.42110321,430.5942727,1.06699538,303
"KCAE20130804_112728",26296.08,"2013","08","04",0.509579072,25929.09,3.831307303,37443.36627,4.766502911,9773,5.348089841,37441.97698,4.858415789,7001,1.48562847,366.99,0.073619802,719.2654693,0.599979838,9770,1.609440084,714.5913972,2.336993424,444
"KCAE20130804_113314",24793.74,"2013","08","04",0.525227407,24552.2,3.555849629,34758.43012,4.032738587,9775,4.954675245,34757.04685,3.966286533,7015,1.493558655,241.54,0.051936124,507.6236726,0.367386979,9774,1.4206285,502.9024888,1.33700549,354
"KCAE20130804_113901",28290.77,"2013","08","04",0.511363713,27976.53,3.964164907,38737.81948,4.860951301,9772,5.389054592,38736.52441,4.944204177,7188,1.450650454,314.24,0.067460652,659.4953353,0.370182535,9776,1.393258057,654.8312869,1.002828486,470
"KCAE20130804_114446",23668.09,"2013","08","04",0.505839117,23437.8,3.315065853,32391.50845,4.07132368,9771,4.677943612,32390.08157,4.125108469,6924,1.452860931,230.29,0.047784036,466.8500274,0.319342539,9770,1.355203322,462.124333,1.07412406,341
"KCAE20130804_115032",21916.49,"2013","08","04",0.533327907,21770.45,3.06434778,29929.48476,3.752437245,9767,4.49031209,29927.93008,3.772522444,6665,1.494749758,146.04,0.030024459,293.3689871,0.247323179,9771,1.311737036,288.5821479,1.020074062,220
"KCAE20130804_115617",27253.77,"2013","08","04",0.509278643,27077.61,3.740338524,36554.32839,4.536099612,9773,5.172346424,36552.97218,4.587908376,7067,1.451959727,176.16,0.033148341,323.7929936,0.261511385,9768,1.357511386,319.0151757,1.02451086,235
"KCAE20130804_120203",25170.7,"2013","08","04",0.511335606,25036.18,3.438655364,33602.54022,6.53534488,9772,4.89098774,33601.08577,7.324713173,6870,1.486624551,134.52,0.027549206,269.2383866,0.209257833,9773,1.159888397,264.4545544,0.752621518,228
"KCAE20130804_120748",26444.91,"2013","08","04",0.49519683,26369.72,3.70029339,36181.46877,6.070606063,9778,5.2702125,36180.00881,6.649638516,6865,1.496926267,75.19,0.01702777,166.4294214,0.161545049,9774,1.15429274,161.6009835,0.716409488,140
"KCAE20130804_121334",24403.06,"2013","08","04",0.510434226,24232.67,3.383545389,33064.00554,4.445106526,9772,4.856421859,33062.52002,4.60537517,6808,1.487902992,170.39,0.035712509,349.0183495,0.264069046,9773,1.334300593,344.249553,0.95533553,258
"KCAE20130804_121918",25305.7,"2013","08","04",0.490114022,25161.03,3.543268373,34638.99162,4.814128205,9776,5.162834175,34637.45448,5.040852058,6709,1.492755673,144.67,0.030082086,294.0523871,0.253222495,9775,1.431953078,289.2545218,1.049447217,202
"KCAE20130804_122504",24716.74,"2013","08","04",0.510566138,24565.29,3.481871433,34035.29325,8.572111572,9775,5.16131316,34033.69898,10.01327934,6594,1.48823293,151.45,0.032917861,321.70626,0.250792296,9773,1.288339225,316.9314492,0.940906125,246
"KCAE20130804_123051",23545.91,"2013","08","04",0.504607686,23408.43,3.373019311,32947.65263,11.13194391,9768,5.099209906,32945.9952,13.36243333,6461,1.48124192,137.48,0.03004521,293.6017918,0.210981409,9772,1.098235751,288.8360024,0.694984631,263
"KCAE20130804_123636",24559.2,"2013","08","04",0.527390116,24479.21,3.484735028,34059.80017,4.758821194,9774,5.078017448,34058.26302,4.99125372,6707,1.492636357,79.99,0.017653821,172.5131403,0.163674155,9772,1.088913776,167.6927215,0.732966678,154
"KCAE20130804_124222",22555.41,"2013","08","04",0.499709467,22443.91,3.266452085,31900.17107,4.239220019,9766,4.895417773,31898.54221,4.354413449,6516,1.494385309,111.5,0.020928601,204.6189284,0.228218868,9777,1.359132621,199.7924953,1.287205758,147
"KCAE20130804_124807",18893.95,"2013","08","04",0.530571602,18818.43,2.865362642,28011.78519,4.05303616,9776,4.648175529,28009.90574,4.285339025,6026,1.494268216,75.52,0.01685962,164.7690654,0.173696736,9773,1.230277823,159.9361169,0.884125008,130
"KCAE20130804_125353",20696.47,"2013","08","04",0.53365608,20629.08,3.127243118,30543.78354,4.517767349,9767,5.006876342,30541.94568,4.823908814,6100,1.490155692,67.39,0.015297571,149.4572731,0.1534255,9770,1.095657808,144.6268306,0.750463669,132
"KCAE20130804_125938",19117.05,"2013","08","04",0.532688777,19018.07,2.957583097,28898.54444,6.004229007,9771,4.818518086,28896.65296,7.055091324,5997,1.48851453,98.98,0.02145007,209.631532,0.194050882,9773,1.233835098,204.8166262,0.851936099,166
"KCAE20130805_100007",2715.6,"2013","08","05",0.524186811,2706.37,0.450588988,4403.155591,1.53326417,9772,2.07319581,4399.321508,2.732277845,2122,1.511836633,9.23,0.001063683,10.3889891,0.031646341,9767,1.373974536,5.495898142,0.863700234,4
"KCAE20130805_100946",4014.7,"2013","08","05",0.523918604,3990.86,0.596105306,5824.544944,3.379848477,9771,2.997230252,5820.621149,7.092263065,1942,1.513842166,23.84,0.002629547,25.70118838,0.075050746,9774,1.734049884,20.80859861,1.315278196,12
"KCAE20130805_101925",14761.92,"2013","08","05",0.522374213,14747.22,1.979528909,19343.9565,11.11201196,9772,9.508396418,19340.07831,22.84370964,2034,1.522618951,14.7,0.002313667,22.60684081,0.052015998,9771,0.984375651,17.71876172,0.729313752,18
"KCAE20130805_102903",29050.9,"2013","08","05",0.523004527,28929.37,3.852284283,37648.3743,13.94810249,9773,12.29827191,37645.01033,22.74612656,3061,1.52229028,121.53,0.01761474,172.1312391,0.172432707,9772,1.130458197,167.3078131,0.842803311,148
"KCAE20130805_103842",56211.36,"2013","08","05",0.524034869,56042.77,7.802090424,76257.6318,21.72563838,9774,14.6504019,76255.34188,28.03686494,5205,1.51551802,168.59,0.025100958,245.186154,0.288275377,9768,1.201953973,240.3907946,1.630237727,200
"KCAE20130805_104822",59737.23,"2013","08","05",0.5244946,59645.65,8.908748538,87074.10821,25.66593754,9774,14.67096616,87072.18415,31.62852537,5935,1.517758643,91.58,0.015311024,149.5427709,0.121177233,9767,0.749971007,144.7444044,0.439793515,193
"KCAE20130805_105801",52649.09,"2013","08","05",0.523673302,52393.34,8.314932416,81253.51956,18.37588353,9772,12.75738955,81251.81402,21.48119245,6369,1.520656895,255.75,0.039779117,388.5624129,0.245869288,9768,1.002242221,383.8587707,0.760900997,383
"KCAE20130805_110741",53097.37,"2013","08","05",0.521925373,52306.69,8.020521673,78352.47622,16.80163878,9769,11.78740959,78350.91152,19.24833219,6647,1.514395227,790.68,0.140470875,1372.540923,0.533778557,9771,1.32317413,1368.16205,1.062494092,1034
"KCAE20130805_111720",60530.37,"2013","08","05",0.524345536,58862.27,8.167759888,79790.84635,19.55068476,9769,10.62163407,79789.71517,21.70299412,7512,1.517238902,1668.1,0.283116494,2766.048147,1.033135468,9770,1.849899411,2761.89982,2.022163001,1493
"KCAE20130805_112700",82109.77,"2013","08","05",0.523715081,80435.47,9.870253448,96471.8572,20.74535063,9774,10.75010656,96471.45625,21.43083359,8974,1.520583258,1674.3,0.272346004,2661.092809,0.964759301,9771,1.811132209,2656.93095,1.847939168,1467
"KCAE20130805_113639",81564.75,"2013","08","05",0.52304705,80316.29,9.27095326,90577.21335,14.15111183,9770,9.744698793,90576.97528,14.3482343,9295,1.521236691,1248.46,0.214384748,2094.11022,1.234013771,9768,2.225436889,2089.685238,3.372972068,939
"KCAE20130805_114827",87027.86,"2013","08","05",0.522995861,86447.23,10.03702913,98111.95979,12.96111097,9775,10.22744382,98111.86857,13.00885501,9593,1.523033128,580.63,0.10019433,979.2993847,0.620058623,9774,1.506530215,974.7250488,1.922297415,647
"KCAE20130805_115807",101439.83,"2013","08","05",0.522319124,101073.93,11.56377424,113001.2019,14.25340101,9772,11.68695318,113001.1503,14.27880131,9669,1.525132706,365.9,0.06108431,596.9158808,0.342070881,9772,1.198918756,592.2658657,0.976093786,494
"KCAE20130805_120747",89598.29,"2013","08","05",0.524066914,89266.58,10.26014612,100231.3675,13.34861005,9769,10.62784414,100231.1981,13.44113207,9431,1.524532122,331.71,0.053166834,519.3868021,0.304997231,9769,1.083639512,514.728768,0.893581296,475
"KCAE20130805_121726",83495.34,"2013","08","05",0.523547666,83365.55,9.885428521,96600.4075,13.11704743,9772,10.43310837,96600.15039,13.26184475,9259,1.518964441,129.79,0.021420856,209.2817676,0.163158921,9770,0.992662198,204.4884129,0.547952269,206
"KCAE20130805_122707",70428.09,"2013","08","05",0.52216432,70287.64,8.63917713,84404.76056,10.83073812,9770,9.185381366,84404.46937,10.94098971,9189,1.538438957,140.45,0.020994495,205.1582089,0.649267915,9772,1.602586045,200.3232556,5.53742625,125
"KCAE20130805_123647",75313.11,"2013","08","05",0.523111883,75186.84,9.346165696,91340.07735,11.08714689,9773,9.997784379,91339.75809,11.17951099,9136,1.520294427,126.27,0.019112013,186.7625924,0.377972458,9772,1.367907133,181.9316487,2.952422614,133
"KCAE20130805_124627",77173.89,"2013","08","05",0.522187057,77143.76,9.563141956,93441.46005,11.53270543,9771,10.18543284,93441.16084,11.63274579,9174,1.538905498,30.13,0.005174978,50.5543582,0.070260715,9769,0.692293007,45.69133847,0.509113612,66
"KCAE20130805_125606",72578.87,"2013","08","05",0.524852402,72515.95,9.184464276,89741.40044,11.66439137,9771,9.620623758,89741.17841,11.7611203,9328,1.539922426,62.92,0.012195628,119.175672,0.101130305,9772,0.723780114,114.357258,0.344315277,158
"KCAE20130806_100256",370.48,"2013","08","06",0.531894972,364.97,0.048796045,476.9325447,0.595994027,9774,3.026359781,472.1121259,3.650846338,156,0.931431153,5.51,0.000880033,8.598804997,0.023677173,9771,1.2344027,3.703208099,0.674910684,3
"KCAE20130806_100713",554.19,"2013","08","06",0.534137527,545.42,0.068269685,666.9265559,0.761929992,9769,3.805273933,662.1176644,4.298593553,174,0.930642818,8.77,0.001216746,11.89247635,0.03045959,9774,1.166146576,6.996879457,0.42892612,6
"KCAE20130806_101130",1392.6,"2013","08","06",0.5234311,1383.14,0.171650794,1677.88651,1.518459255,9775,5.467780289,1673.140768,6.696153722,306,0.931800095,9.46,0.00126991,12.40574966,0.043801161,9769,1.252109782,7.512658694,1.367255935,6
"KCAE20130806_101546",2510.55,"2013","08","06",0.534211048,2497.04,0.30124783,2943.793799,2.48893391,9772,7.459628591,2939.093665,10.02434374,394,0.930253864,13.51,0.002125456,20.75932801,0.060992847,9767,1.586924417,15.86924417,1.115005963,10
"KCAE20130806_102209",5979.47,"2013","08","06",0.472991653,5849.59,0.685998334,6707.005711,3.907753934,9777,8.11443049,6702.519585,10.98200568,826,0.925722657,129.88,0.015623067,152.6686068,0.300535155,9772,3.284301303,147.7935586,3.01328245,45
"KCAE20130806_102626",10528.31,"2013","08","06",0.483168712,9805.19,1.140044935,11135.95893,6.240894503,9768,9.291872917,11131.66375,15.55635097,1198,0.931421877,723.12,0.081436116,795.7122867,0.944921349,9771,4.321895648,790.9069035,5.431887028,183
"KCAE20130806_103045",13849.25,"2013","08","06",0.534846931,12472.27,1.507685963,14724.06111,6.317701572,9766,8.613237592,14720.02304,12.92126436,1709,0.929725325,1376.98,0.154124794,1506.107484,1.076518959,9772,3.725587743,1501.411861,3.851092984,403
"KCAE20130806_103501",18708.17,"2013","08","06",0.53447424,16177.12,1.982038512,19370.46237,7.646396492,9773,8.672943763,19366.68342,14.06860551,2233,0.932233891,2531.05,0.293906313,2872.640301,1.714198146,9774,4.372058653,2868.070476,5.097916267,656
"KCAE20130806_103918",27275.91,"2013","08","06",0.535662797,23388.66,2.84745875,27811.12961,8.245660422,9767,9.318944388,27807.73005,12.73852722,2984,0.930617566,3887.25,0.436228385,4261.515091,1.920813093,9769,4.125131994,4257.136218,4.441341242,1032
"KCAE20130806_104337",35366.52,"2013","08","06",0.541141533,27379.21,3.285970229,32136.78884,8.308159195,9780,9.144464541,32133.6484,11.77108704,3514,0.92182718,7987.31,0.894179086,8738.812208,3.253626565,9773,4.890710652,8734.809225,6.196676946,1786
"KCAE20130806_104755",44807.15,"2013","08","06",0.533976989,35244.28,4.174093379,40776.71822,11.09364127,9769,10.6043561,40773.74919,15.63737135,3845,0.930705641,9562.87,1.088996098,10648.20384,3.242842386,9778,4.941681889,10644.38279,5.358052585,2154
"KCAE20130806_105211",38207.83,"2013","08","06",0.536917703,30407.29,3.506027899,34246.88052,8.614121078,9768,8.816666203,34243.93153,11.82426372,3884,0.93139461,7800.54,0.886327177,8660.302851,2.615454845,9771,4.302392713,8656.414139,4.304731721,2012
"KCAE20130806_105627",39301.87,"2013","08","06",0.532527056,27192.71,3.072777272,30042.54339,7.828333859,9777,7.756153983,30039.58438,10.88091961,3873,0.878814332,12109.16,1.359972059,13288.28699,3.605214608,9771,4.949603232,13284.73507,5.436716593,2684
"KCAE20130806_110044",30123.5,"2013","08","06",0.535794815,21043.71,2.374299562,23206.40392,6.408972438,9774,6.883178528,23203.19482,9.384824058,3371,0.930881526,9079.79,1.037132831,10129.67636,3.018864422,9767,4.458793247,10125.91946,4.893549281,2271
"KCAE20130806_110500",23948.98,"2013","08","06",0.536982099,16461.15,1.8324515,17895.72135,6.13693962,9766,6.024348581,17892.31529,9.930258625,2970,0.931326047,7487.83,0.832960508,8138.024165,2.572504954,9770,4.312869992,8134.072805,4.391126939,1886
"KCAE20130806_110916",18628.89,"2013","08","06",0.533506771,12485.15,1.328159721,12982.76127,4.078466041,9775,5.501926437,12979.04446,6.780611025,2359,0.921945314,6143.74,0.667988582,6524.912466,2.491704055,9768,4.204251586,6520.79421,4.924120704,1551
"KCAE20130806_111333",10808.12,"2013","08","06",0.5357361,7401.12,0.775527375,7579.229037,2.914821614,9773,4.588224346,7575.158394,5.728508802,1651,0.930830893,3407,0.367368295,3591.759821,1.613856903,9777,3.717454258,3587.343359,3.734669497,965
"KCAE20130806_111749",6616.38,"2013","08","06",0.539388208,4509.38,0.44587845,4354.00306,2.131065862,9765,4.559315618,4349.587099,5.268534004,954,0.931423359,2107,0.216366221,2115.412539,1.426105023,9777,3.722745334,2110.796604,4.696049942,567
"KCAE20130806_112206",3458.05,"2013","08","06",0.5408072,2767.04,0.268542637,2625.004279,2.072489164,9775,4.808033616,2620.378321,7.436922465,545,0.930644641,691.01,0.075022364,733.4936512,0.600949814,9777,2.792047331,728.7243535,2.442338432,261
"KCAE20130806_112623",1868.01,"2013","08","06",0.534534341,1466.07,0.150246777,1467.911013,1.242452365,9770,3.830381851,1463.205867,5.044733288,382,0.932174606,401.94,0.044909817,439.1731004,0.461462948,9779,2.386611025,434.3632065,2.425999607,182
"KCAE20130806_113039",904.34,"2013","08","06",0.537268618,730.76,0.080413851,785.4824997,0.686398517,9768,2.957269758,780.7192162,2.993031766,264,0.930620153,173.58,0.020937356,204.6835959,0.24029237,9776,1.921501086,199.836113,1.339143445,104
"KCAE20130806_113456",627.27,"2013","08","06",0.533660271,480.66,0.055991379,547.8196486,0.485902375,9784,2.728722457,543.015769,2.082525521,199,0.930653598,146.61,0.018665816,182.3650181,0.255687081,9770,2.366746771,177.5060078,1.731843221,75
"KCAE20130806_113913",719.46,"2013","08","06",0.532365758,631.11,0.08568172,837.6244939,0.981642159,9776,3.559154552,832.8421653,5.292699322,234,0.931193273,88.35,0.011556797,113.0023571,0.194534862,9778,2.040156815,108.1283112,1.702395062,53
"KCAE20130806_114330",544.1,"2013","08","06",0.536918425,425.74,0.054268328,530.3643648,0.538591309,9773,2.887678451,525.5574781,2.726791747,182,0.931034246,118.36,0.017798279,173.906983,0.37250348,9771,2.449919774,169.0444644,3.727128929,69
"KCAE20130806_114748",433.68,"2013","08","06",0.533284137,366.27,0.046470726,454.0654614,0.751574742,9771,2.994956927,449.243539,5.305663907,150,0.929640162,67.41,0.01114186,108.8782539,0.149740495,9772,1.600203529,104.0132294,0.917331409,65
"KCAE20130806_115206",642.85,"2013","08","06",0.522453693,545.64,0.073256121,715.9320706,2.600362351,9773,5.512392411,711.098621,22.04571303,129,0.93170825,97.21,0.014023593,137.038548,0.184820477,9772,1.762380472,132.1785354,1.178261622,75
"KCAE20130806_115622",379.61,"2013","08","06",0.524344848,308.03,0.044658001,436.5319617,1.469675006,9775,4.45032445,431.6814717,14.14569588,97,0.933098275,71.58,0.011619916,113.5730616,0.192182097,9774,2.012991142,108.7015217,1.645219728,54
"KCAE20130806_120039",148.77,"2013","08","06",0.535830554,96.9,0.014591121,142.5844321,0.243570452,9772,2.33417628,137.7164005,2.118488153,59,0.930877848,51.87,0.008220149,80.2779706,0.14176917,9766,1.839120116,75.40392475,1.206673189,41
"KCAE20130806_120457",167.66,"2013","08","06",0.535268974,88.41,0.010976477,107.1633465,0.21330374,9763,2.557257576,102.2903031,2.170592469,40,0.922110564,79.25,0.010409739,101.7864306,0.197083432,9778,2.153519449,96.90837523,1.977832301,45
"KCAE20130806_120913",159.89,"2013","08","06",0.537159998,72.42,0.010622084,103.7990014,0.189565537,9772,2.536434514,98.92094605,1.632848721,39,0.929960628,87.47,0.012244526,119.6290183,0.270517599,9770,2.608056165,114.7544713,3.114368202,44
"KCAE20130806_121330",136.01,"2013","08","06",0.532843095,51.66,0.006009659,58.75042646,0.144845635,9776,2.244285357,53.86284856,1.917301548,24,0.930239958,84.35,0.011254242,109.9764494,0.356040435,9772,2.91935807,105.0968905,5.163162314,36
"KCAE20130806_121748",73.53,"2013","08","06",0.534366695,31.05,0.004575491,44.73000002,0.098963505,9776,1.897186598,39.84091856,1.00872959,21,0.930564913,42.48,0.006485037,63.41069365,0.116756492,9778,1.672217898,58.52762643,1.026396614,35
"KCAE20130806_122411",65.61,"2013","08","06",0.500721713,37.89,0.006372414,62.29034538,0.123150677,9775,2.126102675,57.40477223,1.011081059,27,0.922079429,27.72,0.003843752,37.5726757,0.085944984,9775,1.556385496,32.68409542,1.036073407,21
"KCAE20130806_122829",97.94,"2013","08","06",0.534568461,44.65,0.005156236,50.38157782,0.102725792,9771,1.895687744,45.49650586,0.862477463,24,0.930387511,53.29,0.007244231,70.7616495,0.147541704,9768,1.996442175,65.88259178,1.596802024,33
"KCAE20130806_123247",34.3,"2013","08","06",0.534829521,17.54,0.002329621,22.76040168,0.063417809,9770,1.985368122,17.8683131,0.695030291,9,0.927218889,16.76,0.002717449,26.55763029,0.061512712,9773,1.274591038,21.66804764,0.767595554,17
"KCAE20130806_123704",60.01,"2013","08","06",0.522307366,27.68,0.00416805,40.72601376,0.104415165,9771,2.239808269,35.8369323,1.32708018,16,0.93101118,32.33,0.00402436,39.31397543,0.095814786,9769,1.912605484,34.42689872,1.187819334,18
"KCAE20130806_124121",59.04,"2013","08","06",0.540375543,34.54,0.00512423,50.08422581,0.122966505,9774,2.378691808,45.19514435,1.500445733,19,0.929464266,24.5,0.005121046,50.05310585,0.138256108,9774,2.258226279,45.16452558,2.115987014,20
"KCAE20130806_124540",119.88,"2013","08","06",0.537508268,54.68,0.007703996,75.26033404,0.1606974,9769,2.426854151,70.37877039,1.711555289,29,0.930332603,65.2,0.008584232,83.84219325,0.166378801,9767,2.134206526,78.96564147,1.687616477,37
"KCAE20130806_124957",56.66,"2013","08","06",0.539240266,43.25,0.006242335,61.01257974,0.134923646,9774,2.440239262,56.12550302,1.370637879,23,0.928955859,13.41,0.001840448,17.99038316,0.056270567,9775,2.182380847,13.09428508,0.693124139,6
"KCAE20130806_125414",65.12,"2013","08","06",0.538323894,14.55,0.002250028,21.98502285,0.064163538,9771,1.553948677,17.09343545,1.170785619,11,0.929864448,50.57,0.008056441,78.65503431,0.268875289,9763,4.098386929,73.77096471,4.875041653,18
"KCAE20130806_125832",51.76,"2013","08","06",0.536348168,9.38,0.001339714,13.09838173,0.03474292,9777,1.366880212,8.20128127,0.347921215,6,0.928620958,42.38,0.006429199,62.83898809,0.129405006,9774,2.146441338,57.95391612,1.235098344,27
"KCAE20130807_100218",2218.08,"2013","08","07",0.509359836,2212.74,0.350217355,3421.973776,2.357713064,9771,3.09848548,3417.629485,6.384428333,1103,1.450215553,5.34,0.000802448,7.839920553,0.015024673,9770,0.736331507,2.945326029,0.115993455,4
"KCAE20130807_100712",2352.35,"2013","08","07",0.511826166,2344.77,0.337172558,3294.513068,2.457950945,9771,3.576170718,3290.07706,7.254927271,920,1.446719007,7.58,0.001285449,12.56012376,0.028235295,9771,0.85194822,7.667533983,0.398482577,9
"KCAE20130807_101206",10498.54,"2013","08","07",0.514332766,10489.49,1.338346149,13075.64188,13.11337428,9770,10.22800141,13071.3858,34.99287919,1278,1.450185754,9.05,0.001842566,18.00187029,0.039727936,9770,1.008598958,13.11178646,0.430569814,13
"KCAE20130807_101700",18643.19,"2013","08","07",0.509165558,18607.64,2.302394177,22503.60068,18.38442436,9774,16.72816073,22499.37618,47.07664174,1345,1.445098774,35.55,0.005544066,54.17107144,0.124791995,9771,1.895653917,49.28700184,1.536429664,26
"KCAE20130807_102153",18256.68,"2013","08","07",0.513513561,18235.84,2.287322804,22344.85647,14.46665414,9769,14.63046869,22340.72569,34.04319901,1527,1.450409248,20.84,0.003037833,29.67962671,0.084942777,9770,1.770717433,24.79004406,1.432522595,14
"KCAE20130807_102647",15920.18,"2013","08","07",0.509173015,15907.14,2.031719937,19849.90378,11.40879869,9770,14.74419152,19845.68178,27.52843298,1346,1.449277444,13.04,0.002644967,25.85719997,0.055214827,9776,1.103532428,20.96711614,0.61141308,19
"KCAE20130807_103142",18394.68,"2013","08","07",0.512651279,18385.78,2.368633772,23146.28922,10.26962451,9772,14.51831274,23142.19051,21.68860065,1594,1.450195031,8.9,0.001754975,17.14961888,0.036708952,9772,0.875645275,12.25903385,0.435003447,14
"KCAE20130807_103635",29948.76,"2013","08","07",0.512811615,29936.13,3.865997911,37797.86158,14.72039352,9777,17.04739405,37794.0726,27.039526,2217,1.450315547,12.63,0.002141374,20.93621588,0.051033045,9777,1.234047979,16.04262373,0.689525782,13
"KCAE20130807_104130",34520.43,"2013","08","07",0.512213382,34509.33,4.446783774,43462.8646,14.87073589,9774,15.6836358,43459.35479,24.57478545,2771,1.452930651,11.1,0.002258744,22.07019233,0.065858953,9771,1.431592176,17.17910612,1.273161435,12
"KCAE20130807_104624",44039.08,"2013","08","07",0.510682164,44015.26,5.776414699,56458.67727,16.51944557,9774,16.34496519,56455.50976,24.48626338,3454,1.450037867,23.82,0.004304794,42.05353103,0.078579344,9769,1.281791978,37.17196737,0.677349232,29
"KCAE20130808_100203",3529.88,"2013","08","08",0.512810843,3524.55,0.58073819,5674.392854,4.532430299,9771,3.897061843,5670.224981,11.18502907,1455,1.450392039,5.33,0.000845859,8.266577999,0.019210173,9773,0.842619978,3.370479913,0.506844274,4
"KCAE20130808_100656",2949.64,"2013","08","08",0.510862853,2941.49,0.455991435,4456.404292,3.108792057,9773,3.922533072,4452.075036,8.347132645,1135,1.446094698,8.15,0.001525403,14.90166077,0.038051096,9769,1.112230375,10.01007337,0.615398355,9
"KCAE20130808_101151",8506.68,"2013","08","08",0.507213581,8492.84,1.123720621,10978.75047,11.63756547,9770,7.772352367,10974.56154,29.76500426,1412,1.445016694,13.84,0.002248782,21.97284431,0.061202427,9771,1.314019945,17.08225928,1.087672677,13
"KCAE20130808_101644",11075.37,"2013","08","08",0.492413444,11065.63,1.383407663,13517.27627,15.43073113,9771,12.35185326,13512.92747,44.64047822,1094,1.445996624,9.74,0.001643737,16.0675334,0.03825869,9775,0.859611048,11.17494363,0.627450185,13
"KCAE20130808_102137",13646.07,"2013","08","08",0.508801932,13639.32,1.627836271,15903.96037,12.03002189,9770,12.49976516,15899.70128,31.24646479,1272,1.443672075,6.75,0.00121409,11.86773415,0.023471834,9775,0.697364081,6.973640809,0.243481598,10
"KCAE20130808_102632",17992.25,"2013","08","08",0.509455833,17983.54,2.149886815,21008.69396,13.81660354,9772,11.64986134,21004.7,30.40362989,1803,1.450192501,8.71,0.001501766,14.67225365,0.042083255,9770,1.629776916,9.778661497,0.526012774,6
"KCAE20130808_103126",16205.42,"2013","08","08",0.509263374,16196.77,2.006323408,19599.77338,6.443962549,9769,8.034481211,19596.09967,10.85915123,2439,1.445605969,8.65,0.001569575,15.34416463,0.035140374,9776,0.950006482,10.4500713,0.46525409,11
"KCAE20130808_103620",27137.33,"2013","08","08",0.507185383,27125.58,3.378210621,33022.00882,11.43814345,9775,9.646165724,33018.82527,17.69764949,3423,1.445950109,11.75,0.002224208,21.73940879,0.054688218,9774,1.403901585,16.84681902,0.715015896,12
"KCAE20130808_104114",24407.24,"2013","08","08",0.504296576,24377.05,3.122995908,30517.91601,9.113492806,9772,8.826945622,30514.75102,13.58159734,3457,1.446018652,30.19,0.004464863,43.621714,0.204785451,9770,2.766580811,38.73213135,4.825573588,14
"KCAE20130808_104608",36693.53,"2013","08","08",0.508212928,36683.97,4.648758962,45441.61885,12.878758,9775,11.69592455,45438.66686,18.30159203,3885,1.445694977,9.56,0.001886675,18.43470106,0.04390988,9771,1.128634571,13.54361485,0.570793268,12
"KCAE20130808_105102",25366.61,"2013","08","08",0.513641748,25307.87,3.249637572,31765.20726,8.592818176,9775,8.301679483,31762.2257,12.1130166,3826,1.450175638,58.74,0.009151848,89.43185493,0.161493238,9772,1.799102321,84.55780908,1.500117371,47
"KCAE20130808_105556",25353.15,"2013","08","08",0.508681611,25174.79,3.178895334,31057.80742,15.18330363,9770,8.099851948,31054.83237,23.40260057,3834,1.45021077,178.36,0.029051529,283.9205916,0.304582498,9773,1.938157359,279.0946597,1.616933659,144
"KCAE20130808_110049",22204.14,"2013","08","08",0.516004266,21773.42,2.766448268,27044.79826,7.749917209,9776,6.973141378,27041.84226,11.04951501,3878,1.450230727,430.72,0.064366791,628.9922793,0.524275966,9772,2.269936379,624.2325042,2.185907493,275
"KCAE20130808_110543",16535.89,"2013","08","08",0.509487174,15919.47,2.032584895,19868.51735,5.381450749,9775,5.854794805,19865.31877,7.814405247,3393,1.446441491,616.42,0.096973769,947.7246406,0.612764783,9773,2.138429844,943.0475613,1.991149868,441
"KCAE20130808_111037",13017.64,"2013","08","08",0.516723614,12120.23,1.561760733,15263.08765,4.498204243,9773,5.151814335,15259.67406,6.948145369,2962,1.449599451,897.41,0.145788103,1424.641341,0.891609765,9772,2.473922336,1420.031421,2.790621934,574
"KCAE20130808_111531",8189.42,"2013","08","08",0.507854116,7361.87,1.015377249,9925.312605,3.339271849,9775,4.390064683,9921.546183,5.781509641,2260,1.44960694,827.55,0.150576703,1471.887275,0.938769072,9775,2.289094275,1467.309431,2.925246458,641
"KCAE20130808_112025",4145.61,"2013","08","08",0.512567105,3558.34,0.530403192,5185.221609,2.248916804,9776,3.460970127,5181.07228,4.785298168,1497,1.449870052,587.27,0.105330046,1029.074546,0.631618149,9770,1.981503019,1024.437061,1.956763462,517
"KCAE20130808_112518",2953.69,"2013","08","08",0.510834459,2568.55,0.423132286,4134.002438,2.528341943,9770,3.341201704,4129.725306,6.388212946,1236,1.450250671,385.14,0.074113806,724.3883358,0.497998011,9774,1.898890981,719.6796818,1.714253423,379
"KCAE20130808_113011",3139.92,"2013","08","08",0.509437294,2880.37,0.478061396,4672.572081,11.51871854,9774,5.101783676,4668.132064,37.35084389,915,1.445874717,259.55,0.051913679,507.19664,0.407767493,9770,1.769163302,502.4423779,1.640649013,284
"KCAE20130808_113504",1766.3,"2013","08","08",0.506601632,1506.03,0.27956174,2732.436449,1.878125201,9774,3.157373694,2727.970871,5.554271609,864,1.450300734,260.27,0.050418918,492.592833,0.427794398,9770,1.890796667,487.8255401,1.861195293,258
"KCAE20130808_114211",1525.84,"2013","08","08",0.511301227,1372.89,0.247390613,2417.995848,3.669780997,9774,3.533586463,2413.439554,13.46691069,683,1.450061271,152.95,0.028355352,277.1452077,0.273876281,9774,1.660541453,272.3287983,1.330847288,164
"KCAE20130808_114705",2395.11,"2013","08","08",0.506903252,2234.13,0.388188369,3791.823985,9.233515046,9768,4.658469685,3787.335854,31.71108965,813,1.449154523,160.98,0.029500907,288.2828664,0.339676552,9772,2.069006769,283.4539274,2.009926897,137
"KCAE20130808_115158",2098.41,"2013","08","08",0.508147475,1998.09,0.363521304,3551.603137,7.111395966,9770,4.273641594,3547.122523,24.06688899,830,1.445744489,100.32,0.019359534,189.1039247,0.238333348,9768,1.706133852,184.262456,1.510322492,108
"KCAE20130808_115652",1372.4,"2013","08","08",0.510231642,1282.3,0.256381495,2505.616347,2.538652403,9773,3.295255133,2501.098646,8.547460939,759,1.446391056,90.1,0.017407544,170.1935555,0.219981786,9777,1.670131974,165.3430655,1.428198301,99
"KCAE20130808_120146",2100.38,"2013","08","08",0.508378706,2022.58,0.346494586,3386.984576,11.36599515,9775,4.353249541,3382.474893,40.12081093,777,1.446769677,77.8,0.014698526,143.5752021,0.179404284,9768,1.632025955,138.7222062,1.035496942,85
"KCAE20130808_120640",1834.29,"2013","08","08",0.512077374,1763.17,0.333423425,3258.880556,8.133922737,9774,3.628128781,3254.431517,26.63970085,897,1.450258239,71.12,0.012622599,123.411146,0.197817288,9777,1.62394007,118.5476251,1.631258846,73
"KCAE20130808_121133",1321.74,"2013","08","08",0.508503664,1238.71,0.247460161,2419.417991,1.272151573,9777,2.566407546,2414.989501,3.297652537,941,1.447146146,83.03,0.015875552,155.1993984,0.222244114,9776,1.927421598,150.3388846,1.593436981,78
"KCAE20130808_121628",2247.76,"2013","08","08",0.506563097,2185.23,0.386994501,3781.710268,5.345519401,9772,3.550137152,3777.345929,15.85611459,1064,1.450194469,62.53,0.010821477,105.7366536,0.169232523,9771,1.626945593,100.8706268,1.383984016,62
"KCAE20130808_122122",2216.07,"2013","08","08",0.50459925,2138.56,0.378083205,3693.11675,7.261865179,9768,3.412361643,3688.762936,21.5996525,1081,1.447592341,77.51,0.012670696,123.8307084,0.16644632,9773,1.607698559,118.9696934,1.053541684,74
"KCAE20130808_122616",3106.69,"2013","08","08",0.508069352,3077.3,0.496497705,4853.761569,10.01265116,9776,4.49851785,4849.402242,29.86459108,1078,1.496866404,29.39,0.005762624,56.30083389,0.110055,9770,1.389804826,51.42277855,1.144764704,37
"KCAE20130808_123110",2273.79,"2013","08","08",0.505335658,2239.23,0.380638877,3717.319272,11.52754642,9766,4.167083317,3712.871235,37.97631666,891,1.497995058,34.56,0.005891861,57.58115746,0.104273138,9773,1.386897362,52.70209975,0.951446508,38
"KCAE20130808_123603",1880.98,"2013","08","08",0.509256722,1849.99,0.301976056,2951.212,7.303118603,9773,3.483141728,2946.737901,24.61111014,846,1.500020616,30.99,0.004763556,46.53993811,0.129914153,9770,1.983517322,41.65386377,2.03071678,21
"KCAE20130808_124056",1791.09,"2013","08","08",0.498776768,1770.38,0.293053738,2864.600289,5.608456725,9775,3.364855521,2860.127193,18.75559285,850,1.497690097,20.71,0.003446959,33.67678539,0.072106551,9770,1.251813627,28.79171342,0.821978519,23
"KCAE20130808_124549",924.58,"2013","08","08",0.505032128,913.52,0.161677377,1579.911327,0.802703124,9772,2.240919004,1575.36606,2.074446639,703,1.498284374,11.06,0.001813399,17.73141358,0.047714449,9778,1.283581668,12.83581668,0.803663211,10
"KCAE20130808_125042",864.73,"2013","08","08",0.506619055,842.79,0.161508123,1578.580399,0.768390891,9774,2.216954419,1574.037638,1.891112322,710,1.498258813,21.94,0.003610142,35.29996523,0.088745884,9778,1.44808959,30.40988139,1.286288521,21
"KCAE20130808_125536",1066.21,"2013","08","08",0.504922041,1042.24,0.183174198,1790.344615,1.061121905,9774,2.371611428,1785.823405,3.072021792,753,1.497336867,23.97,0.003745084,36.60070179,0.087118231,9773,1.585631135,31.7126227,1.124266695,20
"KCAE20130809_100446",4550.42,"2013","08","09",0.523198693,4545.57,0.35335336,3449.08215,12.71416406,9761,14.17412284,3444.31185,79.5156393,243,1.524076373,4.85,0.000683169,6.673876308,0.017986743,9769,1.77827941,1.77827941,NA,1
"KCAE20130809_101632",23160.27,"2013","08","09",0.523092249,18825.12,1.446660724,14112.17537,30.47995513,9755,31.4899795,14107.51082,139.0114198,448,1.540710206,4335.15,0.319596238,3121.816056,8.977324121,9768,67.7596416,3116.943513,113.2293846,46
"KCAE20130809_102612",18128.6,"2013","08","09",0.509024082,16495.94,1.304142942,12697.13569,21.81092985,9736,28.01872664,12692.48317,97.44562084,453,1.445793699,1632.66,0.120088189,1173.621873,3.691872835,9773,26.56240507,1168.745823,48.77281531,44
"KCAE20130809_103158",18882.85,"2013","08","09",0.499427411,16342.62,1.34113957,13049.28801,23.24294454,9730,18.93288357,13044.75678,85.47462582,689,1.497405987,2540.23,0.184212963,1799.39222,5.427748895,9768,34.51005163,1794.522685,66.58956705,52
"KCAE20130809_103744",26809.72,"2013","08","09",0.503806302,17796.83,1.603970903,15585.78527,24.97170165,9717,13.60828741,15581.48909,71.64233597,1145,1.499440657,9012.89,0.652195946,6371.954392,13.57589727,9770,104.3784978,6367.088365,137.843151,61
"KCAE20130809_104329",27738.94,"2013","08","09",0.526324747,18707.42,1.873790252,18187.00819,19.01025513,9706,11.14152059,18182.9616,45.24462298,1632,1.451396081,9031.52,0.653892863,6386.571589,16.23022241,9767,62.56595701,6381.727615,146.8298039,102
"KCAE20130809_104915",41717.38,"2013","08","09",0.531352008,34020.21,3.114781726,30275.67838,30.75942152,9720,14.72365627,30271.83728,65.60274244,2056,1.449910059,7697.17,0.55417671,5415.968983,10.76081861,9773,60.7990504,5411.115486,95.67710727,89
"KCAE20130809_105501",50896.6,"2013","08","09",0.521356184,44689.78,3.933995609,38289.57926,35.20876062,9733,15.82062565,38285.91408,69.27625658,2420,1.491690097,6206.82,0.445228585,4349.438049,14.03300368,9769,49.93776499,4344.585554,140.9495571,87
"KCAE20130809_110046",36614.4,"2013","08","09",0.485858682,30168.03,2.645005488,25751.77343,27.61334192,9736,12.54772042,25747.92231,59.11727042,2052,1.450447403,6446.37,0.471607552,4609.020606,11.22703288,9773,25.57895954,4604.212716,78.96420235,180
"KCAE20130809_110633",20747.41,"2013","08","09",0.527292773,18589.83,1.60691765,15670.66093,21.00823991,9752,10.15988728,15666.54618,52.01692786,1542,1.49438827,2157.58,0.177788404,1737.170492,5.002196951,9771,7.042262941,1732.396683,30.81038406,246
"KCAE20130809_111219",14124.84,"2013","08","09",0.490235243,13595.54,1.153694884,11275.0601,20.65023001,9773,9.471225552,11270.75841,58.53088998,1190,1.494217356,529.3,0.072366212,707.1626242,0.604569238,9772,2.295484921,702.4183858,2.567208545,306
"KCAE20130809_111805",3252.16,"2013","08","09",0.49005859,2966.72,0.33124644,3236.940214,4.073365024,9772,3.894528431,3232.458598,13.47860341,830,1.494296007,285.44,0.051265239,501.117713,0.351239416,9775,1.688319581,496.3659569,1.15884052,294
"KCAE20130809_112352",1237.88,"2013","08","09",0.530782528,939.89,0.130121913,1271.681456,0.780946863,9773,2.337739845,1267.054996,2.418029247,542,1.45018772,297.99,0.047261518,461.6032439,0.386770394,9767,1.84952203,456.8319414,1.610183472,247
"KCAE20130809_112939",680.44,"2013","08","09",0.530680572,504.04,0.082895366,810.0535137,0.614963514,9772,2.075645291,805.3503727,2.324303457,388,1.450203184,176.4,0.027570912,269.3678138,0.27992755,9770,1.799625096,264.5448891,1.425876284,147
"KCAE20130809_113524",485.34,"2013","08","09",0.499246871,353.6,0.063214763,617.6714468,0.400984706,9771,1.792239042,612.9457523,1.224630192,342,1.452548803,131.74,0.020264454,198.0850386,0.326215454,9775,1.992108748,193.2345486,2.620397772,97
"KCAE20130809_114109",433.63,"2013","08","09",0.487441595,363.17,0.062299281,608.9131677,0.451405707,9774,1.899918054,604.1739413,1.667529472,318,1.493400804,70.46,0.011372525,111.1664366,0.146214732,9775,1.518605922,106.3024145,0.840860588,70
"KCAE20130809_114655",342.46,"2013","08","09",0.526821087,285.96,0.051321634,501.361038,0.362589206,9769,1.666490918,496.6142937,1.274369385,298,1.450203744,56.5,0.008376854,81.85861261,0.145817498,9772,1.603855582,76.98506795,1.344560383,48
"KCAE20130809_115240",271.44,"2013","08","09",0.499820287,237.65,0.044249123,432.225433,0.333589128,9768,1.66975836,427.4581401,1.240271678,256,1.4965403,33.79,0.005034525,49.18731063,0.106907384,9770,1.640897904,44.30424342,1.227852928,27
"KCAE20130809_115826",306.38,"2013","08","09",0.532256068,272.47,0.048460817,473.6560291,0.373206112,9774,1.776097494,468.8897385,1.447914853,264,1.494551699,33.91,0.00465273,45.48043239,0.097169147,9775,1.623754275,40.59385686,1.052364093,25
"KCAE20130809_120410",507.03,"2013","08","09",0.523455593,468.85,0.063728413,622.8177814,0.967476526,9773,2.332273559,618.0524932,5.416347005,265,1.449887576,38.18,0.006094034,59.55699617,0.167630533,9773,2.733445854,54.66891708,2.570266455,20
"KCAE20130809_120956",1145.16,"2013","08","09",0.505094076,1128.47,0.118842615,1161.805402,3.651682209,9776,4.117603661,1157.046629,21.1897308,281,1.494338736,16.69,0.0026888,26.28033431,0.061783547,9774,1.33685933,21.38974928,0.765013577,16
"KCAE20130809_121747",4461.86,"2013","08","09",0.50603539,4447.25,0.396602379,3874.80524,9.636841106,9770,10.87103108,3870.087064,49.41059109,356,1.494085823,14.61,0.001673185,16.35203676,0.055047435,9773,1.636777462,11.45744223,1.346782254,7
"KCAE20130809_122333",8016.51,"2013","08","09",0.484463973,7599.26,0.661770796,6458.221195,18.85329959,9759,15.47611296,6453.539103,90.04337981,417,1.450230986,417.25,0.035065415,342.8696286,1.390913426,9778,15.36272936,337.9800459,25.5740766,22
"KCAE20130809_122920",12192.83,"2013","08","09",0.487076227,9226.61,0.786381588,7668.006866,20.24592398,9751,22.02096035,7663.294202,105.1111241,348,1.494018374,2966.22,0.242268307,2367.688168,11.97372316,9773,65.63355854,2362.808107,188.7179453,36
"KCAE20130809_123505",25019.81,"2013","08","09",0.525597898,14632.34,1.231369556,12000.9277,27.37671477,9746,37.2552935,11996.20451,146.3106202,322,1.491378564,10387.47,0.856539413,8358.968133,23.22788887,9759,189.8658886,8354.099099,292.7727162,44
"KCAE20130809_124051",50379.8,"2013","08","09",0.531637293,29913.13,2.4845658,24204.64002,38.36131204,9742,75.62474323,24199.91783,198.4642146,320,1.447729586,20466.67,1.713695492,16708.53105,34.06834553,9750,214.1497893,16703.68356,317.5952867,78
"KCAE20130809_124636",52842.53,"2013","08","09",0.525872306,22799.07,1.902351531,18471.83336,32.08045122,9710,60.74710261,18467.11919,171.4371906,304,1.450356478,30043.46,2.504721696,24416.02709,37.97697756,9748,170.7077845,24411.21319,264.7293331,143
"KCAE20130809_125222",52712.15,"2013","08","09",0.498792164,34529.53,2.875003696,27861.66082,42.30946243,9691,96.39082579,27856.94865,226.2383063,289,1.450206327,18182.62,1.517371144,14756.43437,25.60069283,9725,95.78985397,14751.63751,180.4569248,154
"KCAE20130809_125807",52234.47,"2013","08","09",0.533215489,27590.4,2.312834493,22367.42239,33.37956772,9671,75.54974242,22362.72376,175.9863728,296,1.494579264,24644.07,2.027533801,19703.57347,33.6766556,9718,108.8331141,19698.79365,222.5644074,181
"KCAE20130810_100248",3995.34,"2013","08","10",0.521925912,3985.07,0.587693648,5742.942327,2.556869944,9772,2.727708756,5739.099223,4.953383737,2104,1.540710268,10.27,0.00146972,14.36357821,0.040689711,9773,1.183685609,9.469484875,0.844207304,8
"KCAE20130810_101227",8227.08,"2013","08","10",0.522402882,8219.26,1.004938145,9820.255554,9.00774491,9772,5.770846838,9816.210472,20.9486016,1701,1.539800619,7.82,0.001111813,10.86352265,0.022277056,9771,0.746303961,5.970431689,0.239761684,8
"KCAE20130810_102207",16614.92,"2013","08","10",0.520783095,16605.42,1.959738153,19150.56123,12.8177169,9772,9.869399965,19146.63593,27.38264044,1940,1.539561105,9.5,0.001385936,13.54475293,0.027350653,9773,0.786560286,8.652163151,0.228231679,11
"KCAE20130810_103147",10680.8,"2013","08","10",0.523984661,10673.14,1.339074506,13084.097,5.122132504,9771,5.398437586,13080.41427,9.160349184,2423,1.541043925,7.66,0.001188787,11.61444755,0.026723132,9770,0.840232221,6.721857772,0.43748118,8
"KCAE20130810_104127",21593.61,"2013","08","10",0.521434974,21588.18,2.580041551,25217.32612,6.881459858,9774,6.554290508,25214.35558,9.709709677,3847,1.539844548,5.43,0.00081136,7.926171308,0.019482018,9769,1.010525595,3.031576785,0.569177797,3
"KCAE20130810_105107",18477.72,"2013","08","10",0.522558167,18466.97,2.232496516,21820.42095,5.026906029,9774,5.0017672,21817.70852,6.540378082,4362,1.514931959,10.75,0.001068358,10.43999548,0.041170106,9772,2.771698104,5.543396207,1.098046023,2
"KCAE20130810_110301",17144.39,"2013","08","10",0.522097107,17038.9,2.25770451,22060.03077,6.280173794,9771,5.163219743,22057.27474,8.67278916,4272,1.520396735,105.49,0.017322356,169.2740587,0.178481204,9772,1.284692258,164.440609,0.900283017,128
"KCAE20130810_111241",9029.48,"2013","08","10",0.520768258,8684.96,1.25169018,12229.01305,3.294556305,9770,3.465386804,12225.88464,4.731918107,3528,1.540280448,344.52,0.058782222,574.3610881,0.38349918,9771,1.515033069,569.652434,1.272904627,376
"KCAE20130810_112221",5394.94,"2013","08","10",0.523287558,4929.74,0.774871352,7569.718238,2.096344967,9769,2.673583215,7566.2405,3.177534867,2830,1.540481539,465.2,0.088885521,868.7670794,0.463369482,9774,1.482265296,864.1606675,1.23985675,583
"KCAE20130810_113200",4564.86,"2013","08","10",0.522677006,4295.83,0.730381774,7136.560316,3.395433843,9771,2.647740688,7133.013414,6.062065683,2694,1.539415953,269.03,0.050525501,493.8362454,0.357404695,9774,1.366248789,489.1170664,1.301881815,358
"KCAE20130810_114140",3846.32,"2013","08","10",0.519865647,3755.37,0.630011299,6154.580377,1.675924886,9769,2.313282037,6151.016936,2.535232147,2659,1.540409644,90.95,0.017539999,171.453486,0.197998663,9775,1.173419362,166.6255494,1.162834484,142
"KCAE20130810_115120",4332.85,"2013","08","10",0.522030616,4257.06,0.698076944,6816.023284,1.757556497,9764,2.377029342,6812.566094,2.556338441,2866,1.520367069,75.79,0.014378411,140.5202085,0.155348132,9773,1.103119933,135.6837517,0.850123766,123
"KCAE20130810_120059",4803.66,"2013","08","10",0.522267518,4748.45,0.777004496,7595.995958,1.953118438,9776,2.477204728,7592.63249,2.820918655,3065,1.539816256,55.21,0.009593034,93.72393776,0.138590112,9770,1.217314043,88.86392516,1.056439782,73
"KCAE20130810_121039",3903.43,"2013","08","10",0.522932973,3853.54,0.630470987,6160.962484,1.671977481,9772,2.248060472,6157.437634,2.517791308,2739,1.53972141,49.89,0.00837482,81.855492,0.122383655,9774,1.37473133,76.98495446,0.865784909,56
"KCAE20130810_122019",4309.24,"2013","08","10",0.523537784,4272.67,0.707045475,6907.127246,2.538095008,9769,2.488688335,6903.621442,4.27285332,2774,1.540458663,36.57,0.006595254,64.44222516,0.096950388,9771,1.191403681,59.57018406,0.659040035,50
"KCAE20130810_122959",3740.61,"2013","08","10",0.520232933,3720.54,0.625949406,6117.403543,2.063673836,9773,2.233787793,6113.877189,3.408611664,2737,1.539709608,20.07,0.003990102,38.99925382,0.069314507,9774,1.003461475,34.11769017,0.624542578,34
"KCAE20130810_123938",3906.23,"2013","08","10",0.52286636,3877.48,0.636401497,6218.915424,1.688540172,9772,2.275031869,6215.387066,2.544102631,2732,1.520567023,28.75,0.005251867,51.3054924,0.088596118,9769,1.160736045,46.4294418,0.768721382,40
"KCAE20130810_124918",3167.8,"2013","08","10",0.522088979,3148.43,0.497894543,4864.429685,1.252161312,9770,1.923545542,4860.799586,1.822366382,2527,1.540921627,19.37,0.003644498,35.61039423,0.074348029,9771,1.138030586,30.72682582,0.858536475,27
"KCAE20130810_125857",2951.9,"2013","08","10",0.522449196,2934.83,0.463271929,4527.556565,1.503341462,9773,2.000792413,4523.791646,2.58752858,2261,1.503223095,17.07,0.002760083,26.96876782,0.056143588,9771,1.051532966,22.08219229,0.618379937,21
"KCAE20130811_100813",12176.8,"2013","08","11",0.523673678,12160.76,1.561802229,15263.49319,13.51182479,9773,4.339026943,15260.35776,22.25672246,3517,1.528801079,16.04,0.001978687,19.33374984,0.055423198,9771,1.444166125,14.44166125,1.010525503,10
"KCAE20130811_101752",30094.68,"2013","08","11",0.52329583,30080.86,3.65175283,35684.92865,31.12014397,9772,10.31264889,35681.76516,51.64312154,3460,1.526249684,13.82,0.002101292,20.52752098,0.04137986,9769,0.919996652,15.63994308,0.385492034,17
"KCAE20130811_102732",66032.59,"2013","08","11",0.52275646,66008.43,7.660121721,74831.72909,35.3337069,9769,17.05699378,74829.0317,51.18728303,4387,1.53140583,24.16,0.003522594,34.42278779,0.078596462,9772,1.737276843,29.53370633,0.757050005,17
"KCAE20130811_103711",51714.48,"2013","08","11",0.523744044,51655.87,5.795818412,56630.9417,15.63273695,9771,10.05305659,56628.86779,19.52265093,5633,1.529367767,58.61,0.005870312,57.35881524,0.149780379,9771,2.76164407,52.47123733,2.035915655,19
"KCAE20130811_104651",54032.64,"2013","08","11",0.523550302,53966.18,6.116305557,59774.65421,15.62763095,9773,8.227583927,59773.39723,17.64007459,7265,1.529304351,66.46,0.0091832,89.74741231,0.14666395,9773,1.543215905,84.87687477,1.217444014,55
"KCAE20130811_105631",41937.13,"2013","08","11",0.523692693,41849.47,5.028555754,49154.13249,14.62492738,9775,6.955253329,49152.77528,16.8064964,7067,1.530411639,87.66,0.011715309,114.4937124,0.173842517,9773,1.686587488,109.6281867,1.321476034,65
"KCAE20130811_110611",35452.14,"2013","08","11",0.522532168,35148.52,4.861909315,47471.68255,21.24136304,9764,7.507505609,47469.95797,26.01755102,6323,1.528411603,303.62,0.042880345,418.8552056,0.342959728,9768,1.592653528,414.0899174,1.399482076,260
"KCAE20130811_111551",31016.21,"2013","08","11",0.522873878,30604.43,4.408601886,43072.04042,16.79499817,9770,7.043370169,43070.20858,20.78791871,6115,1.541580514,411.78,0.059179766,578.2454966,0.640050359,9771,1.554290879,573.5333343,2.923481694,369
"KCAE20130811_112531",18399.53,"2013","08","11",0.522799283,17887.16,2.544519434,24862.49939,10.94058138,9771,4.754297763,24860.223,14.60067329,5229,1.531033059,512.37,0.076615901,748.3841228,0.457974751,9768,1.555916513,743.7280934,1.410276799,478
"KCAE20130811_113511",17793.24,"2013","08","11",0.523815643,17025.07,2.240436928,21889.06879,8.593675322,9770,4.153883649,21886.81295,11.35787283,5269,1.528914737,768.17,0.110844128,1083.168822,0.619557717,9772,1.725735139,1078.584462,1.79445598,625
"KCAE20130811_114450",15093.57,"2013","08","11",0.522337343,14639.39,1.937494092,18935.12977,6.519287102,9773,4.074146908,18932.56068,8.982614127,4647,1.540249971,454.18,0.064275728,627.909582,0.408588353,9769,1.452747071,623.2284933,1.337521898,429
"KCAE20130811_115644",18004.74,"2013","08","11",0.523079157,17798.94,2.198356603,21486.73744,7.737019072,9774,4.647232494,21484.15582,10.73277687,4623,1.540460745,205.8,0.028317351,276.7737908,0.256140485,9774,1.373608191,271.9744218,1.182433345,198
"KCAE20130811_120624",17969.73,"2013","08","11",0.522824844,17783.11,2.210501549,21605.44214,5.280300991,9774,4.039495866,21603.22389,6.600907779,5348,1.530589073,186.62,0.026396074,257.8368461,0.40701486,9768,1.591326654,253.020938,2.781239625,159
"KCAE20130811_121604",9010.3,"2013","08","11",0.524669136,8949.1,1.205290751,11775.69064,3.0698164,9770,2.821204287,11772.88549,4.184166681,4173,1.521010804,61.2,0.009447643,92.3129155,0.124551517,9771,1.214609729,87.45190052,0.806772123,72
"KCAE20130811_122543",8242.42,"2013","08","11",0.522645242,8212.99,1.09855287,10733.9601,8.130746752,9771,2.790169153,10730.99056,12.77733577,3846,1.528930758,29.43,0.004491868,43.88106336,0.083185611,9769,1.147117813,39.00200564,0.835714563,34
"KCAE20130811_123523",7507.19,"2013","08","11",0.522994714,7459.13,1.028222312,10043.67554,3.096388636,9768,2.708561598,10040.63785,4.551490906,3707,1.540257,48.06,0.007228872,70.61885265,0.124733987,9769,1.461006844,65.74530799,1.132473108,45
"KCAE20130811_124503",6954.83,"2013","08","11",0.524082307,6910.46,1.002397425,9796.430037,3.524608352,9773,2.68605575,9793.359263,5.364892048,3646,1.529161935,44.37,0.008169011,79.8112351,0.097997361,9770,0.871601604,74.95773793,0.585437838,86
"KCAE20130811_125443",6511.56,"2013","08","11",0.523740108,6435.69,1.061097577,10367.98443,3.526787218,9771,2.861651747,10364.90263,5.329833192,3622,1.530171881,75.87,0.013192568,128.9441602,0.131140243,9774,0.962094646,124.1102094,0.627287416,129
"KCAE20130812_100229",6366.56,"2013","08","12",0.523190855,6324.98,0.950174031,9286.050802,4.433912024,9773,3.008978561,9282.698862,7.489839547,3085,1.529802626,41.58,0.006483372,63.35551032,0.174482432,9772,1.063372254,58.48547398,2.089151762,55
"KCAE20130812_101209",4973.72,"2013","08","12",0.52242402,4953.84,0.726164847,7095.356718,4.226901272,9771,3.090026075,7091.609843,8.293776128,2295,1.525805166,19.88,0.003901523,38.12177653,0.058886899,9771,0.583390241,33.25324374,0.5110525,57
"KCAE20130812_102149",11189.69,"2013","08","12",0.522812494,11177.79,1.328237294,12978.2066,12.03061988,9771,7.792278663,12974.14397,28.27374023,1665,1.51819957,11.9,0.002237042,21.85813935,0.036278162,9771,0.56586915,16.97607451,0.337258737,30
"KCAE20130812_103128",14285.4,"2013","08","12",0.523945737,14252.7,1.635037483,15972.68117,6.377752817,9769,6.196770134,15969.07663,11.22330812,2577,1.528977326,32.7,0.006607228,64.55922222,0.073602899,9771,0.615574607,59.71073692,0.415777167,97
"KCAE20130812_104315",24397.56,"2013","08","12",0.523126608,24347.11,2.990550989,29217.68317,8.911745978,9770,6.511039758,29215.03539,12.24838637,4487,1.529443423,50.45,0.010193055,99.60653124,0.085352944,9772,0.662801394,94.78059936,0.256947414,143
"KCAE20130812_105255",30416.61,"2013","08","12",0.52290318,30310.84,3.621102518,35385.41381,8.459794973,9772,6.075452459,35383.43512,10.25567066,5824,1.517860314,105.77,0.017394278,170.0116698,0.155491238,9774,0.922920549,165.2027783,0.698202881,179
"KCAE20130812_110234",19641.62,"2013","08","12",0.523231748,19339.31,2.511553026,24537.87307,5.449069276,9770,4.660135844,24535.61522,6.714905021,5265,1.528883356,302.31,0.049157028,480.4116393,0.286881288,9773,1.08121377,475.7340589,0.845040719,440
"KCAE20130812_111214",13980.24,"2013","08","12",0.523578937,13045.34,1.89791235,18542.60366,3.953931424,9770,3.87706059,18540.10374,4.926472787,4782,1.529296144,934.9,0.146497614,1431.574688,0.791203262,9772,1.885147273,1427.056486,2.193116874,757
"KCAE20130812_112154",13030.5,"2013","08","12",0.522992019,11915.78,1.82246659,17800.03119,3.220682902,9767,3.621815003,17797.59893,3.755208035,4914,1.529504519,1114.72,0.180942064,1768.708673,0.804587311,9775,1.888948262,1764.277677,1.884871289,934
"KCAE20130812_113134",15251.69,"2013","08","12",0.522773327,14362.23,2.24565639,21944.55424,4.754431462,9772,4.076231568,21942.35453,5.794504258,5383,1.530795645,889.46,0.152329453,1488.106425,0.575754583,9769,1.415778217,1483.735572,1.141417328,1048
"KCAE20130812_114113",18461.91,"2013","08","12",0.522841829,17635.34,2.532388666,24741.43726,6.798929808,9770,4.285368789,24739.43402,8.409702625,5773,1.530373137,826.57,0.145431622,1421.303246,0.567550868,9773,1.353323673,1416.929886,1.172026312,1047
"KCAE20130812_115053",20562.47,"2013","08","12",0.524387688,20028.27,2.57371789,25140.07635,5.527204563,9768,4.355175608,25138.07361,6.629075036,5772,1.529400655,534.2,0.096864758,946.4655531,0.437921618,9771,1.140414568,941.9824333,1.039272198,826
"KCAE20130812_120033",23446.67,"2013","08","12",0.522618617,22985.8,2.979020847,29105.03367,5.586894068,9770,4.758535372,29103.20234,6.434009248,6116,1.528204033,460.87,0.084589054,826.5196463,0.422060392,9771,1.154465437,821.9793911,1.100660931,712
"KCAE20130812_121013",20941.4,"2013","08","12",0.523056519,20608.76,2.782984722,27198.10969,7.112893305,9773,4.564652176,27196.19766,8.652234979,5958,1.529902147,332.64,0.063191207,617.2517073,0.355028199,9768,1.117939345,612.630761,1.034328742,548
"KCAE20130812_121952",18071.87,"2013","08","12",0.524114296,17862.08,2.570644567,25120.33871,9.105006798,9772,4.674880697,25118.13398,11.87219659,5373,1.52894547,209.79,0.041494824,405.4044267,0.272697421,9770,1.06852206,400.6957727,0.917926534,375
"KCAE20130812_122932",27169.18,"2013","08","12",0.523517933,27007.69,3.550174335,34685.20325,17.21891883,9770,5.719549119,34683.34585,21.57109543,6064,1.528382247,161.49,0.030207801,295.160425,0.259847457,9771,1.087629744,290.3971415,1.151570418,267
"KCAE20130812_123912",20023.02,"2013","08","12",0.52298909,19959.37,3.064255407,29931.64682,6.768222361,9768,5.3830104,29929.53782,8.246321166,5560,1.524751661,63.65,0.011239862,109.8134513,0.105488882,9770,0.795325824,104.9830088,0.449296869,132
"KCAE20130812_125101",21169.75,"2013","08","12",0.523461873,21107.96,3.189981691,31162.93114,5.731046971,9769,5.591392098,31160.82816,6.644572938,5573,1.531318829,61.79,0.011000209,107.5050383,0.104156929,9773,0.841541642,102.6680803,0.414547959,122
"KCAE20130813_100101",674737.89,"2013","08","13",0.498453303,357291.39,45.56957532,421791.9891,168.8116888,9256,137.4800808,421788.8878,270.8393777,3068,0.877620527,317446.5,40.52831046,374360.0038,157.9999128,9237,208.2070497,374356.2754,305.5740852,1798
"KCAE20130813_100411",562816.1,"2013","08","13",0.501028988,279318.25,34.68043035,322319.9197,143.6224437,9294,110.8379364,322316.7191,239.7853075,2908,0.877055971,283497.85,34.41298016,321210.7568,144.3623472,9334,201.5099609,321206.8776,297.3324613,1594
"KCAE20130813_100721",542172.37,"2013","08","13",0.501772094,294872.51,34.28520954,325778.061,142.9611474,9502,127.5546511,325774.5788,253.2945443,2554,0.877977824,247299.86,28.21984055,268398.9035,127.4607514,9511,182.9549229,268394.872,277.5990704,1467
"KCAE20130813_101031",475578.4,"2013","08","13",0.496873651,250994.06,27.86753154,268503.6664,125.7038734,9635,108.9691852,268500.0723,230.1437374,2464,0.875774942,224584.34,24.22827243,233851.2855,117.6826034,9652,172.7083653,233847.1266,270.4148629,1354
"KCAE20130813_101343",323005.82,"2013","08","13",0.504147086,179720.96,19.10396677,185232.0618,97.0753703,9696,83.36107827,185228.3159,189.1471223,2222,0.878202543,143284.86,14.80671291,143610.3085,86.26730613,9699,116.1861383,143606.0669,215.9891,1236
"KCAE20130813_101653",203802.22,"2013","08","13",0.497077737,106896.72,10.90090396,106109.3991,65.94362233,9734,50.38251475,106105.5761,134.5977909,2106,0.878345154,96905.5,9.468907568,92283.97316,65.92478054,9746,92.83660641,92279.58677,186.8254488,994
"KCAE20130813_102003",137116.17,"2013","08","13",0.50030806,78914.22,7.706025252,75187.68839,56.09822229,9757,44.80550614,75183.6393,129.0139478,1678,0.878465795,58201.95,5.457693096,53261.62692,48.03645502,9759,69.7082706,53257.11874,158.1960014,764
"KCAE20130813_102313",84005.71,"2013","08","13",0.493188923,49456.33,4.673630207,45609.95719,41.90392216,9759,34.54979369,45605.72767,109.3503643,1320,0.878529671,34549.38,3.153349635,30795.61254,32.02590203,9766,57.66102168,30790.98557,125.068266,534
"KCAE20130813_102624",63678.24,"2013","08","13",0.50300873,34744.9,3.277920456,32031.8387,32.31152317,9772,27.30394628,32027.52899,89.70838837,1173,0.878256603,28933.34,2.582181077,25207.25167,31.71623403,9762,63.8039419,25202.55705,144.929945,395
"KCAE20130813_102935",35203.27,"2013","08","13",0.503491113,24776.07,2.3807956,23255.61142,25.32107997,9768,22.35695871,23251.23706,74.70004965,1040,0.8787335,10427.2,0.934214556,9134.749928,13.59705679,9778,29.07645443,9130.006692,70.38544937,314
"KCAE20130813_103245",26763.25,"2013","08","13",0.494132087,20433.78,2.099642951,20517.71092,18.402539,9772,16.67758518,20513.42978,49.48841759,1230,0.920867093,6329.47,0.568653813,5562.002945,9.146496391,9781,23.74879535,5557.218111,54.39344552,234
"KCAE20130813_103556",21639.12,"2013","08","13",0.502169512,17609.05,1.869697052,18272.54929,11.40681312,9773,12.68637007,18268.3729,27.31806757,1440,0.878482877,4030.07,0.378771644,3700.598958,8.671553125,9770,13.1058287,3695.843693,49.465207,282
"KCAE20130813_103907",16837.7,"2013","08","13",0.4914687,13678.23,1.422566797,13901.32274,6.425029096,9772,8.989133231,13897.19997,13.89298946,1546,0.878399102,3159.47,0.290583969,2839.005374,4.793697288,9770,9.773290066,2834.254119,26.14916249,290
"KCAE20130813_104218",17522.88,"2013","08","13",0.495336251,15295.3,1.612487975,15765.29493,6.175640132,9777,8.120230618,15761.36763,11.80332135,1941,0.878586213,2227.58,0.246521987,2409.752428,2.584094672,9775,6.166791758,2405.048786,11.45337559,390
"KCAE20130813_104529",20398.68,"2013","08","13",0.502974583,17768.4,1.892118839,18482.21682,5.933931273,9768,7.598083926,18478.54011,9.904524993,2432,0.878187723,2630.28,0.284683126,2783.631603,2.998950996,9778,5.765503251,2778.972567,12.2941892,482
"KCAE20130813_104839",22323.31,"2013","08","13",0.493352689,19516.61,2.051987198,20052.0189,6.945486697,9772,7.902401581,20048.39281,11.81593483,2537,0.878850065,2806.7,0.287133611,2807.305316,2.279571575,9777,5.358828545,2802.667329,8.372038541,523
"KCAE20130813_105150",22208.02,"2013","08","13",0.499525119,19096.72,2.022005384,19754.9926,5.687080041,9770,7.076852316,19751.49481,8.801349616,2791,0.87614253,3111.3,0.318400687,3112.68512,2.172370162,9776,5.103597269,3108.090737,7.170243973,609
"KCAE20130813_105500",19487.67,"2013","08","13",0.506254496,16900.45,1.826902322,17857.9702,5.118564096,9775,6.583492004,17854.43032,7.945687045,2712,0.878234501,2587.22,0.278915694,2725.564158,1.754907524,9772,4.225138698,2720.989321,5.486502003,644
"KCAE20130813_105810",16028.83,"2013","08","13",0.495859152,12938.72,1.43780161,14043.00832,4.315177959,9767,5.564557164,14039.37772,7.009636745,2523,0.878248487,3090.11,0.317124571,3098.624183,2.256913028,9771,4.752770131,3094.053355,7.446459807,651
"KCAE20130813_110120",15425.42,"2013","08","13",0.496776089,12522.64,1.406069172,13751.35651,4.069045784,9780,5.468462562,13747.71488,6.496768363,2514,0.87851119,2902.78,0.289525682,2828.086858,1.603116717,9768,4.411737532,2823.512021,4.590122335,640
"KCAE20130813_110431",13533.67,"2013","08","13",0.503260565,10387.13,1.178496076,11516.26366,3.543269098,9772,5.016346964,11512.51628,5.84952302,2295,0.879196754,3146.54,0.299037508,2923.39068,1.802887826,9776,4.54643744,2918.812836,5.498078707,642
"KCAE20130813_110743",10850.61,"2013","08","13",0.499900417,7941.44,0.953866832,9320.232817,2.939955877,9771,4.483338394,9316.377184,4.982744649,2078,0.878571424,2909.17,0.274931801,2688.283155,1.77393158,9778,4.844151992,2683.660204,5.784812531,554
"KCAE20130813_111053",8370.99,"2013","08","13",0.496616574,6145.84,0.767593768,7507.067047,2.46102148,9780,4.018800831,7503.101152,4.320782766,1867,0.878334104,2225.15,0.212650371,2077.381473,1.449468145,9769,4.27366691,2072.728451,5.00118982,485
"KCAE20130813_111404",6085.39,"2013","08","13",0.505043034,4976.43,0.64469753,6293.537287,2.139112296,9762,3.723795857,6289.491203,3.871533173,1689,0.877993065,1108.96,0.108851863,1063.700409,0.944979171,9772,3.664178722,1058.947651,4.150373381,289
"KCAE20130813_111924",4574.42,"2013","08","13",0.500076583,4080.95,0.540499888,5283.38641,2.094319451,9775,3.814437101,5279.180948,4.301459192,1384,0.877905144,493.47,0.051105246,499.707094,0.480366366,9778,2.945777885,494.8906847,2.220964349,168
"KCAE20130813_112235",3413.67,"2013","08","13",0.492894703,3095.2,0.415683623,4062.476043,1.770838151,9773,3.489390216,4058.160821,3.954549838,1163,0.87889725,318.47,0.029270888,285.859489,0.353910305,9766,3.122333348,281.0100013,1.994511382,90
"KCAE20130813_112546",2453.43,"2013","08","13",0.501296182,2355.26,0.32343889,3161.291707,1.46777074,9774,3.122551734,3156.899803,3.47827363,1011,0.878092979,98.17,0.013392588,130.9393372,0.192176839,9777,1.85401927,126.0733104,1.387876353,68
"KCAE20130813_112857",2876.77,"2013","08","13",0.497789617,2709.77,0.369603921,3613.247934,1.474221657,9776,3.146402083,3608.92319,3.129636635,1147,0.878095341,167,0.017659213,172.6188084,0.33100342,9775,2.62112155,167.7517792,3.172849631,64
"KCAE20130813_113208",1593.44,"2013","08","13",0.500109247,1510.79,0.211947839,2071.154279,1.220999674,9772,2.86235254,2066.618534,3.550816594,722,0.918319716,82.65,0.009595838,93.81850581,0.181748431,9777,1.892382001,88.94195403,1.838662752,47
"KCAE20130813_113519",1148.17,"2013","08","13",0.501056562,1121.24,0.158819494,1551.825272,0.780900013,9771,2.444305565,1547.245423,1.957746054,633,0.878195443,26.93,0.004267738,41.72140465,0.087734586,9776,1.315565411,36.8358315,0.999209536,28
"KCAE20130813_113829",1074.75,"2013","08","13",0.498898613,1040.12,0.156945607,1533.986367,0.712815067,9774,2.148096359,1529.444608,1.643753482,712,0.877197397,34.63,0.004313017,42.16836999,0.092274115,9777,1.553345454,37.2802909,1.053113925,24
"KCAE20130813_114139",684.73,"2013","08","13",0.491694391,655,0.100945342,986.5388317,0.568337855,9773,2.032883649,981.8828023,1.616797228,483,0.879910494,29.73,0.00455789,44.58983311,0.089286222,9783,1.417883987,39.70075165,0.900454981,28
"KCAE20130813_114451",676.15,"2013","08","13",0.500486533,646.33,0.104781231,1024.236532,0.582502849,9775,2.072325226,1019.584011,1.633920289,492,0.921832696,29.82,0.004566091,44.61983845,0.091377221,9772,1.204205333,39.73877598,1.029767989,33
"KCAE20130813_114801",706.68,"2013","08","13",0.496531552,676.08,0.112626331,1100.584507,0.603506659,9772,2.052349324,1095.954539,1.639948831,534,0.877674675,30.6,0.005359241,52.34906175,0.101953159,9768,1.531258118,47.46900166,0.985112028,31
"KCAE20130813_115111",622.24,"2013","08","13",0.495080405,603.39,0.105128264,1027.313397,0.60341589,9772,1.989636976,1022.673406,1.783055691,514,0.908880578,18.85,0.003752459,36.62400348,0.067501175,9760,1.094722431,31.74695051,0.593021281,29
"KCAE20130813_115421",608.79,"2013","08","13",0.49282031,561.65,0.095223824,930.3367637,0.49488774,9770,1.818654752,925.6952687,1.253052528,509,0.878429524,47.14,0.005689726,55.62844854,0.138803087,9777,2.206081229,50.73986826,1.86748625,23
"KCAE20130813_115732",651.95,"2013","08","13",0.507157651,626.27,0.103278408,1009.339885,0.597674087,9773,1.989494815,1004.694881,1.77957086,505,0.877896659,25.68,0.003519511,34.39266244,0.111779932,9772,2.107291244,29.50207741,2.148977558,14
"KCAE20130813_120043",614.36,"2013","08","13",0.497424841,587.08,0.104297331,1018.984919,0.560179363,9770,1.924767449,1014.352446,1.522582663,527,0.877881234,27.28,0.00391841,38.30245973,0.105248356,9775,1.285245592,33.41638539,1.618247043,26
"KCAE20130813_120354",535.98,"2013","08","13",0.498832081,495.85,0.082622537,807.3874314,0.491657507,9772,1.841074191,802.7083473,1.478408562,436,0.876079845,40.13,0.005349216,52.2725353,0.129230079,9772,1.579665642,47.38996927,1.747871646,30
"KCAE20130813_120704",619.73,"2013","08","13",0.503643618,592.17,0.102231059,998.4907548,0.987049816,9767,1.983726056,993.8467539,3.910306783,501,0.877946957,27.56,0.005362942,52.3905786,0.094289553,9769,1.250355938,47.51352563,0.865436969,38
"KCAE20130813_121014",1461.4,"2013","08","13",0.496098428,1420.63,0.229001356,2237.801252,2.371849528,9772,2.646121626,2233.326652,7.668334444,844,0.878222626,40.77,0.005326985,52.04996692,0.112048678,9771,1.474028264,47.16890446,1.312568999,32
"KCAE20130813_121325",755.78,"2013","08","13",0.496763489,744.76,0.12751853,1247.258745,0.671198389,9781,2.057383029,1242.65935,1.825006512,604,0.878628051,11.02,0.002264684,22.13502344,0.054324602,9774,1.326379604,17.24293485,0.708208405,13
"KCAE20130813_121636",1327.12,"2013","08","13",0.503827969,1317.51,0.211633395,2067.234998,3.714917383,9768,2.860888707,2062.700757,13.40226482,721,0.879366824,9.61,0.001881547,18.39024166,0.034530836,9774,0.750036611,13.50065901,0.302856896,18
"KCAE20130813_121948",2779.47,"2013","08","13",0.500347585,2762.92,0.406211451,3971.935572,14.49650746,9778,5.311123628,3967.40935,52.23126239,747,0.878379196,16.55,0.002776277,27.12700544,0.060144605,9771,1.235495909,22.23892635,0.683352438,18
"KCAE20130813_122259",1721.57,"2013","08","13",0.498985073,1714.87,0.270726651,2645.811561,9.056524956,9773,3.498399807,2641.291854,32.42992303,755,0.875685335,6.7,0.001052362,10.2921036,0.023335567,9780,0.898916596,5.393499578,0.311516013,6
"KCAE20130813_122609",1272.36,"2013","08","13",0.494771232,1250.36,0.212896426,2080.423879,1.001779683,9772,2.364426332,2075.966319,2.467636047,878,0.878311536,22,0.004012232,39.22759099,0.092706194,9777,1.716875357,34.33750715,1.15213644,20
"KCAE20130813_122921",1113.08,"2013","08","13",0.499904347,1071.5,0.176147766,1721.492114,2.95992483,9773,2.5935435,1716.925797,11.10153385,662,0.878500869,41.58,0.005796743,56.63417855,0.169321161,9770,2.874811147,51.74660064,2.782698698,18
"KCAE20130813_123232",772.82,"2013","08","13",0.502342941,750.29,0.128348906,1254.482205,0.708691284,9774,1.993457489,1249.897846,2.029264736,627,0.878032491,22.53,0.004172303,40.78843092,0.080748817,9776,1.23804686,35.90335895,0.833544985,29
"KCAE20130813_123543",838.95,"2013","08","13",0.505013577,816.17,0.141671409,1384.413011,1.138533698,9772,2.053351498,1379.852207,3.865964898,672,0.877489684,22.78,0.00386219,37.74904233,0.074492517,9774,1.263979584,32.86346917,0.716555314,26
"KCAE20130813_123854",608.85,"2013","08","13",0.492004713,599.16,0.107207403,1048.381191,0.622005206,9779,1.877263922,1043.758741,1.867694229,556,0.878529301,9.69,0.001809119,17.67689857,0.037491248,9771,0.913343909,12.78681473,0.400328665,14
"KCAE20130813_124204",662.98,"2013","08","13",0.493602476,654.33,0.112767583,1102.641426,0.67664578,9778,2.14452622,1097.997425,2.09652134,512,0.878624679,8.65,0.001289286,12.60147968,0.029760223,9774,0.963360644,7.706885155,0.421721869,8
"KCAE20130813_124515",840.22,"2013","08","13",0.505344957,823.62,0.138440757,1352.981519,0.751065075,9773,2.344994086,1348.371599,2.102659258,575,0.877883306,16.6,0.002752911,26.9124605,0.06450683,9776,1.295374958,22.02137429,0.873954947,17
"KCAE20130813_124825",2680.32,"2013","08","13",0.498679145,2664.66,0.401516875,3924.425936,6.342382647,9774,3.691204889,3920.059593,18.9307208,1062,0.877972823,15.66,0.00264502,25.8391993,0.058982468,9769,1.309445013,20.95112021,0.664015989,16
"KCAE20130813_125136",986.72,"2013","08","13",0.494444914,963.91,0.160372865,1567.163641,1.534809151,9772,2.437733698,1562.587301,5.514059649,641,0.920891286,22.81,0.003505194,34.22120898,0.093802858,9763,2.09536676,29.33513464,1.374079914,14
"KCAE20130813_125447",901.75,"2013","08","13",0.505269025,890.56,0.145169104,1418.011804,0.823501,9768,2.261487119,1413.429449,2.412881372,625,0.878371614,11.19,0.001854422,18.11028636,0.043158074,9766,1.10180884,13.22170608,0.576180183,12
"KCAE20130813_125758",2259.68,"2013","08","13",0.501019483,2247.16,0.345160699,3374.981312,1.323056875,9778,2.660391245,3370.715708,2.712082298,1267,0.878261053,12.52,0.002355847,23.02605272,0.048023456,9774,1.00758167,18.13647007,0.503915511,18
"KCAE20130814_100009",193118.63,"2013","08","14",0.473998156,100947.11,10.09577717,97293.00457,71.6052724,9637,33.05798492,97289.64963,126.6265437,2943,0.930126216,92171.52,8.709226623,83974.3631,69.15174524,9642,152.3952937,83969.8068,248.7702922,551
"KCAE20130814_100320",162969.06,"2013","08","14",0.476251988,87858.52,8.645694755,83664.38814,66.75208827,9677,28.97851925,83660.98508,119.7908862,2887,0.926021678,75110.54,6.92393569,67037.54535,60.88511623,9682,137.9278527,67032.93643,236.4073729,486
"KCAE20130814_100630",133463.28,"2013","08","14",0.47292508,70895.42,7.491865882,72805.95264,51.79318136,9718,17.1989614,72803.20363,77.41006776,4233,0.93004767,62567.86,5.619545358,54616.36133,54.5698816,9719,136.1887563,54611.69127,233.4972199,401
"KCAE20130814_100941",90361.21,"2013","08","14",0.475357494,49548.8,4.85140192,47252.6547,45.37982477,9740,17.57779774,47249.12033,85.08955933,2688,0.929434788,40812.41,3.576526941,34838.94893,42.12305121,9741,116.1140574,34834.21722,211.3979841,300
"KCAE20130814_101252",56405.34,"2013","08","14",0.474975492,34343.02,3.459128068,33812.97686,33.21606461,9775,12.69122107,33809.41292,62.70771804,2664,0.925950408,22062.32,1.888809072,18423.44368,30.94744189,9754,80.78363761,18418.66937,186.4076113,228
"KCAE20130814_101602",32218.84,"2013","08","14",0.473943798,23589.82,2.931408963,28642.79698,29.25008926,9771,8.403640823,28639.60792,49.06577596,3408,0.928575343,8629.02,0.730850768,7137.488601,20.06794348,9766,58.46438648,7132.655151,170.5798069,122
"KCAE20130814_101913",8316.52,"2013","08","14",0.475260427,5696,0.756151119,7389.86489,11.43448598,9773,4.795934166,7385.738616,28.47465739,1540,0.931878456,2620.52,0.218991187,2139.543896,12.16228664,9770,34.99471917,2134.67787,151.1516042,61
"KCAE20130814_102224",2006.38,"2013","08","14",0.477516076,1941.55,0.351303178,3433.637266,1.522514255,9774,2.794909225,3429.353619,3.412362704,1227,0.926266164,64.83,0.006121817,59.80403004,0.151390072,9769,3.050941852,54.91695333,1.826078569,18
"KCAE20130814_102534",2243.93,"2013","08","14",0.476865897,2207.81,0.397736085,3889.858907,2.093104942,9780,3.118444442,3885.581775,5.091360245,1246,0.928447024,36.12,0.003693928,36.10076038,0.110033754,9773,2.229262441,31.20967417,1.93887605,14
"KCAE20130814_102845",1084.94,"2013","08","14",0.475029388,1068.48,0.201812177,1971.906779,1.674191377,9771,3.251756855,1967.312897,5.950294402,605,0.933561489,16.46,0.003395451,33.16676623,0.071733843,9768,1.229682462,28.28269664,0.841803161,23
"KCAE20130814_103155",2422.9,"2013","08","14",0.475233493,2407.49,0.497081661,4854.996587,7.732710507,9767,6.202677007,4850.493419,26.68840007,782,0.928117975,15.41,0.002750504,26.8861734,0.094098414,9775,1.999325568,21.99258125,2.065070528,11
"KCAE20130814_103506",2636.09,"2013","08","14",0.476692158,2624.32,0.551541314,5390.764806,4.100248493,9774,4.639490164,5386.448081,11.07524807,1161,0.928472854,11.77,0.002289154,22.37648095,0.046545217,9775,1.028582113,17.48589592,0.449864207,17
"KCAE20130814_103817",3128.01,"2013","08","14",0.47604687,3110.61,0.617693166,6037.950694,3.187833539,9775,4.213526039,6033.769288,7.365486287,1432,0.932629271,17.4,0.003297924,32.23390471,0.068987307,9774,1.188992521,27.34682799,0.800591205,23
"KCAE20130814_104128",4738.86,"2013","08","14",0.477075343,4716.18,0.875634813,8560.205928,3.263161215,9776,4.403643916,8556.280128,6.168888204,1943,0.923455513,22.68,0.004369426,42.70240374,0.071204242,9773,1.08062407,37.82184246,0.510403982,35
"KCAE20130814_104439",10353.78,"2013","08","14",0.478255058,10302.99,1.716431374,16779.83311,7.524895718,9776,5.573568798,16776.44208,12.74539021,3010,0.927991362,50.79,0.007313311,71.50955803,0.135402115,9778,1.332680172,66.63400862,1.362527749,50
"KCAE20130814_104749",6891.5,"2013","08","14",0.474479565,6824.5,1.141075117,11149.44496,3.262698981,9771,4.381219687,11145.82288,5.167036962,2544,0.930604619,67,0.013293987,130.0151945,0.149680258,9780,1.158960292,125.1677115,0.841405449,108
"KCAE20130814_105059",8421.98,"2013","08","14",0.476304343,8355.79,1.371471967,13395.1667,3.558251802,9767,4.489361934,13391.76665,5.240668462,2983,0.926509739,66.19,0.014182945,138.6666538,0.169078405,9777,1.286717977,133.8186696,1.029887604,104
"KCAE20130814_105411",10449.52,"2013","08","14",0.481285639,10405.03,1.695655565,16585.20709,3.938998837,9781,4.788345534,16582.04058,5.386986022,3463,0.928694726,44.49,0.008550561,83.53898088,0.11317583,9770,1.174268077,78.67596115,0.71195482,67
"KCAE20130814_105721",8027.83,"2013","08","14",0.477756125,7958,1.299070342,12678.92653,2.963752043,9760,4.01000291,12675.6192,4.031635403,3161,0.930577378,69.83,0.012035969,117.711777,0.163140432,9780,1.268031141,112.8547715,1.160804542,89
"KCAE20130814_110045",8769.18,"2013","08","14",0.479549121,8730.37,1.430092556,13980.58483,3.149577186,9776,4.072670541,13977.4053,4.183023636,3432,0.928727814,38.81,0.0074582,72.8293196,0.112677049,9765,1.192347262,67.96379394,0.881042227,57
"KCAE20130814_110356",10278.41,"2013","08","14",0.479026012,10235.62,1.668913305,16298.60734,3.596522199,9766,4.287192253,16295.61775,4.691776564,3801,0.929045205,42.79,0.007363643,72.00906615,0.147962757,9779,1.678200092,67.12800369,1.616764063,40
"KCAE20130814_110706",7687.75,"2013","08","14",0.475127771,7626.4,1.274677235,12454.87126,3.116223821,9771,3.752753797,12451.6371,4.393345482,3318,0.930914608,61.35,0.009454104,92.43277408,0.15410662,9777,1.751154517,87.55772586,1.275459743,50
"KCAE20130814_111016",8657.58,"2013","08","14",0.47507099,8608.01,1.409912473,13776.25477,3.118197436,9771,3.793218805,13773.17748,4.138572933,3631,0.933634378,49.57,0.008399102,82.06762322,0.127623224,9771,1.378546236,77.19858924,0.985307828,56
"KCAE20130814_111339",8378,"2013","08","14",0.477702988,8292.34,1.384668203,13536.51635,3.077921031,9776,3.759283617,13533.42102,4.099079706,3600,0.929063902,85.66,0.013494119,131.8780216,0.192834092,9773,1.92443935,127.0129971,1.362802665,66
"KCAE20130814_111649",19525.95,"2013","08","14",0.477094678,19477.73,3.078671248,30084.77543,6.380180072,9772,6.127997181,30082.33816,7.896304731,4909,0.929253787,48.22,0.007427295,72.54981642,0.129030882,9768,1.611315938,67.67526939,1.148707039,42
"KCAE20130814_112000",7193.65,"2013","08","14",0.476127214,7119.11,1.225048112,11978.52044,2.858140108,9778,3.457088897,11975.35594,3.917366274,3464,0.932387752,74.54,0.00981698,95.96097596,0.152476773,9775,1.543922725,91.0914408,1.228531582,59
"KCAE20130814_112311",7364.56,"2013","08","14",0.477494677,7278.25,1.260254486,12316.46709,2.821272235,9773,3.485236252,12313.33968,3.777053047,3533,0.927435381,86.31,0.01191473,116.4545707,0.165614473,9774,1.743563167,111.5880427,1.090213538,64
"KCAE20130814_112621",16091.47,"2013","08","14",0.473224673,16063.35,2.587915166,25289.107,4.538567097,9772,4.993433534,25286.74741,5.266869858,5064,0.931352727,28.12,0.003821135,37.33631384,0.074742382,9771,1.352135078,32.45124188,0.68655142,24
"KCAE20130814_112944",5474.28,"2013","08","14",0.473643927,5436.08,0.981268031,9591.895007,2.253792137,9775,3.199365352,9588.49796,3.077921897,2997,0.933769633,38.2,0.00586929,57.38991532,0.107475895,9778,1.50019566,52.5068481,1.007306205,35
"KCAE20130814_113254",5619.88,"2013","08","14",0.473846635,5592.6,1.023637264,10009.12517,2.329794085,9778,3.262393772,10005.7617,3.162893926,3067,0.925700765,27.28,0.003973795,38.82000665,0.080541923,9769,1.413997377,33.93593706,0.821756277,24
"KCAE20130814_113605",7575.34,"2013","08","14",0.475530938,7549.93,1.387403757,13553.5473,3.245521103,9769,3.96557324,13550.36376,4.460324796,3417,0.929009023,25.41,0.003913415,38.2340677,0.094080393,9770,1.961528742,33.34598861,1.151212818,17
"KCAE20130814_113915",5015.8,"2013","08","14",0.475225804,4982.6,0.9438495,9231.79196,2.476687892,9781,3.352077594,9228.269616,3.704662836,2753,0.931478899,33.2,0.004943442,48.30731134,0.091106941,9772,1.400814403,43.4252465,0.826833015,31
"KCAE20130814_114440",10922.3,"2013","08","14",0.477155362,10889.56,1.872541282,18290.98325,4.153467714,9768,4.636933147,18288.06433,5.469197101,3944,0.927906263,32.74,0.005108459,49.91986594,0.094207865,9772,1.50124333,45.03729991,0.817047577,30
"KCAE20130814_114751",4974.7,"2013","08","14",0.476676073,4956.11,0.921981473,9006.837014,2.554082712,9769,3.18590137,9003.357271,3.916847988,2826,0.932183533,18.59,0.004115625,40.21788904,0.104724802,9772,1.413312683,35.33281707,1.54634095,25
"KCAE20130814_115101",6804.49,"2013","08","14",0.47797417,6771.11,1.204627358,11765.59541,6.396464927,9767,3.857733169,11762.22843,10.99348409,3049,0.922579434,33.38,0.005107748,49.9027011,0.090814754,9770,1.286389811,45.02364338,0.820734149,35
"KCAE20130814_115412",8986.12,"2013","08","14",0.482949247,8925.88,1.512990027,14783.42556,3.157663708,9771,3.924698865,14780.41593,4.050596336,3766,0.929762725,60.24,0.007860284,76.7792514,0.15491721,9768,1.892176306,71.90269961,1.635336577,38
"KCAE20130814_115722",5542.11,"2013","08","14",0.473069884,5522.23,0.96221479,9405.649574,3.26529851,9775,3.098968712,9402.271071,5.266551533,3034,0.933120535,19.88,0.002597097,25.37623365,0.075857252,9771,1.365776733,20.48665099,1.421844754,15
"KCAE20130814_120033",8348.98,"2013","08","14",0.476222374,8311.76,1.379198342,13483.04299,11.3050921,9776,3.931135011,13479.86195,18.82564133,3429,0.929243955,37.22,0.005449344,53.26188566,0.149798356,9774,1.727761246,48.37731488,2.244376035,28
"KCAE20130814_120344",9527.2,"2013","08","14",0.478507222,9503.87,1.508910901,14740.55059,11.31595377,9769,3.954258765,14737.52242,18.05614275,3727,0.926495968,23.33,0.003027323,29.58905789,0.088612677,9774,1.646531445,24.69797167,1.607143703,15
"KCAE20130814_120654",9833.03,"2013","08","14",0.476389133,9805.42,1.557132982,15224.08917,9.63675641,9777,4.141777123,15221.03093,15.37529362,3675,0.930042956,27.61,0.003483395,34.02232166,0.082971235,9767,1.53351308,29.13674851,1.122146466,19
"KCAE20130814_121006",8977.61,"2013","08","14",0.477574041,8952.97,1.38040812,13483.82652,9.390279294,9768,3.655308921,13480.7793,15.00894679,3688,0.926603108,24.64,0.003285036,32.1145079,0.083291103,9776,1.432864424,27.22442406,1.267265191,19
"KCAE20130814_121331",26681.1,"2013","08","14",0.476278179,26665.41,3.654573327,35712.49056,6.337776462,9772,6.231105437,35710.46526,7.241460132,5731,0.929491148,15.69,0.002789677,27.28861668,0.058634192,9782,1.119801345,22.3960269,0.673613313,20
"KCAE20130814_121748",9882.28,"2013","08","14",0.527238404,9867.15,1.50306171,14695.43434,7.590870831,9777,3.647605018,14692.55301,11.49169205,4028,0.926557679,15.13,0.002999493,29.32904719,0.058518426,9778,1.018352788,24.44046691,0.614212954,24
"KCAE20130814_122125",7135,"2013","08","14",0.478504226,7117.05,1.123552205,10979.35215,2.111658264,9772,3.057452314,10976.25381,2.495265696,3590,0.92802107,17.95,0.003345762,32.70816827,0.069532607,9776,1.112843662,27.82109155,0.826802741,25
"KCAE20130814_122515",9559.8,"2013","08","14",0.474168876,9534.68,1.458718064,14256.05164,4.309359871,9773,3.544682618,14253.16881,6.143886883,4021,0.922433659,25.12,0.004180661,40.85760191,0.104146669,9773,1.498813649,35.97152757,1.507171625,24
"KCAE20130814_122905",8140.25,"2013","08","14",0.473382334,8127.3,1.280768794,12519.51496,4.883003433,9775,3.309495332,12516.51135,7.410933022,3782,0.931688648,12.95,0.002590664,25.33669864,0.066556478,9780,1.202565157,20.44360768,1.083890157,17
"KCAE20130814_123255",10078.48,"2013","08","14",0.476389918,10069.12,1.539571811,15046.23531,2.904169996,9773,3.447187074,15043.52439,3.50912993,4364,0.926129015,9.36,0.001813189,17.71122893,0.046584131,9768,1.165558645,12.82114509,0.792530757,11
"KCAE20130814_123645",8998.97,"2013","08","14",0.475504755,8982.24,1.414416898,13818.85309,2.545221961,9770,3.375521098,13816.00785,2.974085139,4093,0.930571404,16.73,0.002798859,27.33925062,0.065739789,9768,1.069246602,22.45417865,0.955909362,21
"KCAE20130814_124036",10262.2,"2013","08","14",0.476797758,10235.33,1.633068434,15956.71167,2.850076045,9771,3.724080685,15953.96165,3.27741478,4284,0.926824438,26.87,0.004515779,44.12819727,0.085099105,9772,1.308187708,39.24563124,0.822451455,30
"KCAE20130814_124426",6317.28,"2013","08","14",0.472627103,6292.49,1.084472309,10598.54788,2.080710596,9773,3.012627936,10595.41245,2.494605506,3517,0.92916266,24.79,0.00430739,42.10473247,0.07441226,9775,1.094784342,37.22266763,0.640751483,34
"KCAE20130814_124829",8057.22,"2013","08","14",0.477455194,8034.44,1.375058806,13434.32453,2.437759098,9770,3.50139481,13431.35049,2.773428654,3836,0.928403732,22.78,0.003212979,31.40686749,0.092072312,9775,2.209481377,26.51377653,1.488562328,12
"KCAE20130814_125234",6576.99,"2013","08","14",0.478792401,5677.43,1.051657917,10272.59454,3.814277564,9768,3.172481089,10269.32128,6.09771354,3237,0.927508187,899.56,0.239579226,2340.928618,8.636322624,9771,29.20089515,2336.071612,91.47534372,80
"KCAE20130814_125650",13869.17,"2013","08","14",0.52734375,10532.38,2.175229533,21245.46685,22.81493481,9767,5.94025839,21242.364,37.41073914,3576,0.922760413,3336.79,0.766023582,7478.688232,16.69822329,9763,38.52521841,7473.892371,112.4328338,194
"KCAE20130815_100101",2301860.6,"2013","08","15",0.536046712,1278871.94,184.9890377,1739636.91,225.5632419,9404,197.0812984,1739636.621,227.6434825,8827,0.878624927,1022988.66,142.7194635,1358546.573,196.6302831,9519,150.1322066,1358546.338,198.894038,9049
"KCAE20130815_100731",2710102.31,"2013","08","15",0.501085402,1462162.78,215.7320428,1990343.826,239.5765259,9226,229.7522272,1990343.544,240.6366115,8663,0.875050124,1247939.53,176.929099,1665610.538,221.0292229,9414,186.1017101,1665610.306,222.8895183,8950
"KCAE20130815_101148",2662512.55,"2013","08","15",0.530123222,1475533.01,217.0104321,1993457.83,238.0084125,9186,229.2120943,1993457.584,238.8229333,8697,0.87891178,1186979.54,167.4672817,1580221.27,211.7718629,9436,175.190805,1580221.062,213.4541201,9020
"KCAE20130815_101605",2746591.9,"2013","08","15",0.526093427,1488463.09,222.355345,2041222.067,241.1558392,9180,235.1096311,2041221.818,241.8540218,8682,0.878783757,1258128.81,182.7338449,1716784.472,219.9530864,9395,191.7337784,1716784.251,221.4421236,8954
"KCAE20130815_102023",2713878.94,"2013","08","15",0.530198655,1502557.18,229.4915502,2094798.87,246.3577822,9128,241.280655,2094798.646,246.9119417,8682,0.922750864,1211321.76,174.8781471,1645603.365,211.2660242,9410,182.4191519,1645603.17,212.5616026,9021
"KCAE20130815_102440",2828584.87,"2013","08","15",0.530593236,1592366.81,241.6032154,2207528.579,251.2375199,9137,253.0118478,2207528.372,251.4246779,8725,0.879574704,1236218.06,180.5221052,1683007.586,215.9836868,9323,187.6053294,1683007.41,217.1417788,8971
"KCAE20130815_102856",3005540.49,"2013","08","15",0.528263004,1641861.29,249.8042929,2270471.218,255.0659168,9089,258.6841816,2270471.062,255.0964715,8777,0.879159935,1363679.2,201.6787935,1877831.246,230.1750752,9311,207.8396356,1877831.108,230.9081678,9035
"KCAE20130815_103312",3104894.35,"2013","08","15",0.522091653,1758200.77,266.2238573,2405332.551,262.2873672,9035,273.2400811,2405332.434,262.0889172,8803,0.920911357,1346693.58,195.4519647,1818094.176,226.908764,9302,198.8944421,1818094.095,227.3978277,9141
"KCAE20130815_103729",3240075.47,"2013","08","15",0.534617207,1792276.8,267.3918867,2416153.088,266.6141921,9036,271.0210911,2416153.028,266.5789211,8915,0.878319619,1447798.67,208.3852635,1935690.713,236.5348379,9289,210.4697909,1935690.667,236.7903788,9197
"KCAE20130815_104147",3377544.6,"2013","08","15",0.533011025,1819094.57,269.1676914,2433006.763,266.7773422,9039,272.6974562,2433006.704,266.7224991,8922,0.879160014,1558450.03,225.124197,2083299.319,245.3595707,9254,227.68298,2083299.267,245.5666823,9150
"KCAE20130815_104604",3387352.06,"2013","08","15",0.531389115,1872240.93,276.1729519,2489146.816,267.1243867,9013,280.6886269,2489146.743,266.9356808,8868,0.922389366,1515111.13,219.2768469,2037959.015,246.9673215,9294,221.9757062,2037958.958,247.274132,9181
"KCAE20130815_105021",3428264.39,"2013","08","15",0.525588947,1888935.58,282.4871239,2557355.933,275.9300387,9053,287.6989369,2557355.85,275.7583405,8889,0.914018215,1539328.81,224.2377758,2091689.972,247.5011697,9328,227.1107398,2091689.913,247.7684326,9210
"KCAE20130815_105437",3409940.35,"2013","08","15",0.538026608,1880734.31,283.4444478,2585863.697,277.3121989,9123,288.472068,2585863.618,277.1565979,8964,0.922147876,1529206.04,225.6425435,2109306.496,247.3655251,9348,228.0331294,2109306.447,247.573954,9250
"KCAE20130815_105854",3404045.84,"2013","08","15",0.530961273,1880799.67,282.6570522,2588573.284,277.6074633,9158,286.6002238,2588573.221,277.5083527,9032,0.922455542,1523246.17,225.4388861,2107628.147,249.5855632,9349,227.8024317,2107628.098,249.8152087,9252
"KCAE20130815_110310",3345613.64,"2013","08","15",0.524240574,1850968.06,276.9718304,2536508.023,276.2587122,9158,280.0605026,2536507.972,276.2334849,9057,0.920192612,1494645.58,219.8190668,2053110.084,248.4442278,9340,222.6076141,2053110.025,248.7706151,9223
"KCAE20130815_110726",3346515.62,"2013","08","15",0.526837198,1815015.76,270.5310269,2467242.965,279.8055263,9120,274.0771946,2467242.906,279.9026122,9002,0.878578841,1531499.86,226.8791731,2114513.893,255.4674963,9320,231.8291628,2114513.794,256.0078719,9121
"KCAE20130815_111143",3256526.12,"2013","08","15",0.532638498,1810534.33,268.7214783,2432735.543,284.2553689,9053,274.5751068,2432735.446,284.5241445,8860,0.878476808,1445991.79,213.0730434,1966451.118,253.2465887,9229,221.99717,1966450.932,254.6348525,8858
"KCAE20130815_111559",3245867.46,"2013","08","15",0.535525984,1784872.42,266.3447679,2353156.024,285.6352195,8835,275.1907241,2353155.882,286.1169576,8551,0.87789929,1460995.04,215.0288179,1963643.165,256.2012731,9132,227.2997937,1963642.918,258.0616811,8639
"KCAE20130815_112017",3236951.73,"2013","08","15",0.532728033,1790557.11,268.1798076,2340673.361,296.4341926,8728,281.1957182,2340673.158,297.45279,8324,0.878791275,1446394.62,213.5298749,1923050.054,260.0451778,9006,228.011592,1923049.767,262.5031984,8434
"KCAE20130815_112434",3073192.95,"2013","08","15",0.533036198,1698481.94,255.6958881,2184921.364,290.3055355,8545,269.8099703,2184921.139,291.7555525,8098,0.878715351,1374711.01,205.3066479,1813678.927,257.0165278,8834,220.4276402,1813678.624,259.9803875,8228
"KCAE20130815_112852",3085120.97,"2013","08","15",0.532343837,1696460.2,258.7146832,2163113.466,296.8494118,8361,273.1548484,2163113.245,298.4856908,7919,0.879209557,1388660.77,211.5224513,1831149.861,263.9048127,8657,225.8447936,1831149.586,266.6966259,8108
"KCAE20130815_113307",3077390.1,"2013","08","15",0.533885523,1628241.08,259.7966267,2105391.862,300.4519604,8104,271.4182917,2105391.689,301.9194407,7757,0.922329493,1449149.02,226.2384213,1901986.408,276.7135502,8407,241.4300765,1901986.143,279.3644356,7878
"KCAE20130815_113725",3031277.31,"2013","08","15",0.532915849,1589432.49,260.2810474,2037740.32,299.5541912,7829,272.2795493,2037740.147,301.0023562,7484,0.922688012,1441844.82,228.5322765,1876707.055,279.6950297,8212,244.3310492,1876706.789,282.4491239,7681
"KCAE20130815_114143",3085778.19,"2013","08","15",0.532637839,1593450.49,264.849389,2013385.055,304.7593582,7602,275.6173725,2013384.906,306.0828297,7305,0.878927772,1492327.7,238.8782882,1920581.437,285.8865645,8040,256.0433498,1920581.167,288.4602125,7501
"KCAE20130815_114600",3080446.54,"2013","08","15",0.531231003,1589172.78,267.9842192,1985495.08,312.9691918,7409,279.6077912,1985494.925,314.5604998,7101,0.922399757,1491273.76,240.9520023,1888099.89,290.0392278,7836,260.5712937,1888099.594,293.0194702,7246
"KCAE20130815_115006",3043849.74,"2013","08","15",0.502371987,1579375.4,267.9137383,1958181.513,315.1501963,7309,281.2266753,1958181.34,317.0349917,6963,0.878721322,1464474.34,238.438398,1820238.73,289.8031781,7634,256.0110363,1820238.468,292.7063651,7110
"KCAE20130815_115410",3065259.2,"2013","08","15",0.500527796,1578406.31,272.1887166,1936078.341,318.1854584,7113,286.3597344,1936078.164,320.0861695,6761,0.878098475,1486852.89,240.0571172,1811230.949,292.1547379,7545,259.3400154,1811230.668,295.3134863,6984
"KCAE20130815_115816",3040683.82,"2013","08","15",0.502795571,1567758.78,265.5156739,1892861.239,309.1528101,7129,279.3890866,1892861.062,310.9557168,6775,0.878367705,1472925.04,238.3624221,1774846.595,285.8804248,7446,258.9126621,1774846.299,288.882784,6855
"KCAE20130815_120206",3147665.21,"2013","08","15",0.501483463,1627611.03,273.9501782,1940663.062,312.5761331,7084,288.789119,1940662.88,314.1830086,6720,0.878682595,1520054.18,248.1171001,1825149.388,295.7395983,7356,268.6017818,1825149.107,298.6316599,6795
"KCAE20130815_120808",3207437.34,"2013","08","15",0.502716129,1655429.13,281.1905063,1980987.117,313.9442128,7045,297.0440738,1980986.928,315.291594,6669,0.880099011,1552008.21,258.5048406,1911384.791,306.1357845,7394,276.131834,1911384.555,308.613883,6922
"KCAE20130815_121158",3190661.74,"2013","08","15",0.504468508,1635679.19,280.7456115,2005927.394,309.6325925,7145,295.5543266,2005927.215,310.7293596,6787,0.878502159,1554982.55,254.6862496,1926701.479,299.3658252,7565,272.7107187,1926701.228,301.7402339,7065
"KCAE20130815_121549",3140543.15,"2013","08","15",0.504878236,1586268.15,277.6218785,1988050.272,301.2291862,7161,292.4893467,1988050.089,302.0759498,6797,0.877319432,1554275,257.5545265,1957929.51,298.8569134,7602,272.6541289,1957929.299,300.7240269,7181
"KCAE20130815_121926",3172343.09,"2013","08","15",0.490854591,1642345.76,282.8402195,2035318.219,306.3751057,7196,296.9099998,2035318.049,307.1769005,6855,0.88140744,1529997.33,253.4689069,1929151.85,298.715757,7611,269.8114153,1929151.619,300.9570177,7150
"KCAE20130815_122303",3168841.61,"2013","08","15",0.499193386,1618038.98,282.1406944,2027463.03,305.5376982,7186,297.8059401,2027462.84,306.384419,6808,0.876834046,1550802.63,257.3472373,1958927.171,303.0731349,7612,273.4022256,1958926.946,305.2776894,7165
"KCAE20130815_122640",3079088.54,"2013","08","15",0.495270037,1573006.81,279.4857591,2021241.01,308.8426703,7232,295.4598471,2021240.814,310.0256539,6841,0.880082902,1506081.73,247.5411281,1924137.189,291.4833364,7773,261.7873438,1924136.977,293.4670374,7350
"KCAE20130815_123018",3038786.08,"2013","08","15",0.498026014,1581009.38,277.2320529,2056230.136,307.871627,7417,292.535203,2056229.942,309.0962012,7029,0.878637257,1457776.7,238.8786591,1887858.043,289.255179,7903,253.7784393,1887857.81,291.729767,7439
"KCAE20130815_123355",2878317.85,"2013","08","15",0.498864173,1488633.36,256.1951472,1953231.802,293.490522,7624,272.8739269,1953231.569,295.2851292,7158,0.877364532,1389684.49,226.6331029,1816464.32,287.485063,8015,241.8727119,1816464.067,290.7222132,7510
"KCAE20130815_123719",2865537.52,"2013","08","15",0.503513425,1471711.84,248.4272499,1922826.914,296.1077769,7740,265.9879178,1922826.658,298.675372,7229,0.879562932,1393825.68,219.6108033,1796635.982,286.6338224,8181,235.3774017,1796635.707,290.4248999,7633
"KCAE20130815_124044",2798807.73,"2013","08","15",0.499788375,1454523.96,237.8560056,1874781.036,289.1224512,7882,255.0375146,1874780.77,291.97321,7351,0.8759938,1344283.77,207.6584313,1722734.346,276.6843108,8296,223.9061664,1722734.044,280.9027735,7694
"KCAE20130815_124408",2722275.06,"2013","08","15",0.497405769,1401355.23,223.1260388,1811114.057,280.6443433,8117,240.3601547,1811113.765,284.0820342,7535,0.877448574,1320919.83,195.1216967,1644875.903,266.7525471,8430,210.5036594,1644875.594,271.161902,7814
"KCAE20130815_124731",2593286.9,"2013","08","15",0.493589097,1287361.63,204.8445341,1661698.861,268.8502989,8112,220.5306664,1661698.571,272.6837768,7535,0.878779345,1305925.27,188.681949,1600777.655,265.815889,8484,203.8427784,1600777.339,270.6390191,7853
"KCAE20130815_125054",2597004.18,"2013","08","15",0.500858971,1331825.56,205.1217601,1694100.617,274.1644968,8259,223.0546786,1694100.284,278.8152983,7595,0.876877324,1265178.62,180.9754956,1550779.022,262.3907453,8569,197.1495893,1550778.67,267.9808485,7866
"KCAE20130815_125418",2519566.05,"2013","08","15",0.506537123,1262986.15,189.1258633,1587711.622,262.6284509,8395,207.6796921,1587711.246,268.1182398,7645,0.878795595,1256579.9,171.9766165,1502559.698,256.6825569,8737,192.4384263,1502559.233,264.1740907,7808
"KCAE20130815_125742",2555660.62,"2013","08","15",0.502880864,1300201.85,188.2297985,1601270.896,263.2820619,8507,210.3336986,1601270.448,269.8309016,7613,0.880467291,1255458.77,167.2058268,1470073.629,254.1858727,8792,192.0408961,1470073.059,263.5116078,7655
"KCAE20130816_100306",297.62,"2013","08","16",0.516589959,280.9,0.065379716,638.6290644,0.406759712,9768,1.659489322,633.924921,1.260903489,382,0.922251143,16.72,0.002578868,25.19812098,0.052140537,9771,1.128335661,20.31004189,0.466971337,18
"KCAE20130816_100723",171.2,"2013","08","16",0.53078962,160.18,0.036024668,352.1771576,0.258939351,9776,1.389611392,347.4028481,0.862748565,250,0.914336737,11.02,0.001902273,18.59471498,0.040645508,9775,1.054009631,13.7021252,0.380564938,13
"KCAE20130816_101140",87.56,"2013","08","16",0.526348876,80.47,0.01850444,180.8438899,0.16890936,9773,1.213920409,176.0184593,0.68955697,145,0.921887095,7.09,0.001063417,10.38426301,0.022856501,9765,0.915529467,5.4931768,0.126752786,6
"KCAE20130816_101557",65.32,"2013","08","16",0.533073315,53.02,0.012273168,119.921123,0.143860015,9771,1.292905935,115.0686282,0.789803595,89,0.920008856,12.3,0.001665621,16.27645063,0.063083369,9772,1.896976018,11.38185611,1.861040359,6
"KCAE20130816_102015",134.61,"2013","08","16",0.524575243,115.21,0.025026902,244.5378618,0.262100167,9771,1.517214867,239.7199489,1.413257788,158,0.922344008,19.4,0.002153913,21.05019137,0.067263474,9773,2.019512255,16.15609804,1.288833429,8
"KCAE20130816_102647",206.31,"2013","08","16",0.495576928,196.98,0.035851453,350.3762549,0.529817024,9773,2.678626397,345.5428052,3.781160949,129,0.878390563,9.33,0.001696729,16.57364819,0.055630273,9768,2.336111446,11.68055723,0.8609277,5
"KCAE20130816_103104",176.36,"2013","08","16",0.527454254,157.01,0.034125919,333.3419787,0.426597961,9768,3.070093541,328.5000089,2.713180484,107,0.881560061,19.35,0.002385536,23.3066876,0.062775139,9770,1.674145581,18.41560139,0.878613921,11
"KCAE20130816_103522",221.36,"2013","08","16",0.485799378,207.06,0.040098309,391.9208727,0.459615927,9774,2.481413166,387.1004538,2.687692096,156,0.879526972,14.3,0.001642724,16.0494138,0.063626745,9770,2.788704818,11.15481927,1.6797687,4
"KCAE20130816_103939",280.17,"2013","08","16",0.527375226,267.31,0.036862842,360.2605518,0.400329956,9773,2.755248854,355.4271022,2.165222666,129,0.921835049,12.86,0.001633267,15.96192193,0.050536768,9773,1.844471037,11.06682622,0.955878771,6
"KCAE20130816_104358",557.98,"2013","08","16",0.526278898,542.11,0.070094979,685.0382275,0.602605056,9773,3.050456903,680.2518894,2.617913443,223,0.921939034,15.87,0.002282385,22.2988982,0.059506779,9770,1.450692764,17.40831317,0.92377257,12
"KCAE20130816_104815",1168.89,"2013","08","16",0.52259628,1140.76,0.147923968,1444.921322,0.954569533,9768,3.790042568,1440.216176,3.105436192,380,0.922449274,28.13,0.004310447,42.11306959,0.118084534,9770,2.189705323,37.2249905,1.852124368,17
"KCAE20130816_105233",2430.34,"2013","08","16",0.477101972,2384.69,0.337855716,3299.161065,1.748455222,9765,4.500865903,3294.633841,4.698198726,732,0.922743374,45.65,0.007851813,76.74362338,0.174258348,9774,2.113589992,71.86205972,2.099638092,34
"KCAE20130816_105651",3117.85,"2013","08","16",0.525814876,2980.41,0.445074321,4352.826859,2.061741473,9780,4.918968662,4348.368297,5.004663616,884,0.921900455,137.44,0.019879505,194.3817999,0.273404136,9778,2.398997278,189.5207849,1.894766533,79
"KCAE20130816_110108",4519.31,"2013","08","16",0.516365293,4155.6,0.631054498,6165.402446,2.662833916,9770,5.46678854,6161.070685,5.921206182,1127,0.922849876,363.71,0.049808517,486.7288314,0.442605314,9772,2.458823788,481.9294624,1.965594931,196
"KCAE20130816_110524",5282.31,"2013","08","16",0.525383873,4712.87,0.699924815,6839.66529,3.135608282,9772,5.390696525,6835.403194,7.107724551,1268,0.920876543,569.44,0.085315844,833.3651639,0.551294957,9768,2.473544671,828.6374648,1.721536362,335
"KCAE20130816_110942",6476.66,"2013","08","16",0.482168335,4852,0.764400342,7470.48454,2.397393013,9773,4.555465457,7466.407883,4.124288507,1639,0.922304383,1624.66,0.230121384,2247.825683,2.938766657,9768,4.930017859,2243.158126,12.75054512,455
"KCAE20130816_111401",7030.06,"2013","08","16",0.522791862,5448.56,0.845870729,8270.923984,3.801060905,9778,4.770278091,8266.891932,7.926461906,1733,0.922645042,1581.5,0.228120829,2229.881101,1.859458274,9775,3.938522418,2225.265166,6.729165345,565
"KCAE20130816_111818",5205.93,"2013","08","16",0.526759132,4423.76,0.707518786,6913.873572,2.256162218,9772,4.043202165,6909.832499,3.953095299,1709,0.922830764,782.17,0.114391081,1117.829646,0.941903123,9772,3.049630075,1113.114977,3.85233226,365
"KCAE20130816_112235",3054.2,"2013","08","16",0.529702741,2734.94,0.464328615,4537.419225,1.49308569,9772,3.299279661,4533.210255,2.550732305,1374,0.879387366,319.26,0.049915603,487.2761142,0.461911364,9762,2.499897687,482.4802536,2.166021393,193
"KCAE20130816_112653",2548.6,"2013","08","16",0.521736965,2439.62,0.497287289,4856.507664,1.998512724,9766,4.168553652,4852.196451,4.268540029,1164,0.921677867,108.98,0.01602699,156.6958771,0.209500812,9777,2.02444478,151.8333585,1.295548963,75
"KCAE20130816_113110",1636.12,"2013","08","16",0.488152916,1569.06,0.34048833,3324.52805,1.621669407,9764,4.004885335,3320.049942,4.039418202,829,0.878190435,67.06,0.009273306,90.59092944,0.141179234,9769,1.904830773,85.71738478,0.856156285,45
"KCAE20130816_113527",828.25,"2013","08","16",0.53135818,726.81,0.161084995,1573.478233,0.897929615,9768,2.889235323,1568.85478,2.575639503,543,0.879750379,101.44,0.013660398,133.475745,0.218064708,9771,2.426513349,128.6052075,1.722831952,53
"KCAE20130816_113946",757.94,"2013","08","16",0.482660357,609.77,0.131833663,1288.278557,0.768181237,9772,2.625002119,1283.626036,2.293167755,489,0.921912704,148.17,0.021574386,210.8033275,0.371856456,9771,3.432271638,205.9362983,3.31581898,60
"KCAE20130816_114403",679.76,"2013","08","16",0.522720693,448.3,0.091603021,895.5111332,0.813463817,9776,2.537855964,890.7874435,3.500891715,351,0.921970069,231.46,0.029758495,290.5917029,0.622470872,9765,5.195003179,285.7251748,6.537015521,55
"KCAE20130816_114821",471.39,"2013","08","16",0.525461937,263.14,0.045973815,449.4400152,0.487747056,9776,2.303819367,444.6371379,2.623751148,193,0.922535492,208.25,0.025187014,246.2282531,0.358003467,9776,3.218216477,241.3662357,2.552841255,75
"KCAE20130816_115239",695.7,"2013","08","16",0.485038742,302.92,0.043910712,429.0954811,0.546219941,9772,2.79127671,424.2740599,3.404138336,152,0.879294485,392.78,0.03868835,378.2559959,0.728220798,9777,6.437671676,373.3849572,7.002717215,58
"KCAE20130816_115657",592.04,"2013","08","16",0.484366481,250.23,0.031198773,305.1240013,0.490307877,9780,3.661749848,300.2634875,3.945487534,82,0.87877273,341.81,0.033852308,330.7709021,0.523600198,9771,5.342694657,325.9043741,3.975975538,61
"KCAE20130816_120115",440.15,"2013","08","16",0.472803876,160.58,0.024553683,239.9631398,0.31272465,9773,2.327877791,235.1156569,2.03528488,101,0.878597952,279.57,0.02823972,275.9867866,0.55021921,9773,4.046600945,271.1222633,5.321560697,67
"KCAE20130816_120533",1130.42,"2013","08","16",0.523664324,178.46,0.020351655,199.0595393,0.424937556,9781,3.596009095,194.1844911,4.496860521,54,0.92232002,951.96,0.094139381,919.3651974,1.45247975,9766,7.08942059,914.5352561,10.5342508,129
"KCAE20130816_120951",2506.06,"2013","08","16",0.526733492,391.34,0.049594318,484.5860778,0.667779774,9771,3.807556563,479.7521269,4.520248966,126,0.879848561,2114.72,0.245855675,2403.485079,3.979370723,9776,9.017739805,2398.718788,22.46597735,266
"KCAE20130816_121409",5541.71,"2013","08","16",0.530814996,1210.92,0.178995819,1748.96815,1.956079292,9771,7.390632755,1744.18933,10.27387063,236,0.920812697,4330.79,0.464113493,4537.17351,7.713550045,9776,11.47461233,4532.471872,36.73539297,395
"KCAE20130816_121826",8652.27,"2013","08","16",0.526548568,1457.26,0.208962015,2041.14096,1.785953331,9768,6.042772295,2036.414263,7.573850741,337,0.922529577,7195.01,0.729840359,7128.350782,10.15746144,9767,12.90531221,7123.732341,40.88108721,552
"KCAE20130816_122244",13178.89,"2013","08","16",0.524495464,2377,0.321915222,3147.043215,3.527691661,9776,7.290857587,3142.35962,15.23067819,431,0.920371268,10801.89,1.066212183,10425.42273,16.40690759,9778,14.13960854,10420.8915,58.23030939,737
"KCAE20130816_122918",36818.76,"2013","08","16",0.499671086,4609.33,0.574665193,5616.202933,4.992408602,9773,8.192187071,5611.648143,17.13442273,685,0.932244924,32209.43,3.095780609,30248.87233,33.7983594,9771,25.67450393,30244.56563,94.35055001,1178
"KCAE20130816_123337",59014.42,"2013","08","16",0.530464968,10096.03,1.146163731,11209.48129,12.54453039,9780,13.05945186,11205.00969,40.49563589,858,0.921610962,48918.39,4.816693074,47059.09133,46.60760347,9770,34.12246981,47054.88587,119.9961695,1379
"KCAE20130816_123756",60578.71,"2013","08","16",0.527875818,15465.97,1.754954555,17158.19068,14.85755959,9777,15.42612221,17153.8479,41.60936499,1112,0.878776986,45112.74,4.549016023,44462.08261,40.19526629,9774,27.996209,44457.97989,96.39841796,1588
"KCAE20130816_124214",58233.02,"2013","08","16",0.533604226,18220.71,2.448418794,23925.94845,19.91002199,9772,19.93471023,23921.65227,53.68040627,1200,0.887673092,40012.31,4.651198146,45418.94989,30.90843766,9765,26.05561065,45414.92937,69.25798193,1743
"KCAE20130816_124632",75999.92,"2013","08","16",0.525943885,24472.37,3.51478882,34328.94241,25.77907989,9767,25.96422835,34324.70988,65.80053076,1322,0.921952451,51527.55,6.536495975,63796.20072,44.10172033,9760,35.10854143,63792.21979,97.20270782,1817
"KCAE20130816_125050",79287.93,"2013","08","16",0.521624705,25470.45,4.030191676,39350.79153,27.77927865,9764,28.72013472,39346.58456,69.23639179,1370,0.922184897,53817.48,6.622272836,64633.38288,41.53475947,9760,34.74700188,64629.4235,89.88051898,1860
"KCAE20130816_125507",78301.2,"2013","08","16",0.526764531,29060.55,4.023987269,39326.42758,27.76313882,9773,29.99404007,39322.18653,70.49982962,1311,0.880378146,49240.65,5.760336548,56238.16571,35.48369172,9763,32.77047358,56234.13266,79.25451269,1716
"KCAE20130816_125924",70223.39,"2013","08","16",0.482977357,26673.33,3.349663366,32729.56075,25.42890826,9771,28.23575887,32725.24453,68.93703099,1159,0.922712897,43550.06,4.763377836,46514.38457,29.65496885,9765,29.85254899,46510.27133,69.03195556,1558
"KCAE20130817_100044",53336.2,"2013","08","17",0.487247588,22887.58,2.335042905,22813.36918,16.00675094,9770,21.0221349,22809.01637,43.77010152,1085,0.879250416,30448.62,2.991718302,29223.10437,18.27832929,9768,19.4275017,29218.96256,43.02983221,1504
"KCAE20130817_100422",59158.92,"2013","08","17",0.493101248,24752.43,2.52941443,24725.02605,17.93270207,9775,21.93495278,24720.69179,48.63531213,1127,0.878553403,34406.49,3.395179858,33167.51204,22.31958236,9769,22.21256813,33163.36421,53.32151052,1493
"KCAE20130817_100800",60047.08,"2013","08","17",0.49028414,23310.6,2.446634744,23915.85463,17.81446835,9775,20.956641,23911.52738,48.29767524,1141,0.878730583,36736.48,3.853112133,37652.61176,29.17729635,9772,25.35249726,37648.45843,71.13250454,1485
"KCAE20130817_101138",65413.35,"2013","08","17",0.490928708,25915.91,2.922864138,28570.99695,24.63965861,9775,24.75448545,28566.67621,67.86469401,1154,0.877829153,39497.44,4.345135042,42447.62423,31.93475438,9769,26.99969211,42443.51599,75.68975818,1572
"KCAE20130817_101515",71783.61,"2013","08","17",0.501009156,26808.34,3.082018227,30126.72817,27.03267382,9775,25.1649365,30122.42899,73.5922717,1197,0.879460289,44975.27,4.927381356,48145.44323,32.15079351,9771,28.86173987,48141.38211,73.25976345,1668
"KCAE20130817_101852",72577.57,"2013","08","17",0.490140712,26120.08,2.964923306,28985.09024,20.33321954,9776,23.85250994,28980.79957,53.20105757,1215,0.878040565,46457.49,5.04626089,49312.06142,30.03981935,9772,28.45241337,49308.03237,66.516633,1733
"KCAE20130817_102230",81102.23,"2013","08","17",0.487939813,27012.63,3.0297232,29603.42539,19.99138638,9771,24.20207788,29599.14124,51.79245363,1223,0.878464649,54089.6,5.848975992,57150.34442,32.90352156,9771,29.85705674,57146.40659,69.36896209,1914
"KCAE20130817_102607",82498.45,"2013","08","17",0.487815166,31947.98,3.580019257,34994.68824,20.60077113,9775,24.11475972,34990.51636,48.63303073,1451,0.878778966,50550.47,5.513326995,53892.77137,27.02808447,9775,24.68573814,53888.96636,52.90340252,2183
"KCAE20130817_102931",76622.91,"2013","08","17",0.501275383,29929.81,3.438114324,33611.00563,19.612764,9776,22.28571738,33606.86181,45.54952353,1508,0.877936108,46693.1,5.259535518,51401.44061,23.51587673,9773,22.47384728,51397.68873,44.46200855,2287
"KCAE20130817_103309",80319,"2013","08","17",0.48823665,29079.1,3.409873946,33317.87832,16.25654696,9771,19.00391318,33313.8598,34.31061056,1753,0.879850616,51239.9,5.962877205,58305.01331,26.44235239,9778,23.35791814,58301.36367,48.30566503,2496
"KCAE20130817_103647",82582.87,"2013","08","17",0.502489093,30205.64,3.716412718,36331.65073,18.34568509,9776,19.29245611,36327.69486,38.04527495,1883,0.878275514,52377.23,6.45383967,63092.73661,25.49812016,9776,24.63456484,63089.12054,45.1052329,2561
"KCAE20130817_104025",90639.47,"2013","08","17",0.489230144,34430.33,4.382680606,42810.02416,18.44973103,9768,20.75953541,42806.16201,35.67877134,2062,0.878583371,56209.14,7.192709288,70301.54058,29.46314693,9774,26.09428069,70297.99218,51.54501092,2694
"KCAE20130817_104403",87418.81,"2013","08","17",0.498158611,34846.86,4.61664668,45127.7213,23.49190292,9775,20.7180504,45123.91378,46.30306856,2178,0.878142233,52571.95,6.811058206,66550.84973,26.0536924,9771,23.64867199,66547.36297,44.26333877,2814
"KCAE20130817_104742",86808.22,"2013","08","17",0.491017906,35849.55,4.838331865,47304.37065,25.11272966,9777,20.81893012,47300.60924,48.80497343,2272,0.877979489,50958.67,6.748615391,66001.45853,27.60891773,9780,22.93986751,65997.99883,47.11974921,2877
"KCAE20130817_105119",83117.26,"2013","08","17",0.500231792,34625.1,4.738348015,46303.1368,23.42074947,9772,20.55009693,46299.36837,45.33105583,2253,0.877662149,48492.16,6.556868863,64054.05193,30.38035132,9769,22.77758363,64050.56517,53.26950441,2812
"KCAE20130817_105658",70407.33,"2013","08","17",0.494825388,29557.22,4.049320978,39578.06324,22.24630564,9774,19.59117675,39574.17704,45.72674863,2020,0.878431248,40850.11,5.577817553,54506.43312,27.07686562,9772,21.49164295,54502.80653,49.8373913,2536
"KCAE20130817_110035",58775.72,"2013","08","17",0.487841363,24966.61,3.45812466,33796.2523,19.14725554,9773,18.80481627,33792.25483,41.30391251,1797,0.922732537,33809.11,4.666224836,45547.02063,25.78236641,9761,20.22347123,45543.25721,50.66969878,2252
"KCAE20130817_110414",44880.86,"2013","08","17",0.489501079,20215.75,2.819997804,27551.37854,16.76056366,9770,17.2170524,27547.28384,38.31736916,1600,0.87829212,24665.11,3.437528742,33591.53087,18.88023056,9772,16.79381782,33587.63564,38.96104587,2000
"KCAE20130817_110751",33402.75,"2013","08","17",0.484924628,16256.02,2.273917671,22241.18874,15.47918482,9781,16.27889549,22236.97124,38.58219701,1366,0.878835962,17146.73,2.397940597,23425.48169,14.42603756,9769,14.22928952,23421.41055,32.66972819,1646
"KCAE20130817_111128",20443.03,"2013","08","17",0.488489841,10059.74,1.417821881,13860.62671,10.24114275,9776,12.26220658,13856.29344,27.83850343,1130,0.876141964,10383.29,1.466375989,14332.35892,9.703492171,9774,11.01315323,14328.11236,24.54858165,1301
"KCAE20130817_111505",12014.18,"2013","08","17",0.487108136,6030.56,0.868460974,8487.469102,6.570437866,9773,10.11083611,8482.991495,20.24505376,839,0.87879216,5983.62,0.836864733,8179.515902,5.888411173,9774,8.623515215,8175.092424,17.0473629,948
"KCAE20130817_111844",6514.89,"2013","08","17",0.492066617,3422.11,0.494622722,4832.463995,4.692182225,9770,7.812098916,4827.87713,17.06856714,618,0.877702038,3092.78,0.432120462,4222.249038,3.153820957,9771,6.449051551,4217.679714,10.4860905,654
"KCAE20130817_112221",3170.71,"2013","08","17",0.488577682,1398.22,0.203169512,1985.575643,1.603809748,9773,5.145118176,1980.870498,6.321916958,385,0.878467921,1772.49,0.242935238,2374.691953,2.033124852,9775,6.353833219,2369.979791,8.347334175,373
"KCAE20130817_112558",1770.77,"2013","08","17",0.488430369,755.91,0.103837691,1014.078888,0.903607052,9766,3.867107676,1009.315103,4.007370729,261,0.87882613,1014.86,0.135662879,1325.426325,1.294615922,9770,4.909533625,1320.664545,6.129541452,269
"KCAE20130817_112935",1121.51,"2013","08","17",0.491353773,467.66,0.068503747,669.487122,0.683213408,9773,3.632135172,664.6807364,3.471255064,183,0.878290962,653.85,0.088487209,864.2545702,0.872835322,9767,4.4301892,859.4567048,4.383826455,194
"KCAE20130817_113314",590.39,"2013","08","17",0.486996089,289.04,0.038126795,372.5750443,0.465187517,9772,3.143043432,367.7360816,2.895940952,117,0.884776363,301.35,0.038621156,377.3673194,0.49610846,9771,3.211451351,372.5283567,3.260891919,116
"KCAE20130817_113651",253.83,"2013","08","17",0.490110868,113.55,0.014957327,146.1629999,0.288929236,9772,2.825809152,141.2904576,2.922844524,50,0.878127457,140.28,0.018468794,180.4216503,0.273632149,9769,2.74308794,175.5576282,2.004496344,64
"KCAE20130817_114028",125.24,"2013","08","17",0.488074404,65.27,0.008023256,78.36314355,0.166745322,9767,3.061669847,73.48007634,1.432365529,24,0.87801123,59.97,0.008015709,78.36959104,0.148303616,9777,2.161368348,73.48652382,1.312033708,34
"KCAE20130817_114420",247.12,"2013","08","17",0.500536334,67.7,0.007643048,74.7031492,0.184106948,9774,2.792682994,69.81707485,2.387912158,25,0.878417956,179.42,0.021915645,214.247341,0.30674108,9776,2.492736123,209.3898344,2.202052604,84
"KCAE20130817_114758",361.51,"2013","08","17",0.486172277,219.19,0.02490085,243.3809084,0.622611476,9774,4.042574143,238.5118745,6.985589952,59,0.879913208,142.32,0.023848719,233.0735267,0.368055665,9773,2.749602679,228.2170224,2.925526106,83
"KCAE20130817_115135",397.01,"2013","08","17",0.495479408,215.29,0.026051694,254.6032077,0.850392368,9773,3.90214345,249.7371808,9.839110307,64,0.878359013,181.72,0.030882924,301.7879286,0.483942008,9772,3.192870294,296.9369374,3.830091723,93
"KCAE20130817_115512",496.31,"2013","08","17",0.48427895,334.74,0.040800044,398.9836301,0.887334168,9779,4.478711643,394.1266246,8.26981877,88,0.874550871,161.57,0.035957985,351.6331391,0.602151936,9779,3.01556231,346.7896657,4.694389134,115
"KCAE20130817_115850",562.99,"2013","08","17",0.501025851,289.09,0.049658201,485.359256,0.872759072,9774,5.222899578,480.5067612,7.381769383,92,0.878459393,273.9,0.061223054,598.7002427,1.166810799,9779,6.059676011,593.8482491,10.02592357,98
"KCAE20130817_120228",599.01,"2013","08","17",0.485840843,303.46,0.056923363,556.1412518,0.957423429,9770,6.125441771,551.2897594,7.939100743,90,0.878623749,295.55,0.064325736,628.5267689,1.328426235,9771,6.929719726,623.6747753,12.06714106,90
"KCAE20130817_120606",544.41,"2013","08","17",0.489065336,410.25,0.071795732,701.444306,1.370531278,9770,7.571671913,696.593816,12.00990344,92,0.878632294,134.16,0.026745964,261.4417995,0.566292259,9775,3.247877064,256.5822881,5.439688357,79
"KCAE20130817_120956",245.07,"2013","08","17",0.487307683,178.63,0.028216913,275.9614117,0.498902234,9780,3.872784053,271.0948837,4.491407456,70,0.878788166,66.44,0.012588905,122.9810138,0.197548382,9769,2.187258886,118.1119798,1.53207238,54
"KCAE20130817_121414",171.56,"2013","08","17",0.529560965,137.42,0.017538742,171.4412043,0.367616397,9775,3.701436722,166.5646525,4.009511422,45,0.920126627,34.14,0.00556741,54.39359914,0.100913019,9770,1.500410274,49.51353905,0.892534374,33
"KCAE20130817_121806",97.54,"2013","08","17",0.486862557,71.28,0.007934022,77.59473462,0.194353921,9780,2.596684168,72.70715671,2.59059696,28,0.877649039,26.26,0.003958184,38.679372,0.1030256,9772,2.252619211,33.78928816,1.407843401,15
"KCAE20130817_122212",37.73,"2013","08","17",0.488726351,26.11,0.002726421,26.64530938,0.072485937,9773,2.175221842,21.75221842,0.674820509,10,0.879318617,11.62,0.001626895,15.89639133,0.059553047,9771,1.833716332,11.00229799,1.702836415,6
"KCAE20130817_122630",102.63,"2013","08","17",0.533208446,86.65,0.008394058,82.03512988,0.346068184,9773,7.714203891,77.14203891,7.999462584,10,0.878768991,15.98,0.00261577,25.54299494,0.077056362,9765,2.065391348,20.65391348,1.307307902,10
"KCAE20130817_123035",125.51,"2013","08","17",0.48986024,112.95,0.010917855,106.7111126,0.308775469,9774,4.427131994,101.8240359,4.681464231,23,0.87860326,12.56,0.001590035,15.53781908,0.052185699,9772,2.128544675,10.64272337,0.997317033,5
"KCAE20130817_123440",52.49,"2013","08","17",0.500928639,47.46,0.005029865,49.1216604,0.17820218,9766,4.02114354,44.23257894,3.639733243,11,0.878520548,5.03,0.000730771,7.139633807,0.016045433,9770,1.122018454,2.244036909,0,2
"KCAE20130817_123846",94.88,"2013","08","17",0.486416332,76.58,0.00782138,76.40706609,0.187279179,9769,3.405785378,71.52149294,2.231660428,21,0.877799586,18.3,0.002418201,23.65242454,0.071465147,9781,2.344290213,18.7543217,0.928765843,8
"KCAE20130817_124250",43.03,"2013","08","17",0.498860469,20.48,0.002593355,25.34226101,0.068511801,9772,2.044967124,20.44967124,0.675618044,10,0.878688187,22.55,0.002441142,23.85971773,0.096301191,9774,3.160686805,18.96412083,2.479925743,6
"KCAE20130817_124655",58.39,"2013","08","17",0.486222602,24.64,0.003216061,31.42413059,0.095277454,9771,2.211087031,26.53304437,1.654794162,12,0.878752835,33.75,0.004743319,46.36594796,0.114838783,9775,2.182966595,41.47636531,1.46391678,19
"KCAE20130817_125112",121.78,"2013","08","17",0.533155578,41.74,0.004931382,48.19933241,0.13311983,9774,2.887216413,43.3082462,1.858978394,15,0.878714223,80.04,0.011159959,109.0216436,0.321564881,9769,4.339065584,104.137574,4.93172723,24
"KCAE20130817_125748",382.64,"2013","08","17",0.496857983,118.62,0.017929831,175.1027256,0.340102005,9766,3.474136516,170.2326893,3.357941324,49,0.917782268,264.02,0.040999401,400.8921401,0.689770838,9778,3.960416501,396.0416501,5.595527007,100
"KCAE20130818_100159",250.97,"2013","08","18",0.47819168,92.63,0.018376991,179.5799521,0.21672037,9772,1.73002941,174.7329704,1.264618961,101,1.499921941,158.34,0.012090831,118.127421,0.197547814,9770,3.060793667,113.2493657,1.00040901,37
"KCAE20130818_100654",246.24,"2013","08","18",0.477804089,242.23,0.043797322,427.9874353,0.540858823,9772,1.897765015,423.2015984,3.056449986,223,1.503090762,4.01,0.000501187,4.898604021,0,9774,NA,0,NA,0
"KCAE20130818_101147",132.51,"2013","08","18",0.477398,127.19,0.023149414,226.2392196,0.250867176,9773,1.690128033,221.4067723,1.375677347,131,1.500184679,5.32,0.000868079,8.482864558,0.020256652,9772,0.896816915,3.58726766,0.515474345,4
"KCAE20130818_101641",214.18,"2013","08","18",0.478062157,194.02,0.036485835,356.43012,0.308103084,9769,1.706977022,351.6372665,1.287874854,206,1.501034332,20.16,0.001905558,18.62873489,0.057704062,9776,2.288689269,13.73213562,0.480175967,6
"KCAE20130818_102135",98.53,"2013","08","18",0.478301936,85.98,0.017266598,168.8155328,0.235868714,9777,1.690350932,163.9640404,1.675914387,97,1.499809982,12.55,0.001137446,11.11739449,0.046189735,9774,3.109896422,6.219792844,1.232027901,2
"KCAE20130818_102630",111.76,"2013","08","18",0.479144705,91.85,0.018198466,177.9263993,0.232683645,9777,1.944616824,173.0708974,1.492283272,89,1.502031358,19.91,0.001665182,16.27548962,0.068327548,9774,3.792796387,11.37838916,1.117024505,3
"KCAE20130818_103124",34.17,"2013","08","18",0.478105393,20.07,0.00310098,30.30277325,0.076149017,9772,1.588324413,25.4131906,1.045178103,16,1.50143785,14.1,0.001272497,12.42975263,0.044007497,9768,2.511886432,7.535659295,0,3
"KCAE20130818_103620",153.75,"2013","08","18",0.477139929,149.74,0.018708217,182.816695,0.309388339,9772,4.236670076,177.9401432,2.123247365,42,1.503128928,4.01,0.000501187,4.89710046,0,9771,NA,0,NA,0
"KCAE20130818_104114",1368.44,"2013","08","18",0.478143899,1335.37,0.169303589,1654.434675,1.575910364,9772,6.873572324,1649.657358,7.433744987,240,1.499169186,33.07,0.002977558,29.09669602,0.087981744,9772,2.689289451,24.20360506,1.152655532,9
"KCAE20130818_104608",1708.29,"2013","08","18",0.477092825,1689.63,0.218668545,2136.391689,1.602265073,9770,6.125487076,2131.669502,5.999313943,348,1.502756962,18.66,0.001648793,16.11365838,0.057984804,9773,2.804390075,11.2175603,0.688351776,4
"KCAE20130818_105102",4722.08,"2013","08","18",0.478357086,4647.61,0.610991991,5968.78076,4.068204702,9769,9.95690296,5964.184873,13.30911705,599,1.498668508,74.47,0.006090014,59.50552368,0.118588223,9771,2.374780458,54.61995053,0.604779702,23
"KCAE20130818_105556",5356.2,"2013","08","18",0.477555029,5345.66,0.702910186,6868.135428,4.420208632,9771,9.175953497,6863.613216,13.33012671,748,1.502956557,10.54,0.001109039,10.83752614,0.03275712,9772,1.485482309,5.941929238,0.745542422,4
"KCAE20130818_110050",4637,"2013","08","18",0.478281136,4630.62,0.591370229,5777.687133,3.38262503,9770,7.780542337,5773.162414,9.73860794,742,1.49850891,6.38,0.000797821,7.797899511,0.021260389,9774,1.450148932,2.900297864,0.464046572,2
"KCAE20130818_110545",3302.63,"2013","08","18",0.502603709,3298.62,0.421147699,4114.61302,3.132165771,9770,6.771038948,4110.020641,10.72781732,607,1.498143117,4.01,0.000501187,4.896098085,0,9769,NA,0,NA,0
"KCAE20130818_111039",1098.31,"2013","08","18",0.477724248,1094.3,0.144416759,1411.096156,1.071680679,9771,3.430254982,1406.404543,4.017168927,410,1.503973248,4.01,0.000501187,4.899105209,0,9775,NA,0,NA,0
"KCAE20130818_111533",726.09,"2013","08","18",0.478370205,720.56,0.108078177,1056.03187,0.724169482,9771,2.695718544,1051.330232,2.485763423,390,1.499053993,5.53,0.00076056,7.429150523,0.018244302,9768,1.267277999,2.534555999,0.205428019,2
"KCAE20130819_100116",59319.76,"2013","08","19",0.500304114,28821.74,5.945833538,57745.93532,55.29844217,9712,72.90588981,57741.46473,180.7034075,792,0.878171568,30498.02,6.399005974,62198.33807,56.88453153,9720,90.92662184,62193.80934,195.8282332,684
"KCAE20130819_100521",72676.85,"2013","08","19",0.494273035,36689.29,7.417452985,72023.46848,61.54780854,9710,87.50791547,72019.01443,194.2324641,823,0.881599377,35987.56,7.249386033,70398.78777,61.87842376,9711,98.45353719,70394.27909,207.5560843,715
"KCAE20130819_100926",79583.59,"2013","08","19",0.490712846,41106.86,8.368283018,81222.55497,64.32112508,9706,93.89378495,81218.12398,196.0412947,865,0.878932268,38476.73,7.808728087,75838.36718,62.79413511,9712,105.1787254,75833.86101,207.1887542,721
"KCAE20130819_101330",69533.84,"2013","08","19",0.493048744,32688.17,6.708038767,65007.60369,55.41799682,9691,68.35249559,65003.22331,164.6445193,951,0.87875674,36845.67,7.460475826,72500.90408,64.03695066,9718,96.27677415,72496.41093,210.7735697,753
"KCAE20130819_101735",86625.41,"2013","08","19",0.49534138,43081.9,8.785828965,85161.04016,66.99309181,9693,83.65097481,85156.69236,191.0566453,1018,0.88221451,43543.51,8.858882634,85815.99607,69.67058301,9687,109.5932739,85811.5335,221.5142476,783
"KCAE20130819_102141",115392.2,"2013","08","19",0.488308666,57669.46,11.57633086,111977.8484,83.20020886,9673,106.5399878,111973.5272,231.5966852,1051,0.87959779,57722.74,11.25764743,108962.7694,80.36301797,9679,133.0382526,108958.3289,245.3320692,819
"KCAE20130819_102547",126907.05,"2013","08","19",0.494480034,62352.77,12.56640333,121366.3234,82.89285632,9658,112.6852579,121362.0227,224.4465586,1077,0.878748541,64554.28,12.73016824,123266.219,87.04045736,9683,136.6539003,123261.8181,253.8848493,902
"KCAE20130819_103005",119783.97,"2013","08","19",0.482055544,65087.09,12.57803329,121604.4258,79.393775,9668,111.8676404,121600.1251,212.1127558,1087,0.921827432,54696.88,10.60617764,102911.7416,72.0193843,9703,103.737274,102907.3758,202.7520613,992
"KCAE20130819_103420",113837.61,"2013","08","19",0.518611115,62167.96,12.07655412,117094.2687,75.72902391,9696,103.8031689,117089.9745,199.5102601,1128,0.921923232,51669.65,10.16600473,98864.39604,69.87823334,9725,91.87738036,98860.06127,191.4547208,1076
"KCAE20130819_103838",105950.07,"2013","08","19",0.530446843,55717.08,11.18872681,108351.6304,73.06439797,9684,85.85373171,108347.4094,185.9499372,1262,0.92171965,50232.99,10.06095637,97480.6063,72.41335276,9689,90.08899499,97476.29258,199.4444436,1082
"KCAE20130819_104255",104784.14,"2013","08","19",0.519852969,58274.85,11.96536453,115884.5555,76.93559619,9685,81.03525747,115880.4182,185.7721387,1430,0.923410401,46509.29,9.640382855,93434.59064,69.71273504,9692,93.71136691,93430.23281,198.493893,997
"KCAE20130819_104712",88068.29,"2013","08","19",0.532241916,49407.56,10.08331405,97606.48,68.80094893,9680,65.99213642,97602.36976,165.2476664,1479,0.919548743,38660.73,8.340309192,80759.2139,60.67138069,9683,87.30251298,80754.82451,177.9606054,925
"KCAE20130819_105129",94140.97,"2013","08","19",0.530980701,50564.94,10.8713816,105234.9739,72.07011313,9680,62.74953064,105230.9629,163.5206365,1677,0.920994623,43576.03,9.27431829,89877.41854,67.21451288,9691,96.32693371,89873.02915,196.4102487,933
"KCAE20130819_105546",107564.79,"2013","08","19",0.522130357,57130.53,12.22347486,118201.0019,81.5831225,9670,54.77165754,118197.237,165.8430583,2158,0.922042378,50434.26,10.96148333,106260.6194,74.67486541,9694,102.071357,106256.2826,206.5524502,1041
"KCAE20130819_110004",107810.59,"2013","08","19",0.478275698,61735.83,12.72228445,123291.6586,76.09972838,9691,48.55772907,123288.0741,142.7225799,2539,0.921801707,46074.76,9.77681249,94688.42897,66.56040272,9685,81.90670791,94684.15434,176.7268173,1156
"KCAE20130819_110422",124453.98,"2013","08","19",0.478194522,64013.93,13.3662994,129332.313,76.73771265,9676,50.40091565,129328.7496,142.6337511,2566,0.881018286,60440.05,13.2541099,128392.5626,80.0113364,9687,88.60485427,128388.4338,190.1109385,1449
"KCAE20130819_110841",129401.09,"2013","08","19",0.523371849,67518.93,14.48217435,139781.9468,83.82373924,9652,60.53627829,139778.2666,163.070971,2309,0.921982369,61882.16,13.71583489,132796.7134,82.03117023,9682,96.01775417,132792.554,198.0650189,1383
"KCAE20130819_111258",144850.79,"2013","08","19",0.530875029,75090.06,16.39541673,158445.3073,94.66001695,9664,81.88187782,158441.4336,198.5076014,1935,0.921998049,69760.73,15.19672922,146952.3715,91.80331261,9670,106.7162057,146948.2152,222.3688269,1377
"KCAE20130819_111714",128001.9,"2013","08","19",0.487566696,66812.01,14.66909243,141556.7419,86.57762309,9650,78.72792358,141552.8066,187.6222854,1798,0.878042974,61189.89,13.39267281,129533.9314,79.47495924,9672,100.8798501,129529.7275,196.9219591,1284
"KCAE20130819_112133",130393.9,"2013","08","19",0.477648839,67918.49,14.78647023,142852.0889,88.49850145,9661,88.67042477,142848.0543,201.0884254,1611,0.877380845,62475.41,13.65102374,131746.0301,85.17646416,9651,115.9698614,131741.7625,223.175785,1136
"KCAE20130819_112551",147807.22,"2013","08","19",0.486981653,73546.35,15.31731084,147888.6361,90.28570694,9655,98.13175345,147884.5524,210.0524068,1507,0.878671948,74260.87,15.90618475,153828.7127,94.48986583,9671,129.2642539,153824.4621,240.7232943,1190
"KCAE20130819_113009",138765.04,"2013","08","19",0.477288956,69411.28,14.21709041,136725.7584,87.8618114,9617,93.19814163,136721.6738,208.0151302,1467,0.874195912,69353.76,14.86473484,143370.3675,88.89447089,9645,121.806392,143366.1234,227.5223862,1177
"KCAE20130819_113428",138633.74,"2013","08","19",0.524694069,70431.09,14.4156874,138923.9795,86.12570724,9637,96.4721328,138919.8712,204.3262847,1440,0.921899517,68202.65,14.53846901,139961.8412,87.77598307,9627,120.8614824,139957.5966,226.3613407,1158
"KCAE20130819_113844",155642.5,"2013","08","19",0.481834911,79909.78,16.54516338,159329.9233,94.98555572,9630,101.0310002,159325.8873,215.8306274,1577,0.920904438,75732.72,15.70349886,151114.7695,88.96970358,9623,116.4180255,151110.5971,216.7699642,1298
"KCAE20130819_114300",172809.38,"2013","08","19",0.477293652,84072.19,17.05216762,163871.3309,92.56840256,9610,102.0344454,163867.3194,206.4578863,1606,0.878409258,88737.19,17.85845427,171923.3393,91.36649571,9627,121.4976845,171919.2236,210.3051801,1415
"KCAE20130819_114931",221145.85,"2013","08","19",0.499667468,111426.59,21.58652798,207338.6013,106.668611,9605,120.6135247,207334.6489,227.2789376,1719,0.880922649,109719.26,21.21301948,204748.064,105.1435304,9652,133.1235354,204743.9974,233.4717862,1538
"KCAE20130819_115349",230670.11,"2013","08","19",0.482433213,119292.26,22.33207539,214343.2596,109.734894,9598,124.3267478,214339.3133,233.2033176,1724,0.921368528,111377.85,21.07908453,202844.0305,105.2360496,9623,130.3598891,202839.9874,232.9644286,1556
"KCAE20130819_115807",241284.7,"2013","08","19",0.526748189,124709.94,23.31532571,223220.9284,109.213617,9574,124.981537,223217.0251,226.394851,1786,0.877545142,116574.76,21.58334902,206790.067,105.5348172,9581,130.9601371,206786.0565,230.831249,1579
"KCAE20130819_120211",238559.99,"2013","08","19",0.494106211,118152.26,21.99269803,209260.5218,107.0775355,9515,121.2379015,209256.618,226.2691425,1726,0.87861016,120407.73,21.99570512,210564.8851,106.7895606,9573,135.2349824,210560.8676,234.1581129,1557
"KCAE20130819_120616",247981.8,"2013","08","19",0.505071137,132662.93,23.980173,228579.009,111.8300774,9532,130.7637916,228575.1078,232.9305848,1748,0.878956554,115318.87,21.30466081,203566.034,103.4307444,9555,133.1340821,203562.0115,228.0175501,1529
"KCAE20130819_121021",237917.91,"2013","08","19",0.492524869,118782.12,22.19623998,210664.5136,106.1889855,9491,124.6512449,210660.6039,224.8965932,1690,0.882296783,119135.79,22.15024701,211246.9058,108.5826231,9537,142.251091,211242.8702,242.2113648,1485
"KCAE20130819_121425",250483.83,"2013","08","19",0.495446182,125675.39,23.64597433,224069.2528,116.0912864,9476,131.4166323,224065.358,246.5117747,1705,0.878938325,124808.44,23.72768125,225531.6103,113.2503695,9505,154.3652147,225527.5787,251.614881,1461
"KCAE20130819_121829",250834.69,"2013","08","19",0.496466416,120287.78,22.98880922,217359.1912,108.6629943,9455,127.555931,217355.3065,228.4793085,1704,0.878035354,130546.91,25.24876208,239282.5183,118.8163882,9477,156.3911996,239278.5353,258.7846883,1530
"KCAE20130819_122234",274534.83,"2013","08","19",0.489411832,132018.42,25.43598246,239708.6987,118.4183202,9424,136.118602,239704.8581,244.9567556,1761,0.879529946,142516.41,27.35448977,258992.3092,124.2226121,9468,164.3327118,258988.3538,265.009203,1576
"KCAE20130819_122638",282056.5,"2013","08","19",0.493868302,131882.61,26.14623702,245696.1893,117.9728364,9397,132.8785324,245692.4064,237.85029,1849,0.878851098,150173.89,28.95687192,273989.9221,125.4883347,9462,164.8531966,273986.0128,259.3836021,1662
"KCAE20130819_123041",315637.41,"2013","08","19",0.491862323,152609.06,30.18644012,284084.588,128.8306801,9411,150.6260957,284080.8165,254.3692739,1886,0.878294966,163028.35,31.82136465,302112.036,130.0889363,9494,167.3729542,302108.1824,257.5900637,1805
"KCAE20130819_123445",337757.25,"2013","08","19",0.492718179,165927.46,32.93708378,309674.4617,132.107208,9402,157.4330124,309670.7354,252.6729787,1967,0.878825896,171829.79,33.69080923,317839.0942,134.4456429,9434,172.549017,317835.2892,261.9999086,1842
"KCAE20130819_123837",355640.59,"2013","08","19",0.504773934,175960.36,34.8506884,326516.0996,136.4947903,9369,163.3378719,326512.4059,257.5983092,1999,0.916586827,179680.23,35.30380325,331396.8011,134.3839804,9387,185.0323809,331392.9941,258.7933056,1791
"KCAE20130819_124228",393525.44,"2013","08","19",0.491860752,198417.04,38.60450399,361106.5304,141.1662144,9354,185.2759462,361102.8191,261.7096704,1949,0.879958867,195108.4,38.51475593,361383.9549,143.754071,9383,199.6575466,361380.1594,273.8335774,1810
"KCAE20130819_124619",410240.25,"2013","08","19",0.504572614,204599.2,40.33205406,375410.7592,152.0555014,9308,191.0468595,375407.079,284.1777467,1965,0.878643692,205641.05,40.44671501,378257.6788,149.5119782,9352,205.5727793,378253.9139,282.314727,1840
"KCAE20130819_125010",417619.32,"2013","08","19",0.491573614,201213.45,39.0147229,361783.5254,144.8321568,9273,190.2102162,361779.8312,271.1766548,1902,0.879623171,216405.87,42.04938098,392909.4158,153.6720468,9344,212.0375939,392905.6614,288.2196478,1853
"KCAE20130819_125401",407839.15,"2013","08","19",0.494707422,205713.96,39.75133875,368494.9102,145.7858376,9270,192.0225252,368491.2259,271.0274148,1919,0.878662535,202125.19,38.7207713,360877.5885,143.4706436,9320,191.6483596,360873.8612,269.4439166,1883
"KCAE20130819_125751",416620.78,"2013","08","19",0.493944508,207651.44,40.0544597,371825.5494,145.7663041,9283,189.8018779,371821.8787,268.8672217,1959,0.87931105,208969.34,40.76770359,380892.6546,148.9344264,9343,202.0630858,380888.9168,278.1724553,1885
"KCAE20130820_100203",45921.78,"2013","08","20",0.532318776,28486.04,3.332492121,32468.47074,42.81794126,9743,97.48875245,32463.75457,211.1650121,333,0.920695871,17435.74,2.045300454,19917.13582,31.36247824,9738,93.04842296,19912.36251,190.9364725,214
"KCAE20130820_100621",42076.05,"2013","08","20",0.526152849,22041.43,2.565650788,24958.65087,34.92554418,9728,70.69108283,24953.95224,169.9343621,353,0.87765937,20034.62,2.361096003,22956.93644,34.52129941,9723,110.8800345,22952.16714,210.1221257,207
"KCAE20130820_101248",53621.75,"2013","08","20",0.50109068,27422.05,3.235776417,31416.15324,40.28791513,9709,78.52871921,31411.48768,183.2056714,400,0.88173187,26199.7,3.038569086,29565.27721,39.94098937,9730,125.2564362,29560.51894,225.1022993,236
"KCAE20130820_101707",51636.68,"2013","08","20",0.531508406,26445.92,3.110510146,30237.26913,40.00883487,9721,87.37737139,30232.5705,194.2005652,346,0.920206999,25190.76,2.935511638,28530.23761,40.53177413,9719,118.8561952,28525.48686,230.1381301,240
"KCAE20130820_102030",55323.16,"2013","08","20",0.495796372,25673.83,3.010009646,29236.22369,38.88683018,9713,74.57028603,29231.55212,179.4745263,392,0.879402957,29649.33,3.424829303,33292.76565,45.57265792,9721,138.1245411,33288.0144,255.7935286,241
"KCAE20130820_102342",54332.86,"2013","08","20",0.499191637,32982.18,3.770142418,36679.71559,44.9771919,9729,102.7311441,36675.01846,212.3296227,357,0.879586324,21350.68,2.474285006,24042.62741,35.66524691,9717,100.5768919,24037.87715,204.986994,239
"KCAE20130820_102653",48614.56,"2013","08","20",0.508362921,25195.08,2.887527905,28069.65876,35.09934864,9721,83.27880007,28064.95562,170.071141,337,0.879217237,23419.48,2.708404424,26312.14898,38.84787764,9715,100.4099666,26307.41125,215.2223705,262
"KCAE20130820_103005",66470.01,"2013","08","20",0.495940492,33085.38,3.7738635,36617.79754,44.46753592,9703,111.6253016,36613.09891,215.8519573,328,0.920599037,33384.63,3.850793727,37398.90867,46.1427288,9712,135.9788326,37394.17897,239.642283,275
"KCAE20130820_103316",72987.13,"2013","08","20",0.50116869,41526.38,4.701904237,45613.173,51.46053734,9701,133.3581357,45608.48239,241.085154,342,0.879582702,31460.75,3.584895946,34773.49067,43.40353562,9700,123.2935124,34768.77049,224.0799347,282
"KCAE20130820_103626",100110.48,"2013","08","20",0.498380335,48885.72,5.498705302,53276.95567,57.22626769,9689,143.9791489,53272.28511,256.881239,370,0.905815335,51224.76,5.845437411,56694.89745,59.5121818,9699,163.3723641,56690.21035,271.0352519,347
"KCAE20130820_103936",104744.22,"2013","08","20",0.498051983,53703.43,6.082542531,58866.84662,58.73994357,9678,116.3285568,58862.24973,230.7973102,506,0.878692532,51040.79,5.857265316,56756.90091,57.44214554,9690,155.4855544,56752.22734,253.9691181,365
"KCAE20130820_104246",116483.11,"2013","08","20",0.500747173,60059.63,6.812078057,65756.98948,62.19295487,9653,138.1352733,65752.39009,245.8018131,476,0.879166479,56423.48,6.462733381,62617.42373,61.03282898,9689,155.7531572,62612.76921,258.2330301,402
"KCAE20130820_104558",120848.28,"2013","08","20",0.506657986,65173.81,7.313229739,70675.0522,64.79617797,9664,112.3537742,70670.52397,229.7440422,629,0.877714845,55674.47,6.419731267,62187.93678,57.98984066,9687,139.4244514,62183.30531,233.6887723,446
"KCAE20130820_104909",122239.05,"2013","08","20",0.506346247,67733.78,7.748231784,74832.42257,63.50303185,9658,83.70025745,74828.03016,192.9898264,894,0.878562218,54505.27,6.275641235,60773.30972,57.00308344,9684,126.338248,60768.6973,224.3855105,481
"KCAE20130820_105220",149107.57,"2013","08","20",0.492377386,70913.41,8.276074793,80013.0911,66.80781687,9668,104.1779043,80008.63053,215.0577774,768,0.878859539,78194.16,9.026468087,87574.79338,74.50610681,9702,175.4913446,87570.18095,280.8281105,499
"KCAE20130820_105532",148363.97,"2013","08","20",0.503909524,76404.14,8.875687387,85881.15116,70.81370748,9676,91.35826892,85876.77278,210.0579912,940,0.878645964,71959.83,8.376757232,81321.55921,68.86670425,9708,160.7054294,81316.94729,258.134116,506
"KCAE20130820_105843",135188.79,"2013","08","20",0.501409459,67957.6,8.016551394,77504.01888,65.26023561,9668,59.11504993,77499.83046,168.5381217,1311,0.879233528,67231.19,7.852930927,76118.45948,66.23124612,9693,145.2554658,76113.86409,247.5752849,524
"KCAE20130820_110153",119367.25,"2013","08","20",0.493056314,65962,7.770831812,75206.11028,63.54229177,9678,64.16539862,75201.84718,172.4667415,1172,0.922311767,53405.25,6.243723831,60520.4151,55.3761168,9693,116.825901,60515.81671,211.0520514,518
"KCAE20130820_110504",110434.84,"2013","08","20",0.503373451,62070.52,7.315760223,70801.92744,58.10394107,9678,55.13841158,70797.72047,151.0795288,1284,0.879500029,48364.32,5.645369111,54681.04521,55.1085376,9686,101.6291085,54676.46035,212.1313513,538
"KCAE20130820_110816",105661.22,"2013","08","20",0.50386374,55457.74,6.656190117,64365.35843,56.70580018,9670,35.71665654,64361.41509,127.3764329,1802,0.878591059,50203.48,5.893699536,57109.9485,55.26824864,9690,101.9738798,57105.37266,207.6754011,560
"KCAE20130820_111127",88294.67,"2013","08","20",0.490225258,47910.56,5.59293288,54066.88215,50.59170083,9667,34.92429781,54062.81302,122.3414342,1548,0.922038906,40384.11,4.765635876,46145.65219,49.56949255,9683,103.6876904,46141.02222,208.0888717,445
"KCAE20130820_111438",80944.94,"2013","08","20",0.498307927,47778.1,5.687650274,55033.70406,55.69956096,9676,34.58809048,55029.65196,133.7080257,1591,0.919405216,33166.84,3.851160911,37290.7911,41.67148824,9683,85.91280097,37286.15562,178.2204371,434
"KCAE20130820_111801",76800.54,"2013","08","20",0.497221441,36762.7,4.444049459,42947.29398,43.2825954,9664,23.5177249,42943.36567,97.31583996,1826,0.878751265,40037.84,4.496991851,43512.89315,51.25186971,9676,100.9472382,43508.25967,222.1328162,431
"KCAE20130820_112112",77056.16,"2013","08","20",0.489604553,38871.29,4.465588806,43128.65669,48.17254346,9658,30.54144752,43124.5239,122.8225953,1412,0.879147108,38184.87,4.159897032,40226.2043,48.6971963,9670,101.3137451,40221.55679,219.1672173,397
"KCAE20130820_112424",80474.94,"2013","08","20",0.495572761,37786.18,4.23701373,40916.84159,48.19701086,9657,28.55039765,40912.71983,122.348167,1433,0.909883423,42688.76,4.65985278,45051.45667,54.69177531,9668,110.9527455,45046.81468,244.0790293,406
"KCAE20130820_112735",92910.23,"2013","08","20",0.49878447,45989.15,5.152142272,49785.15077,51.73352248,9663,28.41391888,49781.18588,118.7720013,1752,0.878799683,46921.08,5.047912022,48788.06969,55.75915862,9665,118.694481,48783.43171,244.4612759,411
"KCAE20130820_113139",89697.93,"2013","08","20",0.493430831,43371.85,4.721475496,45581.12443,51.39356508,9654,35.71859364,45576.92549,137.4379609,1276,0.909162091,46326.08,4.893444707,47339.1841,51.07012991,9674,120.7513573,47334.53208,224.7172514,392
"KCAE20130820_113449",84437.21,"2013","08","20",0.498388422,45576.54,4.953077575,47876.44784,52.75986605,9666,36.99555788,47872.2519,140.0740126,1294,0.879107573,38860.67,4.070962307,39321.42493,46.73466972,9659,116.3217555,39316.75336,222.482644,338
"KCAE20130820_113840",87145.33,"2013","08","20",0.49385085,44227.54,4.72838021,45704.52311,52.97208551,9666,42.83056551,45700.2134,154.2978309,1067,0.879767928,42917.79,4.455325591,43100.81977,50.17580567,9674,149.1215091,43096.11613,250.8203631,289
"KCAE20130820_114232",74886.93,"2013","08","20",0.494824253,38560.64,4.031846055,38879.0915,45.11207598,9643,42.95548302,38874.71213,141.5359053,905,0.889475448,36326.29,3.709315692,35854.24548,44.40097999,9666,122.7724224,35849.54735,225.4106175,292
"KCAE20130820_114623",71649.57,"2013","08","20",0.504751861,37269.03,3.871394456,37382.18487,45.17174569,9656,41.80961238,37377.79347,143.0857672,894,0.879530046,34380.54,3.480391717,33575.33889,44.31518385,9647,127.161501,33570.63626,237.1497438,264
"KCAE20130820_115014",64064.56,"2013","08","20",0.489630858,31816.42,3.283175116,31666.22399,44.64645827,9645,40.69637528,31661.77997,152.3682266,778,0.878633246,32248.14,3.274481917,31526.71189,44.36686558,9628,124.5929378,31522.01326,244.9957954,253
"KCAE20130820_115351",78097.48,"2013","08","20",0.492737558,35291.87,3.656115263,35212.04609,47.43354082,9631,46.32578955,35207.60006,162.9950624,760,0.920418664,42805.61,4.348051222,41954.34624,52.64014415,9649,154.7957421,41949.64611,275.0303294,271
"KCAE20130820_115727",81770.3,"2013","08","20",0.495951432,38968.18,4.020227513,38742.93254,50.60838694,9637,46.17225637,38738.5231,165.8381427,839,0.919644984,42802.12,4.347786161,41899.61523,52.08845178,9637,169.6150165,41894.90908,279.5221363,247
"KCAE20130820_120104",92548.01,"2013","08","20",0.493534782,50265.58,5.154655379,49752.73372,55.24133366,9652,68.8081032,49748.25861,190.8009586,723,0.87878138,42282.43,4.284762577,41373.66744,48.25141035,9656,158.5017578,41368.95879,248.8356049,261
"KCAE20130820_120509",93476.12,"2013","08","20",0.500360877,44712,4.566639727,43995.00713,49.76158133,9634,68.73515539,43990.49945,181.4158988,640,0.878786548,48764.12,4.983278636,48023.85621,56.68641258,9637,181.2043739,48019.15909,291.9492298,265
"KCAE20130820_120846",94689.73,"2013","08","20",0.498252186,47088.64,4.793826635,46130.99371,51.4008457,9623,71.18286351,46126.49556,185.8998068,648,0.880908156,47601.09,4.81777781,46289.2092,50.83507099,9608,172.0614446,46284.52861,252.4926506,269
"KCAE20130820_121429",91429.54,"2013","08","20",0.501436545,38692.44,3.968825671,37997.53697,44.98321242,9574,46.67462724,37993.14657,147.7521347,814,0.879198409,52737.1,5.371483642,51507.15664,55.24895148,9589,169.4161287,51502.50312,262.1199026,304
"KCAE20130820_121819",108775.32,"2013","08","20",0.495808654,51558.93,5.264855451,50442.58007,53.89613808,9581,76.77033102,50438.10748,192.1530224,657,0.878979041,57216.39,5.825780186,55834.27731,58.92529373,9584,193.1820719,55829.61877,281.4520625,289
"KCAE20130820_122209",152750,"2013","08","20",0.502744601,73709.04,7.603594834,72865.2493,70.52414654,9583,89.07195158,72860.85639,225.9801004,818,0.87907232,79040.96,8.050714915,77359.31962,70.47456022,9609,231.6008117,77354.67111,302.2791177,334
"KCAE20130820_122559",154366.42,"2013","08","20",0.493568145,75811.41,7.791912024,74794.56352,69.55720948,9599,106.8430049,74790.10345,236.2955903,700,0.879498622,78555.01,8.062422723,77455.6951,73.16219961,9607,226.4650632,77451.0516,318.0891954,342
"KCAE20130820_122949",157263.95,"2013","08","20",0.496368853,81015.02,8.320127037,79989.70134,73.91484254,9614,85.36323643,79985.35254,222.5469749,937,0.879110661,76248.93,7.73715855,74539.78547,66.96606639,9634,206.4685262,74535.13796,280.8039643,361
"KCAE20130820_123341",120582.61,"2013","08","20",0.496600764,61673.34,6.302160522,60614.1799,59.25757168,9618,80.92087433,60609.73487,197.7382691,749,0.878807618,58909.27,5.96846727,57506.18214,56.58658302,9635,148.9677375,57501.54666,242.4218449,386
"KCAE20130820_123731",121710.78,"2013","08","20",0.495378137,66019.74,6.73624976,64964.39268,58.10888924,9644,65.74904292,64960.0544,170.604514,988,0.879145219,55691.04,5.656811912,54548.63727,55.22556578,9643,135.6816065,54544.0058,235.8976764,402
"KCAE20130820_124148",117191.8,"2013","08","20",0.531479883,59997.88,6.172111766,59425.09208,60.14270598,9628,100.2033117,59420.56385,222.223472,593,0.920253182,57193.92,5.904602737,56902.65657,59.89214779,9637,150.9231182,56898.01558,264.5437766,377
"KCAE20130820_124539",146595.48,"2013","08","20",0.493496844,65798.94,6.909071292,66679.44704,63.80803492,9651,98.63158119,66674.94888,221.6907347,676,0.919295309,80796.54,8.44252631,81706.76963,72.91110634,9678,216.1431444,81702.10859,302.3939745,378
"KCAE20130820_124944",143300.78,"2013","08","20",0.492767321,74785.32,7.903523855,76284.81225,69.88387465,9652,77.52080077,76280.46795,206.2668333,984,0.919451249,68515.46,7.188195123,69430.77669,64.20372837,9659,193.3875088,69426.11565,274.0364592,359
"KCAE20130820_125335",146117.54,"2013","08","20",0.500492383,72311.89,7.62119986,73719.86625,65.84273759,9673,112.1999202,73715.34754,228.4013616,657,0.879383251,73805.65,7.688559658,74463.70028,63.88578973,9685,181.6074433,74459.05177,254.9002457,410
"KCAE20130820_125725",129726.53,"2013","08","20",0.495490945,69355.24,7.225106749,69946.25843,61.91661372,9681,113.7263653,69941.71467,219.7905772,615,0.879246881,60371.29,6.252474196,60598.97991,56.18057926,9692,145.6594493,60594.33089,230.9751355,416
"KCAE20130821_100029",470.27,"2013","08","21",0.499490699,461.95,0.083721456,818.2935064,0.670139229,9774,2.414135912,813.5638024,2.724107528,337,0.879383146,8.32,0.001338358,13.06504639,0.029883696,9762,1.022058264,8.176466115,0.231494581,8
"KCAE20130821_100340",684.95,"2013","08","21",0.503909978,664.91,0.115334618,1127.165223,0.733097582,9773,2.456227928,1122.496163,2.39914026,457,0.878131148,20.04,0.003143641,30.72280067,0.088989281,9773,1.845122461,25.83171446,1.514464173,14
"KCAE20130821_100651",362.9,"2013","08","21",0.495605469,347.6,0.063240905,618.1166016,0.542526778,9774,2.246720958,613.3548216,2.377583478,273,0.874368431,15.3,0.002426832,23.71500574,0.056459257,9772,1.447993809,18.82391952,0.573344568,13
"KCAE20130821_101002",493.04,"2013","08","21",0.495231251,480.41,0.089516578,874.8455203,0.786671623,9773,2.410327828,870.1283461,3.345162492,361,0.877936422,12.63,0.00252946,24.73558775,0.061504836,9779,1.417249601,19.84149442,0.828735008,14
"KCAE20130821_101313",784.77,"2013","08","21",0.4986714,773.23,0.151507293,1480.983789,0.765762655,9775,2.347217695,1476.39993,1.99136082,629,0.878685658,11.54,0.002222709,21.72475843,0.057433247,9774,1.20236936,16.83317103,0.962494702,14
"KCAE20130821_101531",148.72,"2013","08","21",0.532018813,140.53,0.031483628,307.6894921,0.37382461,9773,2.63346979,302.8490258,2.251174281,115,0.87890625,8.19,0.001550878,15.15672822,0.056385061,9773,2.565157534,10.26063013,1.260792919,4
"KCAE20130822_100442",7133.56,"2013","08","22",0.482329136,7053.74,1.154958905,11290.87825,3.497691912,9776,4.077805612,11287.36593,5.59436851,2768,1.508604721,79.82,0.007835975,76.58881771,0.212501519,9774,3.414320887,71.70073862,3.139320864,21
"KCAE20130822_100937",5075.31,"2013","08","22",0.518448838,5023.56,0.847271695,8279.539002,2.620706005,9772,3.393138088,8275.863796,4.345708438,2439,1.503378361,51.75,0.00479508,46.84793442,0.123533007,9770,2.997025127,41.95835177,1.345958017,14
"KCAE20130822_101433",5282.39,"2013","08","22",0.486796251,5226.08,0.905522112,8848.762077,3.043806136,9772,3.809228351,8845.028232,5.28571618,2322,1.49392723,56.31,0.005368243,52.44236533,0.131220314,9769,2.377814549,47.55629099,1.707444798,20
"KCAE20130822_101931",4933.64,"2013","08","22",0.482795488,4736.84,0.80276238,7843.791214,2.890385933,9771,3.89657182,7839.902503,5.341159046,2012,1.503193413,196.8,0.017544119,171.4586755,0.296134598,9773,3.470513119,166.5846297,2.44876819,48
"KCAE20130822_102428",5866.37,"2013","08","22",0.481409407,5455.95,0.928876064,9076.048017,7.392070464,9771,4.767264675,9072.104676,16.1980486,1903,1.450191377,410.42,0.035845318,350.2446029,0.585953686,9771,4.864550518,345.3830868,4.908982073,71
"KCAE20130822_102924",5226.24,"2013","08","22",0.490798334,4497.39,0.846457812,8274.125113,12.78924881,9775,5.217678479,8270.020389,31.40779932,1585,1.493900215,728.85,0.061792997,603.5939961,0.714227666,9768,4.948421842,598.7590429,4.139984398,121
"KCAE20130822_103421",6518.97,"2013","08","22",0.493436554,5626.64,1.073131192,10490.93054,6.999203893,9776,6.061790742,10486.89798,15.70688017,1730,1.503678648,892.33,0.076665601,749.4829116,0.753464135,9776,4.773471093,744.6614905,3.63866754,156
"KCAE20130822_103917",10100.99,"2013","08","22",0.487200986,8781.54,1.714586776,16754.94197,10.05184522,9772,8.396513402,16751.04424,20.95195929,1995,1.499921261,1319.45,0.111542609,1090.217458,0.944171615,9774,5.320691647,1085.421096,3.881655281,204
"KCAE20130822_104414",20109.12,"2013","08","22",0.481160201,18014.94,3.167912587,30963.17762,12.45647009,9774,10.12089315,30959.81215,20.62751669,3059,1.494664198,2094.18,0.17716771,1731.460027,1.33536263,9773,6.166793772,1726.702256,5.038882919,280
"KCAE20130822_104911",26945.49,"2013","08","22",0.483361899,25483.74,4.0918645,39985.6999,12.39247845,9772,10.00070186,39982.80604,17.78535763,3998,1.500489074,1461.75,0.124569437,1217.292537,0.917917958,9772,4.524362886,1212.529254,3.294813304,268
"KCAE20130822_105408",27990.33,"2013","08","22",0.481573938,24905.96,3.736524917,36528.26759,9.546229812,9776,8.454984516,36525.53311,12.89768306,4320,1.499028872,3084.37,0.265095082,2590.244047,2.181604414,9771,7.764305833,2585.513842,9.03661479,333
"KCAE20130822_105906",28990.61,"2013","08","22",0.526973661,25143.11,3.817646702,37313.67887,9.771068976,9774,8.849832369,37310.89327,13.2975852,4216,1.493070495,3847.5,0.327917165,3204.078622,3.180907514,9771,8.717617051,3199.365458,14.0271374,367
"KCAE20130822_110402",33817.18,"2013","08","22",0.480219575,28356.15,4.205417277,41095.33764,9.144318336,9772,9.172474409,41092.68535,11.69816847,4480,1.500510501,5461.03,0.458519579,4477.443689,5.293930568,9765,13.9336775,4472.710476,25.822388,321
"KCAE20130822_110901",32232.3,"2013","08","22",0.493790067,25260.03,3.814772953,37262.7022,9.351831283,9768,8.669139299,37259.96071,12.51786732,4298,1.500700734,6972.27,0.582908263,5699.094084,6.978873106,9777,19.17287148,5694.342829,35.36880953,297
"KCAE20130822_111358",37908.42,"2013","08","22",0.480426067,26534.32,3.813168586,37247.03075,8.523332473,9768,8.437776935,37244.34739,11.03436815,4414,1.451353039,11374.1,0.946208031,9252.968333,13.05838588,9779,28.19582809,9248.231612,65.78977591,328
"KCAE20130822_111854",38735.8,"2013","08","22",0.527577292,22922.21,3.057382824,29879.80234,11.23796795,9773,7.439471366,29876.91701,16.57625274,4016,1.449685438,15813.59,1.316153503,12868.0328,19.39946167,9777,34.76572467,12863.31813,93.83178309,370
"KCAE20130822_112352",37127.22,"2013","08","22",0.527145517,24123.33,3.103813474,30318.05001,18.29772371,9768,8.273742021,30314.99077,29.15377685,3664,1.500857427,13003.89,1.084471004,10598.53512,19.59042423,9773,28.7875583,10593.82145,97.05286417,368
"KCAE20130822_112850",29937.01,"2013","08","22",0.482190695,22558.54,3.140719272,30691.10872,11.77315741,9772,8.493778553,30688.02191,18.1514652,3613,1.501656625,7378.47,0.625398416,6111.393321,6.3036835,9772,12.77559683,6106.735287,25.65982432,478
"KCAE20130822_113347",24277.44,"2013","08","22",0.48251617,16908.9,2.568099521,25095.46852,8.688167625,9772,7.362757911,25092.27896,13.46004704,3408,1.49219026,7368.54,0.628613357,6145.324174,7.17114699,9776,12.73997124,6140.66614,29.84066866,482
"KCAE20130822_113843",19557.02,"2013","08","22",0.482436529,14305.05,2.20590798,21553.92687,9.14969705,9771,6.602532367,21550.66565,14.88717062,3264,1.50174635,5251.97,0.457934882,4475.397604,4.609830899,9773,9.256193737,4470.741575,18.68763065,483
"KCAE20130822_114340",16550.16,"2013","08","22",0.482956084,11026.78,1.630870399,15938.49641,6.70504813,9773,5.500535122,15935.05025,11.41973962,2897,1.50212171,5523.38,0.484052142,4728.705374,4.853797486,9769,9.262872317,4724.064882,19.25214039,510
"KCAE20130822_114836",10991.43,"2013","08","22",0.482067588,8158.26,1.267618125,12387.16432,5.598891185,9772,5.03189766,12383.50014,10.27442391,2461,1.502535536,2833.17,0.252041852,2462.700937,2.232436447,9771,5.824680895,2458.015338,9.11721032,422
"KCAE20140626_100024",6734.48,"2014","06","26",0.54372598,6518.6,1.067654264,10220.65427,2.137293053,9573,2.48853246,10217.91428,2.66751172,4106,1.549787817,215.88,0.049371316,472.6316044,0.200179728,9573,0.724702022,468.157506,0.323800025,646
"KCAE20140626_101005",13342.65,"2014","06","26",0.543898978,12980.41,2.000881189,19156.43651,2.961100272,9574,3.312787271,19154.536,3.189565582,5782,1.547060745,362.24,0.082827433,792.9070185,0.286388582,9573,0.867507956,788.5647324,0.428431228,909
"KCAE20140626_101946",15818.81,"2014","06","26",0.540598183,15079.36,2.25303702,21559.31124,3.062069157,9569,3.573270188,21557.53905,3.186695796,6033,1.550095384,739.45,0.163968985,1569.675092,0.467443431,9573,1.101751875,1565.589414,0.662899675,1421
"KCAE20140626_102927",15068.91,"2014","06","26",0.540581455,13811.22,2.111417729,20212.60192,3.274056267,9573,3.59747592,20210.61972,3.594561731,5618,1.548993382,1257.69,0.264054872,2528.325395,0.601218976,9575,1.199895925,2524.581026,0.722914489,2104
"KCAE20140626_103908",14988.38,"2014","06","26",0.543681811,12972.45,2.012823247,19270.76977,3.247667928,9574,3.747286757,19268.5485,3.624937622,5142,1.548994505,2015.93,0.402330221,3851.104878,0.803925477,9572,1.389059857,3847.695803,0.929131101,2770
"KCAE20140626_104848",11537.71,"2014","06","26",0.541278644,9831.33,1.589664999,15217.86304,2.680808973,9573,3.448612061,15215.27641,3.030531607,4412,1.549834822,1706.38,0.348361888,3333.823264,0.745829505,9570,1.371599582,3330.243785,0.888622849,2428
"KCAE20140626_105829",10745.19,"2014","06","26",0.54392281,9067.73,1.447249573,13853.07292,2.411213384,9572,3.26891647,13850.39908,2.67972356,4237,1.549460454,1677.46,0.339926554,3254.116902,0.706185339,9573,1.318683352,3250.554464,0.804119266,2465
"KCAE20140626_110810",9806.42,"2014","06","26",0.540013439,8115.65,1.317170215,12606.63613,2.226559841,9571,3.024700675,12603.92771,2.49463699,4167,1.548508481,1690.77,0.339017992,3243.724152,0.698485458,9568,1.283753482,3240.193789,0.79824309,2524
"KCAE20140626_111751",9444.66,"2014","06","26",0.543516217,8040.83,1.252292498,11986.94379,2.131611093,9572,2.8656725,11984.24239,2.403687849,4182,1.549585887,1403.83,0.284356141,2721.856986,0.588017693,9572,1.167623018,2718.226385,0.625151881,2328
"KCAE20140626_112733",8854,"2014","06","26",0.543504706,7217.79,1.147751407,10985.12872,2.127435393,9571,2.806617173,10982.293,2.532949781,3913,1.54840907,1636.21,0.324567093,3107.72992,0.658262075,9575,1.249668278,3104.176002,0.71741885,2484
"KCAE20140626_113715",8357.68,"2014","06","26",0.544012929,6858.41,1.090079866,10433.1544,2.099370316,9571,2.558979483,10430.40037,2.567383135,4076,1.549416808,1499.27,0.302034847,2891.681627,0.659789132,9574,1.275626302,2888.017948,0.774279918,2264
"KCAE20140626_114657",7899.28,"2014","06","26",0.544098933,6284.46,1.011933833,9688.254516,1.749408318,9574,2.448909822,9685.438345,1.972406852,3955,1.54857912,1614.82,0.34220574,3276.277753,0.846048127,9574,1.657785578,3272.46873,1.136510275,1974
"KCAE20140626_115637",8985.1,"2014","06","26",0.540183712,6986.23,1.10938454,10615.70066,12.65569412,9569,2.727539172,10612.85492,19.73672398,3891,1.549785596,1998.87,0.417091517,3992.400001,1.000786451,9572,1.848324466,3988.684199,1.340996502,2158
"KCAE20140626_120618",8237.4,"2014","06","26",0.539542236,5955.64,0.970195527,9285.741388,1.934411427,9571,2.403023715,9282.880611,2.414377321,3863,1.548989897,2281.76,0.479459175,4588.424307,1.117052125,9570,2.108885707,4584.717526,1.43449794,2174
"KCAE20140626_121600",8621.9,"2014","06","26",0.544371124,5888.62,0.944084332,9039.607478,1.72739151,9575,2.399547552,9036.696081,2.023622064,3766,1.549350913,2733.28,0.563375986,5392.071561,1.231387311,9571,2.233105703,5388.484063,1.51222754,2413
"KCAE20140626_122541",9119.75,"2014","06","26",0.539826884,6115.09,0.955722483,9149.131325,1.624199365,9573,2.330861396,9146.300119,1.797584757,3924,1.549604371,3004.66,0.608672872,5828.042753,1.184589707,9575,2.168499655,5824.590075,1.273054111,2686
"KCAE20140626_123522",9451.31,"2014","06","26",0.539946812,6003.26,0.887695541,8497.909419,1.468341565,9573,2.151200492,8495.090742,1.58405184,3949,1.550775893,3448.05,0.692182981,6624.191125,1.294290493,9570,2.304502149,6620.834674,1.365779513,2873
"KCAE20140626_124504",10558.6,"2014","06","26",0.543872293,7044.43,0.99580996,9534.880364,1.808528856,9575,2.336878117,9532.125839,2.131867005,4079,1.549668525,3514.17,0.685533104,6561.922872,1.196471382,9572,2.085437756,6558.701742,1.199283463,3145
"KCAE20140626_125445",10198.45,"2014","06","26",0.541187132,6833.08,0.965594458,9242.67015,1.774280231,9572,2.339795385,9239.851974,2.101495574,3949,1.549390007,3365.37,0.642226569,6145.466039,1.041814913,9569,1.862438779,6142.323094,0.936565361,3298
"KCAE20140627_100009",5699.75,"2014","06","27",0.545900535,5691.28,0.823661471,7885.734927,2.571645146,9574,3.186005052,7882.176498,4.251124514,2474,1.494816075,8.47,0.001624919,15.54722574,0.028950862,9568,0.717292273,10.7593841,0.152091194,15
"KCAE20140627_100504",9829.91,"2014","06","27",0.549154303,9818.34,1.387881846,13286.19291,2.711754157,9573,3.6532501,13283.21737,3.329725651,3636,1.493760303,11.57,0.002404023,23.02092064,0.035127654,9576,0.628830556,18.23608612,0.119616622,29
"KCAE20140627_100959",13303.21,"2014","06","27",0.54724241,13295.2,1.915920142,18339.1876,3.604807274,9572,4.447357902,18336.45663,4.348905187,4123,1.492772069,8.01,0.001464965,14.02118137,0.025481866,9571,0.65938107,9.23133498,0.105690901,14
"KCAE20140627_101453",15160.16,"2014","06","27",0.548487926,15147.2,2.157062025,20645.24064,3.812548576,9571,4.776170733,20642.60991,4.436427023,4322,1.494668118,12.96,0.002678512,25.61996802,0.040598582,9565,0.694704925,20.84114775,0.215885854,30
"KCAE20140627_101948",16209.3,"2014","06","27",0.549818889,16196.87,2.277505677,21798.00683,3.981990927,9571,4.894552382,21795.44176,4.612341369,4453,1.496412521,12.43,0.002505724,23.99481071,0.039256541,9576,0.738787409,19.20847263,0.157803774,26
"KCAE20140627_102443",16288.53,"2014","06","27",0.546230411,16259.17,2.293198078,21952.7852,4.154771463,9573,5.065810982,21950.15898,4.908671833,4333,1.495736507,29.36,0.006210607,59.42929824,0.066572672,9569,0.738790885,54.67052546,0.180609233,74
"KCAE20140627_102938",14126.78,"2014","06","27",0.548531914,14104.73,2.033361667,19463.33787,3.724660713,9572,4.755765242,19460.59137,4.416735999,4092,1.496017963,22.05,0.004631502,44.34199806,0.058710124,9574,0.775866511,39.56919204,0.223586078,51
"KCAE20140627_103433",12384.18,"2014","06","27",0.545391693,12342.67,1.795983061,17187.55789,3.387026015,9570,4.48335053,17184.68258,4.073907807,3833,1.499379901,41.51,0.008968598,85.86535402,0.084663912,9574,0.795275574,81.11810855,0.219709874,102
"KCAE20140627_103928",10397.93,"2014","06","27",0.545920413,10342.79,1.547940583,14815.33932,3.194591862,9571,4.236926375,14812.29461,4.068107722,3496,1.495009945,55.14,0.011686274,111.8376397,0.099550033,9570,0.830278535,107.105931,0.237296447,129
"KCAE20140627_104422",8564.5,"2014","06","27",0.549265066,8496.76,1.293519609,12386.74377,2.505180721,9576,3.746929147,12383.60083,2.99889273,3305,1.494495893,67.74,0.013520162,129.401472,0.107705185,9571,0.831198581,124.6797871,0.247529997,150
"KCAE20140627_104916",7934.97,"2014","06","27",0.547336112,7868.83,1.236818132,11836.34952,2.494211027,9570,3.715274551,11833.14944,3.080046436,3185,1.494418669,66.14,0.01336732,127.9519865,0.10741443,9572,0.844025998,123.2277956,0.236780135,146
"KCAE20140627_105411",7334.73,"2014","06","27",0.547902231,7248.96,1.154558188,11052.58553,2.416898486,9573,3.622726653,11049.31629,3.06516432,3050,1.493929968,85.77,0.018104438,173.2594673,0.135680813,9570,0.864414548,168.560837,0.416083844,195
"KCAE20140627_105906",5479.98,"2014","06","27",0.547668227,5421.56,0.922573004,8830.868795,2.02018778,9572,3.219345619,8827.445687,2.618187059,2742,1.49462589,58.42,0.011638959,111.3964793,0.104510165,9571,0.860175512,106.6617635,0.33825778,124
"KCAE20140627_110401",6441.44,"2014","06","27",0.546957725,6386.04,1.03037937,9863.821712,2.186979166,9573,3.374568212,9860.488316,2.785882474,2922,1.494879074,55.4,0.011905407,113.9347465,0.101760376,9570,0.814966745,109.2055438,0.293332475,134
"KCAE20140627_110855",5510.44,"2014","06","27",0.547658472,5461.34,0.89358708,8553.415528,1.901108611,9572,3.153809252,8549.976882,2.373738968,2711,1.498863977,49.1,0.010459683,100.0887072,0.092904188,9569,0.808067684,95.35198666,0.237091912,118
"KCAE20140627_111349",5284.67,"2014","06","27",0.548072238,5225.04,0.8705178,8332.59638,1.79264479,9572,3.028791738,8329.17728,2.156437151,2750,1.495573001,59.63,0.012704146,121.6549068,0.100481174,9576,0.784766542,116.9302148,0.2088239,149
"KCAE20140627_111843",4666.07,"2014","06","27",0.549661953,4611.29,0.776144096,7427.699002,1.697647599,9570,2.913728283,7424.179665,2.144271249,2548,1.491650459,54.78,0.011789487,112.8961227,0.099531064,9576,0.819415989,108.1629105,0.240106377,132
"KCAE20140627_112338",4319.89,"2014","06","27",0.547894484,4238.23,0.716410072,6858.193619,1.653027614,9573,2.906945527,6854.577554,2.17429797,2358,1.493816772,81.66,0.016256011,155.6513036,0.121642607,9575,0.852774836,150.941146,0.296521946,177
"KCAE20140627_112832",3955.67,"2014","06","27",0.547973384,3876,0.659738756,6315.679113,1.544071136,9573,2.786762224,6312.016436,2.037387468,2265,1.492512872,79.67,0.015648868,149.8222643,0.139195443,9574,0.906900548,145.1040876,0.59467045,160
"KCAE20140627_113327",2760.91,"2014","06","27",0.547451967,2684.32,0.488149374,4672.077658,1.274620341,9571,2.45825832,4668.232549,1.829525434,1899,1.494672046,76.59,0.015732473,150.6698935,0.11717289,9577,0.85354226,145.9557264,0.233417397,171
"KCAE20140627_113821",3203.02,"2014","06","27",0.547461244,3135.37,0.542499487,5191.720086,1.388449075,9570,2.569557019,5187.935622,1.982684917,2019,1.496643883,67.65,0.01338578,128.1286874,0.108891704,9572,0.851062037,123.4039954,0.265825301,145
"KCAE20140627_114315",3028.86,"2014","06","27",0.54652533,2923.04,0.503079391,4813.463615,1.454798449,9568,2.641175683,4809.580918,2.34011501,1821,1.496532976,105.82,0.021279942,203.6064846,0.137868591,9568,0.861155408,198.9268994,0.254272549,231
"KCAE20140627_114811",2652.79,"2014","06","27",0.547537974,2531.56,0.436615342,4177.972204,1.250216043,9569,2.534305889,4174.001798,1.940978387,1647,1.493814225,121.23,0.024380536,233.4680134,0.149137319,9576,0.869963714,228.8004567,0.273569956,263
"KCAE20140627_115305",2420.34,"2014","06","27",0.548833674,2288.04,0.402961446,3856.341039,1.182995213,9570,2.435105914,3852.337555,1.876096626,1582,1.495603862,132.3,0.026434458,253.0570697,0.15577173,9573,0.887141203,248.3995367,0.258091969,280
"KCAE20140627_115759",2789.86,"2014","06","27",0.545261204,2615.67,0.446974014,4280.670129,1.381554871,9577,2.568591433,4276.704736,2.352102629,1665,1.491681783,174.19,0.033354332,319.3343785,0.190116656,9574,0.995868314,314.6943871,0.370604337,316
"KCAE20140627_120254",2459.21,"2014","06","27",0.547613244,2327.19,0.41171948,3940.567146,1.257486248,9571,2.525049156,3936.551634,2.091487375,1559,1.496684277,132.02,0.026198921,250.6974704,0.156473298,9569,0.894688859,246.0394362,0.274851074,275
"KCAE20140627_120748",1959.91,"2014","06","27",0.548051865,1798.4,0.32676016,3127.748254,1.033059778,9572,2.288377297,3123.63501,1.731258442,1365,1.49937818,161.51,0.032673207,312.8132858,0.174727811,9574,0.88560153,308.1893324,0.291805479,348
"KCAE20140627_121243",2568.68,"2014","06","27",0.549750878,2401.79,0.425780671,4075.146798,1.297233435,9571,2.555648667,4071.148327,2.161103665,1593,1.496008209,166.89,0.033843211,324.014898,0.177900995,9574,0.884757507,319.3974601,0.295088061,361
"KCAE20140627_121738",2288.03,"2014","06","27",0.548319971,2108.14,0.381852792,3655.476775,1.189849112,9573,2.482267951,3651.416156,2.000600361,1471,1.492820407,179.89,0.036606202,350.46778,0.189044306,9574,0.934742845,345.8548527,0.292911323,370
"KCAE20140627_122232",2194.81,"2014","06","27",0.546776772,2014.57,0.364806218,3490.8307,1.103186899,9569,2.376803054,3486.770081,1.777256854,1467,1.502838374,180.24,0.036600287,350.3013468,0.193135396,9571,0.947088814,345.6874172,0.341278274,365
"KCAE20140627_122727",1935.22,"2014","06","27",0.548687394,1730.98,0.328913294,3146.713488,1.05430266,9567,2.369972251,3142.583204,1.784690734,1326,1.496840164,204.24,0.042571049,407.6177906,0.210312828,9575,0.941666895,403.033431,0.378890972,428
"KCAE20140627_123222",1787.62,"2014","06","27",0.547631167,1498.14,0.285715571,2735.726592,0.968098612,9575,2.229829941,2731.541678,1.730082696,1225,1.49750148,289.48,0.054283012,519.6512763,0.25007105,9573,1.066450278,515.0954844,0.400912666,483
"KCAE20140627_123717",1998.4,"2014","06","27",0.549973428,1784.31,0.329468697,3154.003835,1.142163231,9573,2.375467982,3149.870544,2.1357255,1326,1.494356206,214.09,0.044706855,427.7551931,0.225302011,9568,0.993364647,423.1733394,0.445596258,426
"KCAE20140627_124212",2088.43,"2014","06","27",0.547641304,1799.69,0.330295582,3160.598421,1.010663015,9569,2.256257127,3156.503721,1.625789333,1399,1.493526798,288.74,0.060802825,581.943841,0.256240031,9571,1.002492468,577.4356618,0.384171275,576
"KCAE20140627_124707",2019.79,"2014","06","27",0.547690152,1699.95,0.308583795,2953.455506,0.99235211,9571,2.249668726,2949.315699,1.680735543,1311,1.502878784,319.84,0.067519321,646.2949375,0.268543682,9572,1.012327013,641.815326,0.364558668,634
"KCAE20140627_125202",2109.76,"2014","06","27",0.550159919,1743.21,0.319812145,3061.561668,1.013568507,9573,2.341055401,3057.418353,1.673561493,1306,1.497934139,366.55,0.077513308,742.0348995,0.300218405,9573,1.065872624,737.5838557,0.44049655,692
"KCAE20140627_125656",2069.18,"2014","06","27",0.546197625,1703.33,0.309228288,2959.623941,1.014211286,9571,2.368151089,2955.452559,1.736484279,1248,1.511092141,365.85,0.077631727,742.6251042,0.300894853,9566,1.060602835,738.1795734,0.449983077,696
"KCAE20140628_100354",85.22,"2014","06","28",0.547488318,37.01,0.006141634,58.75086866,0.093334401,9566,1.420409387,53.9755567,0.435416247,38,1.500060818,48.21,0.01120961,107.3544304,0.091279008,9577,0.73303376,102.6247264,0.203556631,140
"KCAE20140628_100943",427.72,"2014","06","28",0.550000899,267.32,0.028202847,269.901246,0.564785147,9570,5.002480133,265.1314471,5.774006854,53,1.499484581,160.4,0.03604571,345.0295391,0.216762355,9572,0.935204964,340.4146071,0.629353859,364
"KCAE20140628_101533",992.74,"2014","06","28",0.548032927,738.53,0.077442068,741.2754746,1.790094926,9572,11.15926044,736.5111887,18.6085907,66,1.493093406,254.21,0.056806416,543.8078158,0.245820458,9573,0.989510271,539.2830975,0.372978039,545
"KCAE20140628_102122",6285.76,"2014","06","28",0.546675462,5941.24,0.498829264,4772.798395,12.95107672,9568,20.03412739,4768.122318,79.86096205,238,1.495520511,344.52,0.074144394,710.155003,0.280615839,9578,1.003850592,705.7069663,0.374338311,703
"KCAE20140628_102710",10268.34,"2014","06","28",0.545451378,9844.08,0.82653768,7905.832912,18.63210404,9565,22.44663487,7901.215474,94.72365064,352,1.497750878,424.26,0.087607779,838.3188353,0.305091054,9569,1.014519405,833.9349505,0.379101728,822
"KCAE20140628_103259",6210.83,"2014","06","28",0.549759005,5644.57,0.501827582,4801.988137,5.448263752,9569,10.97805788,4797.411295,23.15464476,437,1.495110766,566.26,0.112535286,1077.187753,0.368744459,9572,1.089222394,1072.884058,0.508067735,985
"KCAE20140628_103848",18657.52,"2014","06","28",0.547252094,18026.28,1.39334096,13338.45301,27.55034179,9573,32.92310647,13333.85812,130.1650245,405,1.501014685,631.24,0.127391566,1219.26468,0.395261802,9571,1.123968178,1215.0096,0.513547022,1081
"KCAE20140628_104436",17894.91,"2014","06","28",0.548340877,17258.9,1.314727057,12577.99375,23.6702198,9567,33.52903157,12573.38684,115.0981327,375,1.50359728,636.01,0.126382526,1209.733535,0.395570196,9572,1.1491534,1205.461917,0.503097341,1049
"KCAE20140628_105024",17972.31,"2014","06","28",0.549520325,16768.5,1.255675967,12008.02927,25.35734959,9563,45.29573295,12003.36923,145.8997253,265,1.500146549,1203.81,0.171927363,1645.688721,1.997777474,9572,1.421186345,1641.470228,5.596875044,1155
"KCAE20140628_105613",9121.66,"2014","06","28",0.54760755,8463.45,0.63170347,6039.085178,12.45192314,9560,27.18200492,6034.405091,77.34024132,222,1.502372333,658.21,0.128142494,1225.939241,0.39803928,9567,1.13119043,1221.685664,0.5190758,1080
"KCAE20140628_110203",9666.28,"2014","06","28",0.546784742,8939.46,0.664018232,6355.98252,14.87447954,9572,43.20584238,6351.25883,112.4872627,147,1.504921239,726.82,0.142122431,1360.538033,0.418041212,9573,1.138822067,1356.337082,0.519794883,1191
"KCAE20140628_110752",6467.36,"2014","06","28",0.548024167,5747.91,0.439557803,4207.88685,12.90500705,9573,24.72455404,4203.174187,93.96087845,170,1.495449191,719.45,0.13690524,1310.046246,0.413347143,9569,1.152531536,1305.81823,0.522550031,1133
"KCAE20140628_111343",4500.53,"2014","06","28",0.548852951,3796.2,0.296031659,2833.319012,11.13681944,9571,19.78037635,2828.593818,89.27892716,143,1.499151394,704.33,0.136035876,1301.999372,0.404424101,9571,1.123620242,1297.78138,0.496226059,1155
"KCAE20140628_111934",1210.05,"2014","06","28",0.547462105,466.71,0.043864225,419.7806356,0.969288339,9570,3.952732366,415.0368985,8.417099681,105,1.506586882,743.34,0.144148009,1380.073039,0.423665016,9574,1.137091826,1375.881109,0.540124418,1210
"KCAE20140628_112522",858.28,"2014","06","28",0.546701557,112.7,0.016406252,157.0078276,0.226312741,9570,1.750058265,152.2550691,1.621864162,87,1.504083751,745.58,0.145924761,1396.937733,0.417636771,9573,1.145353052,1392.749311,0.47851691,1216
"KCAE20140628_113110",1085.81,"2014","06","28",0.545377343,268.8,0.028300588,270.8366225,0.542215881,9570,3.023685968,266.0843652,4.814220245,88,1.493534419,817.01,0.149366962,1429.29246,0.438833114,9569,1.19254855,1425.095518,0.546455161,1195
"KCAE20140628_113659",1349.73,"2014","06","28",0.54510611,615.54,0.0573614,548.8338708,1.312431028,9568,4.423578515,544.1001573,10.75186984,123,1.494889458,734.19,0.143587781,1374.565831,0.429715411,9573,1.170243259,1370.354856,0.555655523,1171
"KCAE20140628_114248",1118.94,"2014","06","28",0.546751419,517.33,0.049064701,469.7454435,0.805076413,9574,3.577017164,465.0122313,5.948363013,130,1.498815182,601.61,0.119630561,1144.744841,0.366558306,9569,1.073899474,1140.481241,0.431758089,1062
"KCAE20140628_114837",5778.38,"2014","06","28",0.546145506,5170.88,0.406718454,3891.075452,13.60687339,9567,27.36867438,3886.351762,108.7105112,142,1.498479191,607.5,0.121770225,1165.341051,0.382916346,9570,1.120718069,1161.063919,0.485271296,1036
"KCAE20140628_115429",7246.5,"2014","06","28",0.547956317,6639.78,0.518145917,4958.656428,11.95815117,9570,38.4025172,4953.924719,96.04149695,129,1.496165616,606.72,0.116474368,1114.543229,0.361480479,9569,1.076880788,1110.264092,0.423146136,1031
"KCAE20140628_120018",10648.65,"2014","06","28",0.548466575,10095.13,0.793400921,7584.912803,17.83408961,9560,39.27574188,7580.218182,119.6475849,193,1.49532601,553.52,0.110629432,1059.166182,0.352051203,9574,1.056981964,1054.868001,0.435019736,998
"KCAE20140628_120608",8400.84,"2014","06","28",0.547752632,7870.02,0.62874451,6015.198729,12.70935762,9567,22.4273813,6010.538189,72.77681357,268,1.495964411,530.82,0.105376622,1008.665025,0.348413794,9572,1.056092839,1004.34429,0.467300435,951
"KCAE20140628_121157",11232.39,"2014","06","28",0.546929773,10670.46,0.872307118,8340.128353,19.50002079,9561,32.1832676,8335.466309,114.3605471,259,1.495913688,561.93,0.111722086,1068.845201,0.356989045,9567,1.070974369,1064.548523,0.446999158,994
"KCAE20140628_121746",14645.67,"2014","06","28",0.547040757,13584.3,1.072875102,10255.6131,24.71232603,9559,39.42674063,10250.95256,144.9790683,260,1.499924837,1061.37,0.143838302,1376.388708,1.767263469,9569,1.480105122,1372.057448,5.50379376,927
"KCAE20140628_122336",10647.52,"2014","06","28",0.546107608,8859.65,0.700456309,6697.062769,16.07349284,9561,20.91384781,6692.431298,85.54859061,320,1.495245971,1787.87,0.205108475,1963.708536,3.176324838,9574,1.981199033,1959.405844,9.707418854,989
"KCAE20140628_122925",8394.97,"2014","06","28",0.547185065,7465.6,0.588683571,5621.339424,16.57572856,9549,22.46671553,5616.678883,100.2102103,250,1.494881812,929.37,0.131428038,1257.503465,1.213356345,9568,1.392399082,1253.159174,3.729632174,900
"KCAE20140628_123514",13606.24,"2014","06","28",0.548361611,12940.68,0.994606108,9507.439783,22.98435309,9559,39.43057975,9502.76972,139.7029785,241,1.4988033,665.56,0.109920118,1052.045451,0.665945918,9571,1.219649718,1047.679108,1.895270397,859
"KCAE20140628_124106",11067.21,"2014","06","28",0.547556159,10597.16,0.818893184,7835.169988,20.42101323,9568,37.82839795,7830.478375,134.0158451,207,1.493437771,470.05,0.087386637,836.6396621,0.33805627,9574,1.105204103,832.2186895,0.57352886,753
"KCAE20140628_124654",3430.1,"2014","06","28",0.546609996,3003.12,0.243623406,2331.963242,5.343171326,9572,11.57844088,2327.266616,35.13325141,201,1.497542139,426.98,0.078760512,753.7380995,0.32023309,9570,1.168897034,749.2629987,0.507513636,641
"KCAE20140628_125244",1229.6,"2014","06","28",0.545883466,812.19,0.082224932,787.3859529,1.161999866,9576,3.590347902,782.6958427,6.850333286,218,1.492852133,417.41,0.081114281,776.3447809,0.308376261,9571,1.051656389,771.9157893,0.469024408,734
"KCAE20140628_125833",837.99,"2014","06","28",0.54779362,450.32,0.053962963,516.5334775,0.575751675,9572,2.665793444,511.8323413,3.100517375,192,1.496173302,387.67,0.073658424,705.0584348,0.286545391,9572,1.04410934,700.5973672,0.398297065,671
"KCAE20140629_100347",2464.47,"2014","06","29",0.552714642,2456.83,0.330845087,3168.172553,2.235242547,9576,6.430121479,3163.619768,7.62477653,492,0.929713428,7.64,0.000981848,9.400217512,0.02732164,9574,1.5344515,4.603354499,0.211161164,3
"KCAE20140629_100808",5138.59,"2014","06","29",0.551728592,4918.76,0.66415991,6360.659459,3.603129499,9577,7.356820156,6356.292615,9.734792352,864,0.909192124,219.83,0.033108572,316.8490343,0.3411164,9570,2.245484442,312.1223375,1.750931115,139
"KCAE20140629_101228",8294.83,"2014","06","29",0.551689393,6529.02,0.878936021,8413.175597,4.02123442,9572,7.32487247,8408.953596,9.363637066,1148,0.921978903,1765.81,0.255057384,2440.38905,1.355946428,9568,3.928878108,2435.904427,3.736442977,620
"KCAE20140629_101647",11371.27,"2014","06","29",0.555236249,8037.29,1.060255554,10148.76616,4.842387408,9572,6.808533939,10144.71557,10.56233861,1490,0.928472508,3333.98,0.473868739,4532.554487,2.217041883,9565,4.853406473,4528.228239,5.40030487,933
"KCAE20140629_102107",12396.88,"2014","06","29",0.552618274,8165.41,1.057349112,10119.88835,4.47426744,9571,6.25983998,10115.90141,9.275915764,1616,0.929960802,4231.47,0.593789042,5679.592186,2.536934176,9565,4.978394459,5675.369683,5.674248111,1140
"KCAE20140629_102528",10228.32,"2014","06","29",0.555206366,5824.14,0.755736049,7234.661198,2.830384341,9573,4.661921775,7230.640674,5.590361863,1551,0.919750111,4404.18,0.608591959,5826.659419,2.571884284,9574,4.401000849,5822.524123,5.5854374,1323
"KCAE20140629_102948",9038.13,"2014","06","29",0.550542692,4865.24,0.648717454,6205.631164,2.551425568,9566,4.392028671,6201.544483,5.261032503,1412,0.919649798,4172.89,0.578884487,5543.397845,2.882113103,9576,4.714202018,5539.187371,6.945369765,1175
"KCAE20140629_103407",6549.25,"2014","06","29",0.549637424,3396.68,0.463669173,4439.16866,1.810761672,9574,3.411555259,4435.021837,3.755056896,1300,0.930742928,3152.57,0.441039512,4221.189168,1.790334238,9571,3.751739893,4216.95564,3.858064796,1124
"KCAE20140629_103826",5937.69,"2014","06","29",0.554342098,2758.91,0.38030522,3639.901258,1.475517551,9571,3.166968431,3635.679758,3.055079007,1148,0.933750606,3178.78,0.429839982,4111.849264,1.747907835,9566,3.77536783,4107.600199,3.774039459,1088
"KCAE20140629_104246",4498.42,"2014","06","29",0.553584499,2097.39,0.306977247,2938.079226,1.159950528,9571,2.711483039,2933.824648,2.320961711,1082,0.927119624,2401.03,0.335880378,3215.382863,1.647845927,9573,3.482697497,3211.047092,4.153494739,922
"KCAE20140629_104706",3593.93,"2014","06","29",0.549971241,1890,0.292970391,2807.828228,1.097968405,9584,2.620150579,2803.56112,2.169068712,1070,0.916877453,1703.93,0.243600179,2332.958914,1.232348662,9577,3.024084361,2328.544958,3.239367155,770
"KCAE20140629_105126",2611.44,"2014","06","29",0.549218037,1586.12,0.248065035,2375.718836,1.018289408,9577,2.493581067,2371.395595,2.201804375,951,0.92100405,1025.32,0.15238554,1458.02485,0.94280424,9568,2.628402617,1453.506647,2.981127946,553
"KCAE20140629_105545",1715.9,"2014","06","29",0.549514968,1056.36,0.170030653,1627.533413,0.810173046,9572,2.551972962,1623.054804,1.950954872,636,0.929933796,659.54,0.096822315,926.7831999,0.719258001,9572,2.657520887,922.1597477,2.736214765,347
"KCAE20140629_110004",1519.13,"2014","06","29",0.554599842,915.65,0.152937333,1462.080902,0.738675937,9560,2.29183696,1457.608307,1.818018797,636,0.931040499,603.48,0.090032714,861.4330085,0.614731328,9568,2.360384518,856.81958,2.148138643,363
"KCAE20140629_110423",1118.43,"2014","06","29",0.556388604,838.02,0.135957681,1300.435221,0.735299631,9565,2.377824793,1295.914512,2.041062622,545,0.922573686,280.41,0.044048605,421.0165707,0.39459839,9558,2.061027044,416.327463,1.796321529,202
"KCAE20140629_110843",735.02,"2014","06","29",0.549772449,572.3,0.094053531,900.6566168,0.55979364,9576,2.113372055,896.0697512,1.678318328,424,0.918244087,162.72,0.024852724,237.9151255,0.310664642,9573,2.081905295,233.1733931,2.000638137,112
"KCAE20140629_111303",490.2,"2014","06","29",0.552797132,416.86,0.069272772,662.9404242,0.4924445,9570,2.116720037,658.2999316,1.771624383,311,0.929199914,73.34,0.010898847,104.3455567,0.153296716,9574,1.687741698,99.57676015,1.000339498,59
"KCAE20140629_111722",278.49,"2014","06","29",0.552218747,211,0.038110649,364.9094602,0.318777605,9575,1.885896959,360.2063192,1.272160257,191,0.926490698,67.49,0.011269677,107.7831872,0.164007022,9564,1.688859096,103.0204049,1.1864079,61
"KCAE20140629_112144",298.87,"2014","06","29",0.554939061,221.45,0.038532296,368.599946,0.341615526,9566,1.856652151,363.9038216,1.527197035,196,0.927653916,77.42,0.012944394,123.7742944,0.186517996,9562,1.525910701,119.0210347,1.407778042,78
"KCAE20140629_112603",251.46,"2014","06","29",0.553807055,206.08,0.035528306,339.8993016,0.307579884,9567,1.89374663,335.1931534,1.266477523,177,0.931405573,45.38,0.007863962,75.25811714,0.112021106,9570,1.236672333,70.49032299,0.773382938,57
"KCAE20140629_113022",242.43,"2014","06","29",0.555381201,196.21,0.035814243,342.957195,0.289828874,9576,1.725796218,338.2560588,1.09269557,196,0.918046048,46.22,0.00831468,79.63800732,0.11588708,9578,1.31344217,74.86620366,0.743359715,57
"KCAE20140629_113442",180.73,"2014","06","29",0.549155974,133.2,0.025047272,239.7023919,0.246088369,9570,1.678401402,234.9761963,1.172560564,140,0.899766839,47.53,0.008174414,78.2127937,0.119292462,9568,1.412374923,73.44349599,0.805035949,52
"KCAE20140629_113902",152.54,"2014","06","29",0.547524758,121.54,0.022167015,212.182663,0.238780404,9572,1.659583578,207.4479472,1.289300864,125,0.913645847,31,0.005457178,52.19791013,0.096653184,9565,1.317280472,47.42209698,0.880902067,36
"KCAE20140629_114322",137.08,"2014","06","29",0.553881993,102.46,0.01907774,182.6312015,0.21134163,9573,1.694152008,177.8859608,1.116536795,105,0.932811613,34.62,0.006592164,63.15952411,0.102243149,9581,1.389969026,58.37869909,0.688148023,42
"KCAE20140629_114742",189.69,"2014","06","29",0.55318389,140.53,0.023557822,225.4719122,0.260671296,9571,1.685043547,220.7407047,1.477077436,131,0.913215551,49.16,0.009382354,89.73283374,0.140778451,9564,1.370492785,84.97055265,1.100767219,62
"KCAE20140629_115203",131.4,"2014","06","29",0.555125655,101.06,0.019008356,181.8529421,0.192716973,9567,1.488384244,177.1177251,0.897806887,119,0.926141778,30.34,0.005554406,53.15011,0.085128299,9569,1.179873123,48.37479804,0.560230838,41
"KCAE20140629_115623",127.76,"2014","06","29",0.546724929,90.44,0.017406171,166.7511202,0.180097062,9580,1.459507913,162.0053783,0.837454978,111,0.929955099,37.32,0.006769086,64.81399491,0.108625823,9575,1.429432786,60.03617701,0.820287505,42
"KCAE20140629_120043",105.32,"2014","06","29",0.551629892,85.42,0.016357986,156.3332745,0.180253597,9557,1.546862698,151.5925444,0.899882568,98,0.917175675,19.9,0.003455309,33.08458346,0.070543209,9575,1.286215537,28.29674182,0.735485906,22
"KCAE20140629_120503",121.12,"2014","06","29",0.553296552,93.38,0.016451601,157.3266577,0.184792227,9563,1.556968577,152.5829205,0.971468537,98,0.930558814,27.74,0.004689692,44.87096856,0.084741531,9568,1.252863972,40.0916471,0.77627104,32
"KCAE20140629_120922",106.83,"2014","06","29",0.553915441,69.34,0.01460817,140.0046996,0.166193994,9584,1.536879837,135.2454257,0.822622461,88,0.928463245,37.49,0.007018928,67.17815975,0.106719448,9571,1.32776282,62.40485254,0.760483285,47
"KCAE20140629_121342",126.61,"2014","06","29",0.555710748,100.2,0.018577799,177.7895319,0.203583615,9570,1.587594491,173.0477995,1.076561583,109,0.929758493,26.41,0.004700201,44.97152229,0.070577901,9568,1.05776863,40.19520796,0.38015913,38
"KCAE20140629_121801",151.56,"2014","06","29",0.55463276,105.03,0.020326106,194.5005054,0.213846432,9569,1.694292659,189.7607778,1.03969957,112,0.922107792,46.53,0.007991303,76.46078974,0.113666578,9568,1.378682539,71.69149202,0.705376183,52
"KCAE20140629_122223",101.14,"2014","06","29",0.550401703,76.54,0.016082744,153.686698,0.187275069,9556,1.474732403,148.9479727,1.085925525,101,0.913671623,24.6,0.004063415,38.91126438,0.081417385,9576,1.312497165,34.1249263,0.868044128,26
"KCAE20140629_122643",120.64,"2014","06","29",0.552263699,77.02,0.014710991,140.9165846,0.166033634,9579,1.547270643,136.1598166,0.798222764,88,0.921295415,43.62,0.007169943,68.60201825,0.141973306,9568,1.556761158,63.82720748,1.532662956,41
"KCAE20140629_123102",92.98,"2014","06","29",0.549491244,71.55,0.012724093,121.7314008,0.163717311,9567,1.624619833,116.972628,0.978007508,72,0.929439052,21.43,0.003773777,36.09617902,0.069803025,9565,1.159846488,31.31585518,0.632834538,27
"KCAE20140629_123523",85.56,"2014","06","29",0.550396949,49.72,0.01008475,96.4606352,0.137331701,9565,1.478997628,91.69785292,0.865802849,62,0.920784382,35.84,0.006216743,59.51287648,0.09513124,9573,1.244024167,54.73706333,0.662965537,44
"KCAE20140629_123944",104.7,"2014","06","29",0.553147384,76.95,0.015177092,145.2295921,0.180787382,9569,1.652662734,140.4763324,0.992609794,85,0.910465826,27.75,0.005014779,47.99143896,0.090846936,9570,1.350347348,43.21111512,0.820361816,32
"KCAE20140629_124404",125.47,"2014","06","29",0.55361383,78.58,0.014532422,138.9299557,0.173433105,9560,1.578602431,134.1812066,0.961913961,85,0.909956992,46.89,0.007740831,74.0023452,0.111874295,9560,1.282186284,69.23805936,0.770119423,54
"KCAE20140629_124823",101.57,"2014","06","29",0.554533562,70.97,0.012732323,121.7592009,0.158172451,9563,1.539532074,117.0044376,0.899206604,76,0.918043536,30.6,0.005436908,51.9822765,0.092780641,9561,1.430514077,47.20696454,0.685675937,33
"KCAE20140629_125245",118.63,"2014","06","29",0.550077417,81.23,0.017034629,163.1065694,0.169765607,9575,1.353558466,158.3663405,0.744775605,117,0.899463574,37.4,0.006312277,60.4148005,0.1019351,9571,1.426602149,55.63748379,0.733521125,39
"KCAE20140629_125705",82.47,"2014","06","29",0.548451997,54.8,0.012149586,116.1986393,0.141051549,9564,1.295911474,111.4483867,0.74552142,86,0.918460417,27.67,0.00505005,48.34413198,0.086121462,9573,1.320085023,43.56280577,0.655022952,33
"KCAE20140630_100243",13273.4,"2014","06","30",0.549880485,13081.97,1.741456216,16653.54579,5.75661908,9563,5.881374708,16650.1718,9.360231221,2831,0.90700861,191.43,0.024497871,234.6651026,0.341667308,9579,2.445865337,229.9113417,2.457196803,94
"KCAE20140630_100703",15514.49,"2014","06","30",0.550038662,15018.31,2.025575498,19372.60406,6.702756995,9564,6.196217984,19369.37742,10.56575936,3126,0.908686644,496.18,0.067370041,644.1923325,0.62868569,9562,3.229794016,639.4992152,2.986339691,198
"KCAE20140630_101123",18758.78,"2014","06","30",0.549067761,17322.41,2.366143942,22634.53295,6.027303327,9566,6.168323099,22631.57745,8.442484315,3669,0.904173771,1436.37,0.202492979,1936.440354,1.120109761,9563,3.47468734,1931.926161,3.198028054,556
"KCAE20140630_101542",26810.52,"2014","06","30",0.552967028,20964.38,2.78554153,26640.91919,6.488073827,9564,6.315372178,26638.23985,8.553621504,4218,0.907950839,5846.14,0.775769694,7434.976746,2.970588061,9584,4.641458943,7430.975768,5.907697359,1601
"KCAE20140630_102002",33903.71,"2014","06","30",0.553324784,26404.62,3.444029434,32918.03333,6.901651095,9558,6.546492234,32915.76295,8.381143895,5028,0.906421408,7499.09,0.994393176,9521.314664,3.154712841,9575,4.493662564,9517.577311,5.410919691,2118
"KCAE20140630_102421",33168.46,"2014","06","30",0.550982549,25487.11,3.313117994,31709.85232,6.614191456,9571,6.125898301,31707.6496,7.979254421,5176,0.901580766,7681.35,1.025896718,9815.779802,3.312889077,9568,4.205809564,9812.153712,5.625611786,2333
"KCAE20140630_102840",28373.68,"2014","06","30",0.552896198,22690.5,2.898535333,27756.37435,5.213723419,9576,5.358982551,27754.17063,6.089253366,5179,0.908809587,5683.18,0.781220846,7477.064718,2.271893756,9571,3.638411535,7473.297293,3.696068443,2054
"KCAE20140630_103300",24701.5,"2014","06","30",0.550512383,18468.88,2.374604521,22713.09225,5.09265265,9565,5.040070293,22710.55674,6.45165079,4506,0.907296969,6232.62,0.854640365,8182.326852,2.442932197,9574,3.77242392,8178.615059,3.918329732,2168
"KCAE20140630_103720",26805.94,"2014","06","30",0.550796703,17698.73,2.296447338,21986.18682,4.418587975,9574,4.724633672,21983.72047,5.357542561,4653,0.904574871,9107.21,1.185180612,11345.734,3.077436121,9573,3.879070317,11342.40161,4.53448705,2924
"KCAE20140630_104140",22412.04,"2014","06","30",0.552675285,15163.23,1.9744114,18891.16828,4.048537578,9568,4.357219277,18888.54557,5.079134111,4335,0.907674594,7248.81,0.94442847,9035.347174,2.380952375,9567,3.398000177,9031.884472,3.474294929,2658
"KCAE20140630_104559",18786.51,"2014","06","30",0.557175265,12853.39,1.700901993,16275.93117,3.440626773,9569,4.172587164,16273.08994,4.328402289,3900,0.918094684,5933.12,0.766907985,7340.843234,2.29767946,9572,3.345711342,7337.144974,3.797464598,2193
"KCAE20140630_105019",14262.13,"2014","06","30",0.553763363,9928.44,1.324076452,12652.87458,2.936622864,9556,3.76257294,12649.77022,3.916628036,3362,0.918984887,4333.69,0.559883936,5359.768919,1.996750394,9573,3.366290662,5355.768443,3.814524822,1591
"KCAE20140630_105438",11234.41,"2014","06","30",0.549996879,7884.73,1.055419164,10096.13973,2.4314311,9566,3.385722713,10092.83941,3.329299267,2981,0.921311308,3349.68,0.433032034,4145.848691,1.699943334,9574,3.281840589,4141.682823,3.547241622,1262
"KCAE20140630_105900",9098.42,"2014","06","30",0.550157841,6973.34,0.941319665,9002.781277,2.361062809,9564,3.36423499,8999.328599,3.432689937,2675,0.925635175,2125.08,0.291128236,2785.514963,1.274240685,9568,2.778442849,2781.221292,2.93552572,1001
"KCAE20140630_110319",8106.34,"2014","06","30",0.555218801,5852.62,0.840293718,8036.56912,2.778623499,9564,3.316676152,8032.98964,4.720339686,2422,0.906037829,2253.72,0.306912378,2935.616895,1.22991258,9565,2.640882303,2931.379357,2.622450427,1110
"KCAE20140630_110739",6897.12,"2014","06","30",0.547415257,5113.11,0.731811595,7006.36421,1.994353022,9574,3.130392043,7002.687,3.085125912,2237,0.919609982,1784.01,0.254261576,2435.063112,1.315756408,9577,2.537310417,2430.74338,3.394892047,958
"KCAE20140630_111159",6040.74,"2014","06","30",0.553500471,4986.13,0.721110029,6895.975211,2.022683891,9563,3.214672063,6892.256903,3.199462084,2144,0.909167704,1054.61,0.158167944,1514.458061,0.886870943,9575,2.172672688,1510.007518,2.543318934,695
"KCAE20140630_111618",4947.66,"2014","06","30",0.549479675,4204.29,0.623923826,5972.198865,1.851305771,9572,3.002212204,5968.397861,3.060438264,1988,0.925963189,743.37,0.115664478,1107.834375,0.753460211,9578,2.105527912,1103.296626,2.489748693,524
"KCAE20140630_112039",4640.86,"2014","06","30",0.548736502,4138.25,0.605131249,5792.316318,1.822756398,9572,3.051380973,5788.469706,3.05033071,1897,0.93006715,502.61,0.08424392,806.5512921,0.475227152,9574,1.747239587,801.9829705,1.345104965,459
"KCAE20140630_112459",3368.77,"2014","06","30",0.5472569,2965.72,0.443053941,4238.254001,1.3495687,9566,2.731765473,4234.236484,2.234177251,1550,0.915252896,403.05,0.072399482,693.8766342,0.464319809,9584,1.771897732,689.2682176,1.518738478,389
"KCAE20140630_112918",4793.71,"2014","06","30",0.552507005,4142.26,0.586351407,5603.760395,1.886176718,9557,3.20174221,5599.847125,3.327433285,1749,0.909950063,651.45,0.109473701,1047.334895,0.597967109,9567,1.810466529,1042.828721,1.692495172,576
"KCAE20140630_113338",4284.9,"2014","06","30",0.547905829,3739.47,0.519555669,4975.265083,1.692311744,9576,2.996562497,4971.297183,3.018853831,1659,0.926994658,545.43,0.095790148,917.6696144,0.517166994,9580,1.7869361,913.1243473,1.412980574,511
"KCAE20140630_113758",3958.66,"2014","06","30",0.54903718,3458.38,0.486617861,4652.553369,1.587952585,9561,2.995192887,4648.53936,2.832888564,1552,0.930295701,500.28,0.089077274,852.1132059,0.519361826,9566,1.74755036,847.5619246,1.557954853,485
"KCAE20140630_114218",3725.52,"2014","06","30",0.549111544,3336.98,0.46265001,4434.963,2.212429463,9586,3.047377816,4430.887345,4.940549997,1454,0.918032559,388.54,0.071425024,683.5374843,0.463773821,9570,1.745336978,678.9360843,1.541527024,389
"KCAE20140630_114637",3323.19,"2014","06","30",0.548963721,2923.38,0.417675398,3997.571231,1.458625732,9571,2.910686587,3993.461997,2.755141843,1372,0.923216377,399.81,0.065227662,624.1635021,0.502951343,9569,1.77519357,619.5425558,1.977767406,349
"KCAE20140630_115100",3281.98,"2014","06","30",0.551022468,2937.91,0.421895012,4035.847684,1.56350145,9566,3.002030098,4031.726422,3.110164603,1343,0.921720583,344.07,0.059810451,571.8477215,0.411441305,9561,1.625303108,567.2307847,1.448971829,349
"KCAE20140630_115520",3303.49,"2014","06","30",0.54756151,2539.16,0.365634315,3498.754756,1.333466552,9569,2.880928966,3494.566835,2.605028277,1213,0.919161605,764.33,0.114506496,1095.483647,0.583992772,9567,1.880999099,1090.979478,1.518889277,580
"KCAE20140630_115939",3252.97,"2014","06","30",0.552269276,2359.13,0.332266451,3180.786733,1.256390474,9573,2.821095208,3176.553205,2.53071312,1126,0.918101315,893.84,0.124422927,1191.847216,0.687511174,9579,2.06492961,1187.334526,1.968292812,575
"KCAE20140630_120358",2840.05,"2014","06","30",0.551656545,2262.89,0.338881565,3240.385529,1.362225339,9562,2.894591685,3236.153504,2.912127991,1118,0.917563496,577.16,0.084160443,805.8362445,0.499257254,9575,1.764900696,801.2649158,1.515234239,454
"KCAE20140630_120818",2714.76,"2014","06","30",0.548139464,2326.96,0.33830883,3234.570726,1.354921846,9561,2.851144502,3230.34672,2.886925367,1133,0.912238046,387.8,0.065786424,629.5760785,0.435521077,9570,1.745695927,624.9591418,1.464291326,358
"KCAE20140630_121238",3578.74,"2014","06","30",0.551260552,3335.22,0.485029174,4645.124401,11.51005854,9577,4.242114104,4640.872829,33.83410701,1094,0.93113753,243.52,0.045511536,435.4088683,0.312705986,9567,1.480274418,430.7598556,1.046476245,291
"KCAE20140630_121658",2202.7,"2014","06","30",0.549913015,1887.74,0.295269735,2826.026637,4.071337102,9571,3.173987997,2821.675329,13.01890277,889,0.915062405,314.96,0.059079231,565.3882423,0.340648066,9570,1.503428481,560.7788233,0.899083869,373
"KCAE20140630_122120",1499.34,"2014","06","30",0.55256813,1143.42,0.189191012,1811.503937,0.859034481,9575,2.334745463,1807.092988,2.031019392,774,0.921082403,355.92,0.061053773,585.2004164,0.370611152,9585,1.594997167,580.5789689,1.083423984,364
"KCAE20140630_122539",1470.2,"2014","06","30",0.551817497,1115.16,0.174265191,1668.937732,0.854515904,9577,2.364333378,1664.490698,2.182236313,704,0.92405495,355.04,0.060235539,576.4541104,0.454548764,9570,1.798167063,571.8171261,1.761481384,318
"KCAE20140630_123000",2511.94,"2014","06","30",0.547209471,2195.21,0.312683579,2996.75942,8.889764365,9584,4.513255398,2992.288329,33.54116693,663,0.929463556,316.73,0.05486256,525.2541536,0.371960671,9574,1.652741781,520.613661,1.252824131,315
"KCAE20140630_123420",1566.62,"2014","06","30",0.549420267,1300.32,0.194776262,1864.593155,1.004982588,9573,2.503590406,1860.167672,2.691131143,743,0.929237667,266.3,0.049022139,468.9457865,0.328462185,9566,1.547672618,464.3017855,1.060608589,300
"KCAE20140630_123840",1630.38,"2014","06","30",0.550089663,1323.2,0.186052423,1780.335631,0.85580826,9569,2.463108358,1775.901126,2.029187796,721,0.919829088,307.18,0.057055235,545.8474367,0.357883693,9567,1.57332845,541.2249868,1.086407951,344
"KCAE20140630_124301",1472.19,"2014","06","30",0.554030243,1170.11,0.168196473,1609.976637,0.809283944,9572,2.38916082,1605.516071,2.007211149,672,0.908765541,302.08,0.056629794,542.2302753,0.390038158,9575,1.669542826,537.5927898,1.355340473,322
"KCAE20140630_124721",1125.34,"2014","06","30",0.551853719,811.25,0.11572463,1108.757677,0.655799998,9581,2.239762449,1104.202887,1.899540792,493,0.92275344,314.09,0.062020979,593.7268352,0.360932207,9573,1.514457408,589.1239316,1.004605696,389
"KCAE20140630_125140",1533.24,"2014","06","30",0.552122178,1064.23,0.152214578,1455.01915,0.725942507,9559,2.255910676,1450.550565,1.758891483,643,0.915620314,469.01,0.084596846,808.9150434,0.455361305,9562,1.704150956,804.3592514,1.201724345,472
"KCAE20140630_125600",1286.14,"2014","06","30",0.547688951,851.37,0.124095358,1187.468476,0.651025767,9569,2.19063566,1182.943256,1.728946155,540,0.931159629,434.77,0.081210519,777.0222455,0.46441222,9568,1.686586091,772.4564298,1.342524519,458
"KCAE20140701_100137",27914.39,"2014","07","01",0.554249289,26530.27,3.20920986,30708.92915,20.31719642,9569,12.51237294,30705.3632,38.64772131,2454,0.928778156,1384.12,0.165084649,1580.68551,0.915703355,9575,3.102640247,1576.141246,2.589108327,508
"KCAE20140701_100557",38979.66,"2014","07","01",0.553624641,37190.45,4.492869047,43041.68547,24.71419131,9580,13.30813387,43038.50494,41.13825818,3234,0.931106795,1789.21,0.216436997,2072.81712,1.421532811,9577,3.788078568,2068.290898,4.685432939,546
"KCAE20140701_101016",34090.1,"2014","07","01",0.55480441,32651.59,3.943511847,37778.84349,16.68643925,9580,10.03078322,37775.92959,25.44274419,3766,0.926887579,1438.51,0.177063813,1693.438307,0.973242862,9564,2.922032247,1688.934639,2.768607273,578
"KCAE20140701_101435",31448.25,"2014","07","01",0.55359499,27981.91,3.394554037,32485.88213,11.68025124,9570,8.219399408,32483.06646,17.05148671,3952,0.922759933,3466.34,0.45241857,4326.026369,2.888317913,9562,4.352197076,4321.731696,7.963477819,993
"KCAE20140701_101856",28858.48,"2014","07","01",0.553536932,21800.96,2.695534695,25817.83131,8.17411915,9578,7.298502583,25814.80364,12.13939615,3537,0.937779949,7057.52,0.898988442,8602.420398,3.296033417,9569,5.255772909,8598.444479,6.376907331,1636
"KCAE20140701_102315",44417.45,"2014","07","01",0.5555522,31467.3,3.721930116,35652.36858,9.108362001,9579,7.635448223,35649.90775,11.84650029,4669,0.937851464,12950.15,1.58444298,15167.87265,5.21036802,9573,6.289623868,15164.28315,8.844320287,2411
"KCAE20140701_102734",50290.14,"2014","07","01",0.555694418,35494.59,4.042476096,38722.87852,9.320160683,9579,7.804991744,38720.56404,11.76311367,4961,0.937578747,14795.55,1.749394482,16759.19914,5.264543208,9580,5.982078396,16755.80159,8.336021067,2801
"KCAE20140701_103153",55214.71,"2014","07","01",0.553123601,37779.11,4.116101454,39428.13583,10.34556133,9579,8.254968306,39425.72863,13.43568374,4776,0.925726133,17435.6,1.95916733,18751.19051,5.441483044,9571,5.982120092,18747.96437,8.147016002,3134
"KCAE20140701_103614",47750.01,"2014","07","01",0.553677374,31891.47,3.418401023,32673.07698,8.076839888,9558,7.110030377,32670.58958,10.46226883,4595,0.923339563,15858.54,1.762188398,16860.61859,4.618336098,9568,5.284458312,16857.42202,6.735705276,3190
"KCAE20140701_104035",35703.95,"2014","07","01",0.553320273,23772.38,2.497512109,23918.67347,6.525933292,9577,6.040883506,23915.8578,9.034841998,3959,0.937198398,11931.57,1.291447517,12352.6955,3.678537836,9565,4.70446372,12349.21726,5.767108112,2625
"KCAE20140701_104455",27400.7,"2014","07","01",0.554062275,17444.97,1.82296291,17460.33875,6.493675106,9578,5.624063809,17457.09406,10.42893967,3104,0.924471776,9955.73,1.049604526,10040.51689,3.342656588,9566,4.367656338,10036.87427,5.659550074,2298
"KCAE20140701_104915",16112.93,"2014","07","01",0.546652141,15343.74,1.664748866,15941.63514,3.842127253,9576,3.83977745,15938.9162,5.070170732,4151,1.550595467,769.19,0.137721473,1318.407662,0.596053482,9573,1.560607834,1314.031796,1.34951453,842
"KCAE20140701_105854",12695.9,"2014","07","01",0.543791382,12172.32,1.409853945,13490.8924,6.346576569,9569,3.989290463,13487.79106,10.18473258,3381,1.549684658,523.58,0.085695912,820.1955728,0.531216424,9571,1.580731245,815.6573224,1.696093127,516
"KCAE20140701_110833",6872.79,"2014","07","01",0.542784197,6725.81,0.861876341,8247.294705,3.076539761,9569,3.051018894,8243.853053,5.181562528,2702,1.549634438,146.98,0.026362935,252.3196552,0.268546445,9571,1.587185753,247.6009774,1.400051415,156
"KCAE20140701_111813",5622.49,"2014","07","01",0.543977902,5557.07,0.691077627,6614.995045,2.027052757,9572,2.800246076,6611.380984,3.279667195,2361,1.55088381,65.42,0.010152325,97.18820689,0.163403825,9573,1.621384372,92.41890918,1.380462353,57
"KCAE20140701_112754",5789.54,"2014","07","01",0.543584147,5753.4,0.724711353,6934.762933,7.386632513,9569,3.434578032,6930.978468,15.79606619,2018,1.549772105,36.14,0.004877358,46.7055813,0.120672036,9576,1.676749681,41.91874203,1.700083646,25
"KCAE20140701_113733",5014.89,"2014","07","01",0.543635525,4973.66,0.602442923,5764.776334,9.302418118,9569,3.659955109,5760.769342,22.69725998,1574,1.549669611,41.23,0.004581357,43.85733535,0.120148891,9573,1.953474685,39.0694937,1.807241515,20
"KCAE20140701_114713",3128.37,"2014","07","01",0.543874907,3123,0.387498641,3707.9745,2.179268622,9569,2.860098592,3703.827677,5.29529686,1295,1.549326547,5.37,0.000765687,7.327622282,0.017586042,9570,0.844254673,2.532764018,0.641990439,3
"KCAE20140701_115654",1909.39,"2014","07","01",0.543775041,1896.31,0.260248492,2491.358812,1.170856035,9573,2.421690035,2487.075666,2.74798093,1027,1.547567714,13.08,0.001897825,18.1678806,0.059931208,9573,1.671753089,13.37402471,1.312262896,8
"KCAE20140701_120635",1909.73,"2014","07","01",0.543159769,1903.46,0.236963266,2267.975417,1.383173599,9571,2.578153298,2263.618596,3.851653117,878,1.55100512,6.27,0.000925224,8.853473008,0.01898321,9569,0.812023661,4.060118306,0.198004516,5
"KCAE20140701_121615",1933.87,"2014","07","01",0.54451498,1876.78,0.221120628,2116.78777,1.162981378,9573,2.816487727,2112.365795,3.156992948,750,1.548765943,57.09,0.00771581,73.88660024,0.443748276,9576,23.02957828,69.08873485,12.14332654,3
"KCAE20140701_122556",2263.02,"2014","07","01",0.543659314,2258.05,0.293282656,2805.835168,5.993359424,9567,4.071780707,2801.385126,22.01727559,688,1.548169075,4.97,0.000642801,6.153532573,0.009939399,9573,0.67833478,1.35666956,0.164039517,2
"KCAE20140701_123538",1471.59,"2014","07","01",0.544173522,1462.98,0.202718586,1940.827745,7.058331681,9574,4.711034955,1936.235366,33.79273513,411,1.549411212,8.61,0.000875184,8.375514959,0.026038934,9570,1.790077754,3.580155507,0.290174789,2
"KCAE20140701_124519",1959.35,"2014","07","01",0.543799426,1955.23,0.273542345,2618.347323,12.51732066,9572,6.375013281,2613.755445,60.22917768,410,1.549422869,4.12,0.000501187,4.797865388,0,9573,NA,0,NA,0
"KCAE20140701_125500",307.98,"2014","07","01",0.543793394,300.29,0.051172285,489.7187703,0.333339616,9570,1.435182869,485.0918098,1.078691034,338,1.549135973,7.69,0.001058128,10.12734781,0.023888092,9571,0.888915319,5.333491917,0.381660696,6
"KCAE20140702_100017",11917.46,"2014","07","02",0.539566786,11899.04,1.451785091,13896.48689,8.850320238,9572,13.30671721,13892.21276,23.68282472,1044,1.549943819,18.42,0.003412713,32.68355277,0.080432316,9577,1.859413363,27.89120044,0.853498454,15
"KCAE20140702_100958",36304.83,"2014","07","02",0.537754932,36277.83,4.262512131,40792.24109,18.76590169,9570,18.85738733,40788.5288,35.82335657,2163,1.549664857,27,0.00601012,57.52285894,0.084655619,9571,0.995331299,52.75255885,0.561953445,53
"KCAE20140702_101938",30941.4,"2014","07","02",0.536524271,30798.11,3.584010468,34309.73221,15.54794242,9573,12.64515078,34306.29407,27.17716938,2713,1.551369689,143.29,0.024299446,232.6914916,0.25215674,9576,1.398612369,227.9738162,1.350839571,163
"KCAE20140702_102920",21764.58,"2014","07","02",0.539935145,21060.77,2.311065524,22114.586,7.404382871,9569,7.273458468,22111.31374,11.68365293,3040,1.54917669,703.81,0.120054528,1149.402055,0.656080733,9574,1.898683092,1144.905905,1.860944893,603
"KCAE20140702_103902",11645.55,"2014","07","02",0.540280329,9835.77,1.005126853,9627.105001,3.537316631,9578,4.520136993,9623.371658,6.357561568,2129,1.549009152,1809.78,0.283214386,2711.49453,1.275116317,9574,2.319863795,2707.281049,2.936193458,1167
"KCAE20140702_104844",7125.39,"2014","07","02",0.53992943,6278.8,0.639398045,6121.596883,4.116364381,9574,4.266051059,6117.517219,9.885095917,1434,1.550832719,846.59,0.137503225,1315.905868,0.769091768,9570,2.039551741,1311.431769,2.220791783,643
"KCAE20140703_100049",2168743.62,"2014","07","03",0.555752337,1088816.92,110.6451185,955752.5333,244.5086663,8638,270.4442488,955749.9752,320.817881,3534,0.92563826,1079926.7,112.6110466,956067.7856,250.4050029,8490,292.643149,956065.1679,332.07802,3267
"KCAE20140703_100508",2317535.43,"2014","07","03",0.554611056,1192747.19,118.9985918,1052066.55,247.5827849,8841,254.2446093,1052064.193,310.7844641,4138,0.928952577,1124788.24,113.4135516,996224.6371,242.4248403,8784,255.9008954,996222.1858,310.085029,3893
"KCAE20140703_100929",2157245.31,"2014","07","03",0.555038836,1073073.26,106.4285384,952428.9904,226.9989047,8949,205.4858314,952426.8283,281.3174387,4635,0.917735953,1084172.05,108.8204645,962625.829,235.7187726,8846,218.7780911,962623.6007,296.0719488,4400
"KCAE20140703_101348",1889804.23,"2014","07","03",0.552464393,984612.75,95.18071176,872045.6811,211.6419775,9162,171.8312577,872043.6328,260.1885549,5075,0.925883661,905191.48,89.47057676,812482.3075,204.3606713,9081,163.3454462,812480.2492,253.3463672,4974
"KCAE20140703_101807",1665248.34,"2014","07","03",0.554706916,835357,79.85930976,743570.0332,188.1552552,9311,144.6348849,743567.9432,233.9940263,5141,0.937487996,829891.34,80.09589567,745292.3092,190.4267729,9305,141.2069517,745290.291,235.1682006,5278
"KCAE20140703_102227",1378583.35,"2014","07","03",0.55371524,673721.56,64.65381806,610784.6192,166.4635609,9447,121.6455688,610782.4009,212.6199457,5021,0.928187055,704861.79,68.80091198,648379.7945,171.4898733,9424,123.5240431,648377.7021,214.578158,5249
"KCAE20140703_102648",967109.93,"2014","07","03",0.556881265,477867.45,46.28359712,440573.561,130.7519304,9519,98.40764664,440571.034,176.70157,4477,0.92414916,489242.48,48.23740242,459461.2581,135.2623944,9525,95.58121354,459458.8935,178.1312089,4807
"KCAE20140703_103107",545627.26,"2014","07","03",0.553812744,305311.02,29.74855384,284753.1573,94.80012119,9572,73.05036264,284750.3136,137.5069091,3898,0.937349453,240316.24,23.55712856,225488.8346,73.65584119,9572,53.71275399,225486.1412,103.6903228,4198
"KCAE20140703_103527",331879.15,"2014","07","03",0.549796419,172426.26,16.77165475,160454.421,59.21909733,9567,49.36961693,160451.255,93.35689057,3250,0.929185552,159452.89,15.67313821,150211.3566,57.85062115,9584,39.57019381,150208.4557,86.63201563,3796
"KCAE20140703_103947",188915.59,"2014","07","03",0.547798951,98826.08,9.776054966,93498.18969,36.53727561,9564,34.58925307,93494.75105,62.17877314,2703,0.924726318,90089.51,9.197763641,88059.3891,32.48963026,9574,25.99064013,88056.28876,50.46679034,3388
"KCAE20140703_104407",128341.87,"2014","07","03",0.554836272,59875.93,6.180479171,59122.46375,27.1489186,9566,26.66611661,59118.78053,51.33133646,2217,0.926765363,68465.94,7.23317796,69170.88084,31.0608429,9563,23.59057212,69167.55746,52.54950318,2932
"KCAE20140703_104828",99650.67,"2014","07","03",0.555268242,47336.64,5.091884711,48754.79611,28.90433127,9575,27.40353505,48750.88885,62.34544287,1779,0.935366002,52314.03,5.717990197,54726.88417,25.46954015,9571,21.44332537,54723.36634,45.78472832,2552
"KCAE20140703_105250",69313.55,"2014","07","03",0.555915203,29646.39,3.255821769,31171.23761,18.43005034,9574,22.15148857,31167.14442,43.51810988,1407,0.92512069,39667.16,4.403693119,42178.57269,20.97013131,9578,20.19866801,42174.8188,41.21604855,2088
"KCAE20140703_105710",59457.77,"2014","07","03",0.554762502,23934.42,2.685619469,25701.37832,17.16280566,9570,23.424915,25697.13176,45.66753264,1097,0.925029421,35523.35,4.052911869,38774.20785,22.15192787,9567,20.58967431,38770.35672,46.4064156,1883
"KCAE20140703_110128",47258.28,"2014","07","03",0.554497602,20829.94,2.364530232,22628.55432,16.75689251,9570,22.8758884,22624.25363,47.43276178,989,0.912842467,26428.34,3.041182139,29104.11307,17.35237516,9570,17.73317438,29100.13916,38.68057179,1641
"KCAE20140703_110548",29251.61,"2014","07","03",0.550219604,11035.94,1.259886767,12068.45534,10.12031521,9579,15.76998415,12064.03788,32.4791804,765,0.915475774,18215.67,2.13544927,20434.11406,14.78413752,9569,13.28354293,20430.08903,34.8202627,1538
"KCAE20140703_111007",15308.72,"2014","07","03",0.555113279,4563.86,0.534586602,5114.92461,4.046337722,9568,8.82628573,5110.419438,14.06038582,579,0.928009903,10744.86,1.255865329,12022.39879,6.963099594,9573,9.508096857,12018.23443,16.99806842,1264
"KCAE20140703_111426",15096.68,"2014","07","03",0.556421969,4245.2,0.454933494,4358.262875,3.807018903,9580,8.53670021,4353.717107,14.26995901,510,0.915517286,10851.48,1.234236938,11796.83666,5.98554801,9558,8.974661239,11792.70487,13.82958908,1314
"KCAE20140703_111845",19325.76,"2014","07","03",0.556107709,4365.77,0.472533972,4516.007166,2.893908234,9557,7.312036551,4511.526552,8.934665201,617,0.917191904,14959.99,1.749941977,16743.44483,8.537219303,9568,11.24959358,16739.39524,19.02589067,1488
"KCAE20140703_112305",19809.66,"2014","07","03",0.55544428,5830.32,0.648718236,6209.530952,4.15135473,9572,9.74105627,6205.052844,13.06302145,637,0.919924269,13979.34,1.647190377,15747.14,8.278582717,9560,11.17321137,15743.05482,18.9415119,1409
"KCAE20140703_112724",20921.76,"2014","07","03",0.552471473,6721.59,0.779822916,7461.345656,4.85466326,9568,10.90189051,7456.893109,14.81941119,684,0.927627128,14200.17,1.683959796,16100.33961,8.847196108,9561,10.70944847,16096.30104,20.03689239,1503
"KCAE20140703_113144",18075.57,"2014","07","03",0.555552844,4424.17,0.510463686,4883.606082,3.220701758,9567,7.781699311,4879.125468,10.0916222,627,0.926584413,13651.4,1.611328089,15431.68911,8.094587537,9577,10.27824219,15427.64152,18.14273913,1501
"KCAE20140703_113603",31439.92,"2014","07","03",0.555311791,7325.95,0.846889409,8109.812981,5.360693643,9576,10.08136389,8105.416567,15.7941136,804,0.927515018,24113.97,2.844797634,27253.16133,13.73049527,9580,15.61560718,27249.23453,28.912948,1745
"KCAE20140703_114022",50793.74,"2014","07","03",0.556184009,13145.88,1.534110782,14681.44019,9.004016192,9570,13.72982189,14677.1796,23.63876084,1069,0.925035567,37647.86,4.492401851,42987.79331,19.74523731,9569,20.81551206,42984.0324,38.30658417,2065
"KCAE20140703_114441",63163.54,"2014","07","03",0.554708823,17807.26,2.102639134,20120.15388,10.40138554,9569,14.76948652,20116.04063,23.94508274,1362,0.916087763,45356.28,5.484017648,52454.6288,24.5369297,9565,21.70088801,52451.04632,45.06956754,2417
"KCAE20140703_114901",61508.44,"2014","07","03",0.555642764,22301.11,2.673397946,25565.70456,12.76398655,9563,15.49196283,25561.73866,27.31329636,1650,0.93782184,39207.33,4.781279354,45795.09365,18.6970676,9578,18.19291012,45791.55477,32.96315076,2517
"KCAE20140703_115321",50073.72,"2014","07","03",0.554041159,15248.94,1.84380621,17636.0064,10.05791207,9565,12.54048166,17631.91721,23.54543029,1406,0.930186869,34824.78,4.262774976,40828.85872,16.39223734,9578,15.21632614,40825.40303,28.15626759,2683
"KCAE20140703_115740",48503.85,"2014","07","03",0.556080711,14326.07,1.72018896,16465.64872,8.851698613,9572,12.57563591,16461.50741,20.89771458,1309,0.92393614,34177.78,4.208691572,40298.2218,15.71375777,9575,14.65265498,40294.8012,26.58719328,2750
"KCAE20140703_120159",47185.04,"2014","07","03",0.555181692,13656.47,1.621828959,15525.76863,7.850651581,9573,11.7499113,15521.63283,18.10639482,1321,0.92546469,33528.57,4.205925465,40250.7067,15.09573575,9570,14.78592012,40247.27457,25.3950344,2722
"KCAE20140703_120619",50579.17,"2014","07","03",0.555967944,12872.61,1.588294913,15203.1589,6.690315736,9572,10.49660722,15199.08726,14.23005074,1448,0.925052384,37706.56,4.688484165,44901.61285,15.63882614,9577,17.15633343,44898.12459,26.10159543,2617
"KCAE20140703_121038",55710.26,"2014","07","03",0.554880664,17393.68,2.113055718,20245.18683,8.217804316,9581,11.55983012,20241.26254,16.13785537,1751,0.928234357,38316.58,4.730842789,45207.93369,15.5815044,9556,17.75507477,45204.42037,26.08025996,2546
"KCAE20140703_121458",59418.8,"2014","07","03",0.554945938,19577.82,2.30169667,22020.33204,13.25425179,9567,14.05895405,22016.32204,30.13989254,1566,0.934189274,39840.98,4.733011045,45356.44484,17.91136609,9583,18.42115186,45352.87589,31.57319734,2462
"KCAE20140703_121917",92891.52,"2014","07","03",0.553696223,32517.21,3.742742434,35769.38944,19.60772844,9557,22.381352,35765.4005,43.39481168,1598,0.936897933,60374.31,7.051166359,67529.02022,36.08286529,9577,26.23368703,67525.5104,65.89516429,2574
"KCAE20140703_122336",122755.2,"2014","07","03",0.555707585,44951.89,5.029400883,48116.27825,30.76857723,9567,28.8789426,48112.31837,68.92022851,1666,0.924694675,77803.31,8.782948014,84026.46365,44.55049474,9567,30.86812382,84023.03303,79.34510629,2722
"KCAE20140703_122756",145300.04,"2014","07","03",0.553398256,53366.28,5.689422535,54453.46308,33.99486813,9571,31.49192179,54449.53277,74.74752631,1729,0.936639134,91933.76,9.831083332,93857.35257,48.21930614,9547,34.78647885,93853.91994,85.79772632,2698
"KCAE20140703_123215",113588.32,"2014","07","03",0.552137019,54466.6,5.352172096,51230.9913,26.63871276,9572,27.84082398,51227.11612,55.37835021,1840,0.925030806,59121.72,5.748047088,55014.55868,26.68269799,9571,22.2626468,55011.00025,48.89488843,2471
"KCAE20140703_123634",94192.64,"2014","07","03",0.554097089,44596.72,3.76116067,35986.78529,28.42996485,9568,24.74739935,35982.71865,69.29754982,1454,0.938135004,49595.92,4.42007349,42295.68323,21.86822732,9569,19.31140866,42291.98497,42.45673432,2190
"KCAE20140703_124055",105362.67,"2014","07","03",0.55562046,46417.54,3.809981978,36469.14749,30.14987783,9572,28.9175116,36464.98212,78.60214308,1261,0.930788079,58945.13,4.966740898,47506.87669,32.93372165,9565,25.1073103,47503.03108,70.56725112,1892
"KCAE20140703_124515",103079.56,"2014","07","03",0.554305892,43719.63,3.644315441,34916.18624,24.75145848,9581,28.61639001,34911.99581,64.02695485,1220,0.92571876,59359.93,4.866764013,46545.73102,36.46292372,9564,27.88602406,46541.77415,83.54804128,1669
"KCAE20140703_124934",111563.81,"2014","07","03",0.555701937,55091.43,4.544936377,43476.86138,34.37954022,9566,35.28626988,43472.68449,89.99047285,1232,0.929524053,56472.38,4.729390241,45137.30046,35.31104341,9544,28.42148175,45133.31302,82.60714969,1588
"KCAE20140703_125354",141820.86,"2014","07","03",0.553273853,73816.62,5.948039564,56827.56999,44.79122734,9554,44.22056473,56823.42567,115.0341733,1285,0.934280628,68004.24,5.504277417,52483.28517,40.07436741,9535,31.20056442,52479.34935,91.13819082,1682
"KCAE20140703_125813",207888.98,"2014","07","03",0.553206124,97581.06,7.656772336,72961.38359,54.42388774,9529,51.81627375,72957.31344,133.2973207,1408,0.936387526,110307.92,8.5369782,81314.71735,62.27597455,9525,46.64992376,81310.81711,139.3727527,1743
"KCAE20140704_100231",3214.98,"2014","07","04",0.553932122,3130.17,0.396632952,3795.380717,2.248392712,9569,6.414350351,3790.881058,6.581709747,591,0.924557833,84.81,0.010992626,105.089506,0.172694573,9560,2.180895883,100.3212106,1.224243389,46
"KCAE20140704_100650",4108.12,"2014","07","04",0.553370475,3642.55,0.455961028,4367.650691,2.113578051,9579,5.928286267,4363.218692,5.072538454,736,0.922717309,465.57,0.05963873,569.7884272,0.479340513,9554,2.729970194,565.1038301,1.825160956,207
"KCAE20140704_101110",9155.52,"2014","07","04",0.5559105,7727.07,0.941922531,9009.489008,3.289776708,9565,6.60218385,9005.378772,6.208572944,1364,0.938206135,1428.45,0.178798949,1711.284742,0.927053151,9571,3.320516515,1706.745489,2.362564872,514
"KCAE20140704_101529",11794.54,"2014","07","04",0.555220395,9348.55,1.13003822,10811.07565,3.440545107,9567,6.214578701,10807.15236,5.791303549,1739,0.936349798,2445.99,0.303753402,2904.490029,1.318919173,9562,3.841160362,2900.076073,2.90759675,755
"KCAE20140704_101948",13392.68,"2014","07","04",0.55449783,9240.39,1.080230397,10345.36652,3.003111761,9577,5.209854661,10341.5615,4.69107268,1985,0.935292689,4152.29,0.504438423,4827.475711,1.826201164,9570,4.245817515,4823.248698,3.495654396,1136
"KCAE20140704_102408",12117.81,"2014","07","04",0.554919388,7551.63,0.883634012,8464.330201,2.341884517,9579,4.23662003,8460.530199,3.479478977,1997,0.922105754,4566.18,0.556034502,5324.030355,1.848561936,9575,4.136762064,5319.876014,3.261540337,1286
"KCAE20140704_102828",12267.53,"2014","07","04",0.554368053,6873.25,0.798803354,7652.53613,2.336222043,9580,4.338410862,7648.61835,3.782656896,1763,0.925552841,5394.28,0.653765202,6262.416871,2.087241767,9579,4.158385572,6258.370285,3.62804691,1505
"KCAE20140704_103247",9964.81,"2014","07","04",0.552388328,4662,0.596637993,5706.842402,1.688394669,9565,3.3233733,5702.908583,2.613699443,1716,0.924074273,5302.81,0.647250178,6198.067703,1.973662808,9576,4.003906703,6194.04367,3.267826288,1547
"KCAE20140704_103706",7449.59,"2014","07","04",0.556414492,3345.22,0.456713736,4373.034019,1.323180817,9575,2.818717414,4369.011992,2.039703275,1550,0.923487969,4104.37,0.520135279,4983.416111,1.781434686,9581,3.685633856,4979.29134,3.293363148,1351
"KCAE20140704_104127",3765.83,"2014","07","04",0.545400626,3582.36,0.50960719,4879.48884,1.20006467,9575,2.057332399,4875.877786,1.623404882,2370,1.549998699,183.47,0.0272051,260.3528034,0.205800639,9570,1.278283395,255.6566791,0.655718496,200
"KCAE20140704_105106",2613.81,"2014","07","04",0.540076573,2152.33,0.334125796,3197.917994,0.966309257,9571,1.852659616,3193.985178,1.540168176,1724,1.550222558,461.48,0.071225627,681.6292486,0.415588241,9570,1.679987259,677.0348652,1.184301889,403
"KCAE20140704_110045",2856.05,"2014","07","04",0.543085367,2483.18,0.407010241,3895.088005,1.216892966,9570,2.042649031,3891.246405,2.024915174,1905,1.548836041,372.87,0.059587753,570.1952064,0.345111814,9569,1.516317128,565.5862886,0.921569005,373
"KCAE20140704_111024",2777.94,"2014","07","04",0.542902069,2452.87,0.396405892,3792.811572,1.391112653,9568,2.123828661,3788.910331,2.591077869,1784,1.549260765,325.07,0.052357247,501.2159252,0.342052354,9573,1.379440242,496.5984872,1.133356301,360
"KCAE20140704_112004",2404.42,"2014","07","04",0.544142606,2280.64,0.369466994,3536.538062,1.0968802,9572,2.092764634,3532.586702,1.793928972,1688,1.549445821,123.78,0.019450176,186.1965325,0.243946216,9573,1.417678274,181.4628191,1.577376157,128
"KCAE20140704_112943",1596.15,"2014","07","04",0.543354188,1556.78,0.272355541,2605.897819,0.985088261,9568,1.816913519,2601.820159,1.918364036,1432,1.548089499,39.37,0.005781979,55.34510518,0.095785111,9572,1.176030047,50.56929203,0.826041839,43
"KCAE20140704_113924",1435.31,"2014","07","04",0.543271572,1410.19,0.250421712,2396.285365,2.349307964,9569,1.973677346,2392.096944,6.340660618,1212,1.548812559,25.12,0.002769758,26.50935303,0.076329748,9571,1.809875355,21.71850426,1.225496646,12
"KCAE20140704_114905",1136.56,"2014","07","04",0.543620684,1131.01,0.215212333,2060.227663,0.915054694,9573,1.689432821,2056.039743,2.024666777,1217,1.548468069,5.55,0.000771214,7.379751457,0.019149447,9569,1.292446596,2.584893192,0.413581943,2
"KCAE20140704_115845",906.07,"2014","07","04",0.542959932,894.94,0.17368989,1662.733317,0.617690734,9573,1.474221589,1658.499287,1.153642269,1125,1.547439752,11.13,0.001176116,11.25896125,0.049992537,9573,3.231049118,6.462098236,1.747666457,2
"KCAE20140704_120825",838.24,"2014","07","04",0.543678897,813.3,0.159790827,1529.35801,0.600508435,9571,1.426657545,1525.096916,1.192841304,1069,1.549562358,24.94,0.002319406,22.20135319,0.100523363,9572,2.901166019,17.40699612,3.041807002,6
"KCAE20140704_121806",970.36,"2014","07","04",0.544081147,958.66,0.177894005,1703.157207,2.048300824,9574,1.614910731,1698.886089,5.991057292,1052,1.54805937,11.7,0.001024732,9.808735349,0.051221846,9572,5.011872336,5.011872336,NA,1
"KCAE20140704_122748",752.32,"2014","07","04",0.543176903,746.33,0.144276996,1381.307962,1.132638068,9574,1.464873097,1376.980711,3.338083675,940,1.549636042,5.99,0.00072275,6.918881467,0.015353234,9573,1.061009227,2.122018454,0.086280076,2
"KCAE20140704_123728",508.49,"2014","07","04",0.543711623,504.37,0.102628181,982.3569453,0.416140274,9572,1.280029435,977.9424881,0.814720641,764,1.549153773,4.12,0.000501187,4.796361826,0,9570,NA,0,NA,0
"KCAE20140704_124710",587.84,"2014","07","04",0.543797992,567.34,0.111739479,1069.570297,0.436993895,9572,1.310184992,1065.180398,0.824233402,813,1.549125057,20.5,0.001707214,16.34315678,0.08554406,9573,5.773146883,11.54629377,1.847402678,2
"KCAE20140704_125652",590.36,"2014","07","04",0.544134187,566.57,0.111908034,1071.519428,0.489917142,9575,1.373371922,1067.109983,1.107792564,777,1.54987389,23.79,0.002179558,20.86491212,0.072589754,9573,2.678342309,16.07005386,1.219790381,6
"KCAE20140705_100303",4415.54,"2014","07","05",0.54340239,4383.04,0.624435345,5978.343993,3.425540975,9574,6.750270257,5973.989177,9.256268272,885,1.548816656,32.5,0.003456286,33.09048482,0.098445735,9574,1.886642403,28.29963605,1.679668456,15
"KCAE20140705_101245",20775.08,"2014","07","05",0.54274722,20721.31,2.926119696,28008.81773,8.814511172,9572,10.65246785,28005.33799,14.16439473,2629,1.54817578,53.77,0.008116494,77.65861575,0.214301001,9568,1.969778384,72.88180023,2.869526802,37
"KCAE20140705_102227",24747.34,"2014","07","05",0.539994612,24594.95,3.463251363,33150.24204,8.049735362,9572,8.815779028,33147.32914,10.85310316,3760,1.548465963,152.39,0.031299793,299.6016205,0.20275127,9572,1.006659058,294.9511041,0.602237121,293
"KCAE20140705_103208",17422.53,"2014","07","05",0.540065668,15978.27,2.118616458,20277.27812,4.125532029,9571,4.779492525,20274.60729,5.068243987,4242,1.548974132,1444.26,0.30012464,2872.793059,1.019188109,9572,2.264112627,2868.630699,1.844918211,1267
"KCAE20140705_104150",12939.08,"2014","07","05",0.539451671,10988.6,1.351523292,12934.0779,2.718815255,9570,3.502473436,12931.13192,3.410161823,3692,1.549463938,1950.48,0.378206386,3620.191528,1.374590442,9572,2.959088883,3616.006615,2.677519833,1222
"KCAE20140705_105131",7190.41,"2014","07","05",0.539699064,5731.36,0.709882804,6793.578436,1.80410472,9570,2.894270188,6789.95786,2.637744107,2346,1.547757211,1459.05,0.250299226,2396.364793,1.087749723,9574,2.466033585,2392.052578,2.494098821,970
"KCAE20140705_110113",2981.43,"2014","07","05",0.544072801,2498.34,0.340606102,3261.303427,1.222102565,9575,2.363712043,3257.195195,2.366377794,1378,1.549827906,483.09,0.083980986,804.0339586,0.555241548,9574,1.808726508,799.4571167,1.888509574,442
"KCAE20140705_111055",1456.15,"2014","07","05",0.540569926,1228.96,0.188743606,1806.653797,0.8242891,9572,2.03190641,1802.300986,1.895082538,887,1.548378302,227.19,0.041404452,396.2406096,0.300320843,9570,1.364418427,391.5880885,1.098579599,287
"KCAE20140705_112037",1045.1,"2014","07","05",0.543846494,849.53,0.142608344,1364.476632,0.644923839,9568,1.739224042,1360.073201,1.521625095,782,1.549014872,195.57,0.038508971,368.5693659,0.255434263,9571,1.209047709,363.9233603,0.81363537,301
"KCAE20140705_113019",791.07,"2014","07","05",0.54034267,646.22,0.102866428,984.6374478,0.546856673,9572,1.689880642,980.1307722,1.502564687,580,1.548006749,144.85,0.02735365,261.8017845,0.21669927,9571,1.142745283,257.1176886,0.852340292,225
"KCAE20140705_114001",634.82,"2014","07","05",0.543791972,499.97,0.07873083,753.7689689,0.428302097,9574,1.501444278,749.2206947,1.177539371,499,1.549458813,134.85,0.02883747,276.0034281,0.203774656,9571,1.144832686,271.3253465,0.63352828,237
"KCAE20140705_114943",445.38,"2014","07","05",0.539484767,289.65,0.051080343,489.0431995,0.315211194,9574,1.291820742,484.4327781,0.967842488,375,1.548033011,155.73,0.031665492,303.1970831,0.221349859,9575,1.118097499,298.5320323,0.738052805,267
"KCAE20140705_115925",505.87,"2014","07","05",0.543944617,333.28,0.055354324,529.8515888,0.497867625,9572,1.336517026,525.2511912,2.082301922,393,1.54772638,172.59,0.037837338,362.1411644,0.242712361,9571,1.175975863,357.4966623,0.719952766,304
"KCAE20140705_120906",462.87,"2014","07","05",0.538578671,300,0.050709093,485.1845984,0.285318075,9568,1.192534038,480.5912174,0.756883257,403,1.549306023,162.87,0.035329817,338.3183285,0.211943087,9576,1.05261147,333.6778359,0.53611666,317
"KCAE20140705_121848",397.61,"2014","07","05",0.54272415,265.54,0.049497195,473.7376553,0.268686232,9571,1.106493622,469.1532956,0.679332671,424,1.54933599,132.07,0.030164272,288.7022494,0.275136851,9571,1.224231301,284.0216618,1.291748174,232
"KCAE20140705_122830",456.67,"2014","07","05",0.543631834,346.35,0.057181711,547.2861586,0.382408627,9571,1.330131814,542.6937799,1.319779725,408,1.549799522,110.32,0.025258521,241.7240455,0.215337853,9570,1.274305938,237.0209045,0.893775349,186
"KCAE20140705_123812",468.28,"2014","07","05",0.539630502,373.6,0.064543445,617.9389387,0.354627311,9574,1.209851428,613.3946741,0.995712904,507,1.548266862,94.68,0.02095453,200.5138962,0.17305723,9569,1.075875009,195.8092517,0.665168122,182
"KCAE20140705_124754",364.02,"2014","07","05",0.539936315,285.5,0.052957005,507.0103634,0.276408184,9574,1.073603744,502.4465524,0.684503245,468,1.549745138,78.52,0.01755137,168.0017115,0.157588518,9572,1.05343246,163.2820313,0.667556436,155
"KCAE20140705_125736",434.6,"2014","07","05",0.540177873,330.57,0.060436356,578.4363586,0.316725945,9571,1.17358809,573.8845762,0.811633972,489,1.548215931,104.03,0.023911694,228.9305567,0.187416928,9574,1.149897034,224.2299216,0.657561368,195
"KCAE20140706_100052",2200.75,"2014","07","06",0.545780494,2196.63,0.299935965,2870.087247,2.422144291,9569,8.140533534,2865.467804,9.793855677,352,1.494627223,4.12,0.000501187,4.797865388,0,9573,NA,0,NA,0
"KCAE20140706_100642",10188.78,"2014","07","06",0.545550297,10184.66,1.37303729,13138.59383,6.319090431,9569,12.0388128,13134.34476,14.89956429,1091,1.49700746,4.12,0.000501187,4.796361826,0,9570,NA,0,NA,0
"KCAE20140706_101231",25941.57,"2014","07","06",0.546398217,25937.45,3.461223904,33127.37398,12.49259355,9571,16.83107899,33123.56346,23.1119485,1968,1.49543013,4.12,0.000501187,4.7973642,0,9572,NA,0,NA,0
"KCAE20140706_101819",35943.34,"2014","07","06",0.546807747,35933.83,4.723929688,45208.00712,13.82262408,9570,16.58275018,45204.57699,21.77654335,2726,1.498392573,9.51,0.001473852,14.09887121,0.032343717,9566,1.034336091,9.309024822,0.222435045,9
"KCAE20140706_102409",35402.86,"2014","07","06",0.545451101,35138.97,4.489413594,42963.6881,10.99912854,9570,12.35210893,42960.63486,15.35593304,3478,1.493982522,263.89,0.0472959,452.7163531,0.328819884,9572,1.659460405,448.0543095,1.078208464,270
"KCAE20140706_102958",32587,"2014","07","06",0.546956537,31241.78,3.800908863,36389.90145,8.3348308,9574,9.291896255,36387.06574,10.90116362,3916,1.497542358,1345.22,0.235835092,2257.17767,0.932791534,9571,2.470216984,2252.837889,1.901579026,912
"KCAE20140706_103548",27437.4,"2014","07","06",0.546990477,25444.55,2.974169109,28468.74671,5.443386281,9572,6.422872431,28466.17061,6.469018234,4432,1.49335474,1992.85,0.349776485,3349.459618,1.182653419,9576,2.680517413,3345.285731,2.11852489,1248
"KCAE20140706_104137",24488.47,"2014","07","06",0.547963197,22034.13,2.466935192,23618.43753,4.315032492,9574,5.525451857,23615.78124,4.98116782,4274,1.494279417,2454.34,0.437582983,4191.169815,1.420852558,9578,3.001482867,4187.068599,2.483926242,1395
"KCAE20140706_104726",18507.05,"2014","07","06",0.545319343,16527.2,1.825900839,17477.52283,3.539730487,9572,4.91685613,17474.50668,4.307170995,3554,1.494470927,1979.85,0.343233608,3285.088859,1.312871663,9571,3.034998871,3280.83378,2.664127649,1081
"KCAE20140706_105316",13332.58,"2014","07","06",0.545196533,11918.96,1.294149543,12392.77602,2.987338928,9576,4.432693192,12389.37747,4.082583031,2795,1.496542916,1413.62,0.232863585,2229.203103,1.035612307,9573,2.713190501,2224.816211,2.407925807,820
"KCAE20140706_105905",7004.18,"2014","07","06",0.54555643,6657.17,0.761312791,7285.763411,1.977256836,9570,3.617474386,7281.975939,2.873649201,2013,1.495267369,347.01,0.065275941,625.017136,0.452246598,9575,1.957025693,620.3771446,1.575970267,317
"KCAE20140706_110454",3836.62,"2014","07","06",0.525695399,3659.95,0.465522714,4455.517894,1.532904772,9571,3.211699623,4451.415677,2.722428618,1386,1.509425589,176.67,0.032190291,308.1254628,0.280334357,9572,1.622576581,303.4218207,1.204272615,187
"KCAE20140706_111044",3359.75,"2014","07","06",0.54277545,2474.9,0.327382554,3134.033191,1.358183622,9573,3.161344951,3129.731501,2.981062002,990,0.925049115,884.85,0.126076667,1205.92332,0.718580191,9565,2.323769009,1201.388578,2.110664149,517
"KCAE20140706_111506",2146.06,"2014","07","06",0.54767615,1577.12,0.215729823,2064.102951,0.930737324,9568,2.617156323,2059.702026,2.062122994,787,0.924986773,568.94,0.084809253,812.3030231,0.584805307,9578,2.188855257,807.6875899,2.069633518,369
"KCAE20140706_111926",1829.36,"2014","07","06",0.550717981,1350.79,0.184545288,1765.17568,0.973140744,9565,2.692216515,1760.709601,2.666414381,654,0.93505681,478.57,0.072640907,695.9725324,0.515382702,9581,2.180850264,691.3295338,1.85511671,317
"KCAE20140706_112347",1588.1,"2014","07","06",0.554155772,1248.54,0.162347723,1554.3171,0.782241687,9574,2.491688862,1549.830472,1.902782375,622,0.924092186,339.56,0.048105649,460.6115859,0.417796727,9575,2.0818378,455.9224782,1.847611923,219
"KCAE20140706_112808",1164.14,"2014","07","06",0.553805879,977.22,0.131686447,1259.449181,0.817860979,9564,2.50981284,1254.90642,2.615250429,500,0.931991026,186.92,0.028319349,270.5913784,0.270554086,9555,1.682795709,265.881722,1.285846868,158
"KCAE20140706_113229",961.28,"2014","07","06",0.553508618,810.09,0.115932902,1109.246006,0.765573268,9568,2.574978219,1104.665656,2.599131661,429,0.923878164,151.19,0.025137568,240.9687234,0.248500941,9586,1.652000087,236.2360124,1.20939073,143
"KCAE20140706_113650",582.78,"2014","07","06",0.553634924,503.52,0.070671649,676.1863368,0.477977978,9568,2.125156179,671.5493525,1.5999431,316,0.919359045,79.26,0.013132912,125.629432,0.16733403,9566,1.510939624,120.8751699,1.048440036,80
"KCAE20140706_114111",403.55,"2014","07","06",0.552477686,355.73,0.05264212,504.153587,0.430119816,9577,2.181085104,499.4684887,1.76310053,229,0.921425072,47.82,0.008282835,79.324713,0.126371478,9577,1.406630298,74.55140579,0.967895273,53
"KCAE20140706_114532",415.48,"2014","07","06",0.552619995,336.63,0.050539857,483.7169737,0.398753623,9571,2.129035013,479.0328778,1.532737218,225,0.923879991,78.85,0.012995567,124.5625136,0.156263481,9585,1.460972333,119.7997313,0.865077129,82
"KCAE20140706_114953",654.51,"2014","07","06",0.550841838,592.28,0.085527922,817.561404,0.56368112,9559,2.329356646,812.9454695,1.867143805,349,0.94059884,62.23,0.010109497,96.71755821,0.16827756,9567,1.802907069,91.94826049,1.456604646,51
"KCAE20140706_115414",514.06,"2014","07","06",0.554356973,474.93,0.070158207,671.4140373,0.539487991,9570,2.52556814,666.7499889,2.089455588,264,0.935768852,39.13,0.007181917,68.70940271,0.109543569,9567,1.229627042,63.94060618,0.847811506,52
"KCAE20140706_115835",383.44,"2014","07","06",0.553488861,352.29,0.054102725,518.5746157,0.476976333,9585,2.215030222,513.8870115,2.15241759,232,0.918217333,31.15,0.005425532,51.96032035,0.085748293,9577,1.241565667,47.17949533,0.572174577,38
"KCAE20140706_120256",293.33,"2014","07","06",0.554550822,253.19,0.042566211,407.1032374,0.349978494,9564,1.916262533,402.415132,1.413396248,210,0.92363548,40.14,0.007372417,70.56877695,0.111172271,9572,1.241471239,65.79797567,0.844919053,53
"KCAE20140706_120716",274.03,"2014","07","06",0.552365193,254.72,0.042296987,404.0208188,0.323512324,9552,1.831847418,399.3427372,1.146345328,218,0.923183611,19.31,0.00386032,36.91238233,0.068609495,9562,1.108088429,32.13456443,0.583655358,29
"KCAE20140706_121138",114.32,"2014","07","06",0.550508319,66.19,0.012557147,120.4607087,0.158062192,9593,1.522248814,115.6909098,0.931258178,76,0.926187907,48.13,0.007472395,71.54817964,0.135171573,9575,1.391111851,66.77336886,1.325470313,48
"KCAE20140706_121559",225.62,"2014","07","06",0.553721784,184.89,0.030858832,295.3807368,0.267567483,9572,1.605934185,290.6740875,1.124276924,181,0.928230214,40.73,0.007566143,72.40798377,0.108455883,9570,1.229803404,67.63918725,0.744356881,55
"KCAE20140706_122020",172.73,"2014","07","06",0.553809718,150.73,0.024417354,233.8205835,0.231432792,9576,1.660075206,229.0903784,1.004542751,138,0.935475282,22,0.004002284,38.31386121,0.083362766,9573,1.241834366,33.52952788,0.981208264,27
"KCAE20140706_122441",232.29,"2014","07","06",0.552303343,202.41,0.033265226,318.5478036,0.277363258,9576,1.678300303,313.8421567,1.088752807,187,0.920304362,29.88,0.00490772,46.9865119,0.0993625,9574,1.455264819,42.20267976,1.090960544,29
"KCAE20140706_122901",234.41,"2014","07","06",0.554089968,208.42,0.035030509,335.7323939,0.281861339,9584,1.688914531,331.0272481,1.047612745,196,0.938920316,25.99,0.004194466,40.13684485,0.078400147,9569,1.219155815,35.35551865,0.752912841,29
"KCAE20140706_123321",253.99,"2014","07","06",0.553329581,242.95,0.038909392,372.0905124,0.330574683,9563,1.800979907,367.399901,1.399731431,204,0.921797017,11.04,0.002003132,19.1679697,0.049831461,9569,0.958641791,14.37962687,0.845580873,15
"KCAE20140706_123742",132.66,"2014","07","06",0.550568398,104.98,0.017567866,168.2650237,0.202050309,9578,1.739486851,163.511764,1.085097956,94,0.922979331,27.68,0.004351829,41.62959404,0.09583325,9566,1.41724107,36.84826783,1.196678113,26
"KCAE20140706_124202",168.06,"2014","07","06",0.553637305,146.08,0.026455407,253.0195156,0.246601499,9564,1.591694526,248.3043461,1.115910513,156,0.931876456,21.98,0.003351654,32.07867802,0.066656054,9571,1.137243479,27.2938435,0.709720253,24
"KCAE20140706_124623",267.26,"2014","07","06",0.553868952,235.41,0.03589773,343.1823003,0.291535292,9560,1.726985628,338.489183,1.109856979,196,0.931248568,31.85,0.004543407,43.48494486,0.079182074,9571,1.382218396,38.70211509,0.498233573,28
"KCAE20140706_125044",192.18,"2014","07","06",0.553649762,172.43,0.029416875,281.5783254,0.265191262,9572,1.741261949,276.8606499,1.12308318,159,0.936386402,19.75,0.00313496,29.99529495,0.07205727,9568,1.260497962,25.20995924,0.973025397,20
"KCAE20140706_125505",152.74,"2014","07","06",0.55491917,130.69,0.02311759,221.3046898,0.220738169,9573,1.569391219,216.5759883,0.980168888,138,0.933078759,22.05,0.003024992,28.97035215,0.085591974,9577,1.611866655,24.17799983,1.494446005,15
"KCAE20140706_125926",146.53,"2014","07","06",0.554576319,132.22,0.020851777,199.8642794,0.214604531,9585,1.653555423,195.1195399,1.024971539,118,0.923616528,14.31,0.002270009,21.71263568,0.047171859,9565,1.12841984,16.9262976,0.398979216,15
"KCAE20140707_100200",14769.26,"2014","07","07",0.543870295,14751.98,1.767188107,16917.29175,7.960497915,9573,14.94086681,16913.06123,18.42069898,1132,1.548717646,17.28,0.001681613,16.09808004,0.061365392,9573,2.82555485,11.3022194,1.174026497,4
"KCAE20140707_101141",39045.47,"2014","07","07",0.544470138,39041.35,4.529022452,43342.74486,14.27258097,9570,20.48157326,43339.00901,24.38770105,2116,1.548152052,4.12,0.000501187,4.7973642,0,9572,NA,0,NA,0
"KCAE20140707_102123",46226,"2014","07","07",0.543269392,46206.78,5.049237125,48326.24853,13.14298023,9571,14.82303237,48323.08553,19.03484322,3260,1.551966063,19.22,0.002982955,28.54986458,0.054224495,9571,0.95062125,23.76553125,0.484311264,25
"KCAE20140707_103105",43574.12,"2014","07","07",0.54337461,43089.76,4.357062507,41718.87351,10.87575519,9575,10.52638427,41716.06085,14.86167762,3963,1.549369248,484.36,0.079909044,764.8893672,0.467716067,9572,1.624629399,760.3265587,1.403274147,468
"KCAE20140707_104046",29049.54,"2014","07","07",0.544442901,27957.72,2.666942842,25533.31077,6.442511077,9574,7.213983077,25530.28611,8.91605973,3539,1.550833704,1091.82,0.192404032,1842.076206,0.810393939,9574,1.708008473,1837.817117,1.804998137,1076
"KCAE20140707_105028",11387.48,"2014","07","07",0.543216589,10643.67,1.001948478,9589.64888,3.116107944,9571,4.610819618,9585.893985,5.298384269,2079,1.550459188,743.81,0.139983405,1339.781166,0.580080907,9571,1.502170819,1335.429858,1.256401364,889
"KCAE20140707_110009",3211.14,"2014","07","07",0.543692343,2826.41,0.307037141,2937.731368,1.363186681,9568,3.248492337,2933.388581,3.185166052,903,1.551002707,384.73,0.076458174,731.7811866,0.410110381,9571,1.372169722,727.2499528,1.12340737,530
"KCAE20140707_110951",1228.22,"2014","07","07",0.543520808,1003.64,0.142612096,1365.082987,0.77354544,9572,2.245196935,1360.589343,2.17685334,606,1.548316152,224.58,0.043555182,416.7359809,0.382621675,9568,1.514988766,412.0769443,1.712186923,272
"KCAE20140707_111933",1183.68,"2014","07","07",0.541621328,1056.04,0.148407724,1420.410322,1.012314164,9571,2.462437637,1415.901641,3.373232507,575,1.550710688,127.64,0.025651216,245.5334389,0.24433319,9572,1.392039192,240.8227801,1.187232112,173
"KCAE20140707_112916",635.31,"2014","07","07",0.540182364,589.29,0.088049762,842.9003739,0.624296352,9573,2.116921663,838.3009786,2.267126357,396,1.549102958,46.02,0.008976591,85.95085858,0.123461526,9575,1.230076806,81.18506917,0.848884877,66
"KCAE20140707_113857",558.81,"2014","07","07",0.544057122,517.99,0.08220874,786.8198469,0.96634785,9571,2.429143994,782.1843661,4.703474639,322,1.549373265,40.82,0.007731619,74.00705495,0.164985143,9572,1.87103337,69.22823468,1.911696569,37
"KCAE20140707_114839",305.59,"2014","07","07",0.543393515,283.82,0.046339128,443.372779,0.383975932,9568,1.820324505,438.6982056,1.623402788,241,1.548395729,21.77,0.003374632,32.31884651,0.067322403,9577,1.310928634,27.52950131,0.609048995,21
"KCAE20140707_115821",387.96,"2014","07","07",0.543519118,374.21,0.052075763,498.5212797,0.443666081,9573,2.265287491,493.8326731,1.90975439,218,1.54890073,13.75,0.002138138,20.4726681,0.058351587,9575,1.425392128,15.6793134,1.014435197,11
"KCAE20140708_100741",21199,"2014","07","08",0.54410137,21194.88,2.470352581,23663.50737,11.80448462,9579,19.4887273,23659.31494,27.71932529,1214,1.548719617,4.12,0.000501187,4.7973642,0,9572,NA,0,NA,0
"KCAE20140708_101724",19291.78,"2014","07","08",0.543079364,19287.66,2.124421775,20339.21407,6.545069906,9574,9.114986039,20335.53385,10.9613786,2231,1.547392189,4.12,0.000501187,4.798867762,0,9575,NA,0,NA,0
"KCAE20140708_102706",12085.7,"2014","07","08",0.543575301,12023.17,1.290737863,12353.65208,3.182294844,9571,4.770240554,12350.15279,4.565660396,2589,1.550776358,62.53,0.010535363,100.8128881,0.118184584,9569,1.091603773,96.06113199,0.585661844,88
"KCAE20140708_103650",5353.7,"2014","07","08",0.543785079,5105.17,0.530476553,5077.721569,1.893995499,9572,3.322651944,5073.689518,3.635486456,1527,1.550572671,248.53,0.046110965,441.3741589,0.276442405,9572,1.277041522,436.7482007,0.754311094,342
"KCAE20140708_104633",2223.94,"2014","07","08",0.543809184,2062.09,0.238526888,2283.417895,1.11475619,9573,2.601665604,2279.059069,2.727688882,876,1.547894995,161.85,0.028916638,276.9346459,0.218304117,9577,1.153614644,272.253056,0.799710052,236
"KCAE20140708_105616",855.24,"2014","07","08",0.544109924,818.57,0.130920423,1253.039365,0.644999424,9571,1.874739179,1248.576293,1.647346213,666,1.548166493,36.67,0.006547251,62.67683571,0.092770741,9573,1.052846102,57.90653562,0.635695293,55
"KCAE20140708_110558",503.39,"2014","07","08",0.543432718,491.22,0.086106567,824.2120558,0.471454267,9572,1.561291076,819.6778149,1.323993169,525,1.549595834,12.17,0.002056666,19.70080374,0.055680055,9579,1.242162123,14.90594547,1.009810342,12
"KCAE20140708_111541",252.66,"2014","07","08",0.543528238,238.81,0.045779112,438.1518779,0.307297828,9571,1.440218845,433.5058722,0.999043476,301,1.547377932,13.85,0.002417967,23.13752342,0.057069445,9569,1.310619958,18.34867941,0.742533369,14
"KCAE20140708_112523",194.67,"2014","07","08",0.539499722,187.37,0.039623331,379.1556582,0.341530463,9569,1.440346563,374.4901063,1.511431739,260,1.550061322,7.3,0.001090884,10.44521018,0.033421935,9575,1.412086792,5.64834717,0.953491576,4
"KCAE20140708_113506",117.64,"2014","07","08",0.543382171,113.08,0.02316735,221.7347073,0.25722558,9571,1.373525518,217.0170318,1.472151788,158,1.548309087,4.56,0.000606486,5.80588793,0.00733245,9573,0.504512459,1.009024917,0.081782367,2
"KCAE20140708_114448",67.14,"2014","07","08",0.540287703,55.37,0.011916173,114.1211882,0.136719209,9577,1.188776384,109.3674273,0.743765606,92,1.548869708,11.77,0.001172179,11.22127289,0.053212095,9573,3.21220494,6.424409881,2.545114039,2
"KCAE20140708_115431",72.66,"2014","07","08",0.53994801,65.61,0.014048561,134.4587755,0.160066718,9571,1.137886384,129.7190478,0.938259531,114,1.550168604,7.05,0.000921115,8.819680519,0.024345214,9575,1.340772106,4.022316319,0.378892439,3
"KCAE20140708_120414",66.22,"2014","07","08",0.543853374,62.1,0.011779639,112.7429267,0.151384123,9571,1.079961824,107.9961824,1.024996134,100,1.54909665,4.12,0.000501187,4.798366575,0,9574,NA,0,NA,0
"KCAE20140708_121357",64.74,"2014","07","08",0.539629188,50.05,0.00952891,91.20120075,0.11446261,9571,1.041517305,86.44593628,0.664563765,83,1.548847352,14.69,0.001940869,18.58187792,0.088542145,9574,4.595004968,13.7850149,2.422912182,3
"KCAE20140708_122339",75.65,"2014","07","08",0.54384734,69.74,0.012621173,120.8351108,0.155442807,9574,1.2219406,116.084357,0.983814774,95,1.549544666,5.91,0.000945572,9.04912135,0.01479811,9570,0.473030023,4.25727021,0.104759699,9
"KCAE20140708_123322",127.77,"2014","07","08",0.540587849,123.65,0.020546521,196.6096581,0.221579,9569,1.475991937,191.8789518,1.215494313,130,1.548709612,4.12,0.000501187,4.797865388,0,9573,NA,0,NA,0
"KCAE20140708_124305",51.83,"2014","07","08",0.543832424,44.32,0.008889116,85.08662003,0.106542488,9572,1.085491131,80.32634368,0.551507694,74,1.548939973,7.51,0.001095872,10.48859448,0.027960007,9571,1.138847481,5.694237404,0.501419346,5
"KCAE20140708_125247",61.6,"2014","07","08",0.540934353,56.36,0.010653663,101.9875201,0.124133246,9573,1.14390889,97.23225563,0.666858886,85,1.550141226,5.24,0.0007326,7.011711176,0.017429543,9571,1.107925268,2.215850537,0.674534507,2
"KCAE20140709_100253",16730.72,"2014","07","09",0.539933446,16725.01,1.827339147,17494.945,9.539869491,9574,18.16264722,17490.62927,24.6708746,963,1.54938366,5.71,0.000740669,7.088198428,0.017736436,9570,1.146419488,2.292838977,0.620095459,2
"KCAE20140709_101233",16340.6,"2014","07","09",0.543952912,16332.8,1.819464314,17419.55134,5.626655719,9574,6.55479286,17416.08463,9.113769438,2657,1.549024624,7.8,0.001098142,10.50922235,0.031190121,9570,1.428716317,5.714865269,0.619990791,4
"KCAE20140709_102213",11955.58,"2014","07","09",0.541277048,11948.47,1.310073639,12533.4745,3.548648888,9567,4.291144901,12530.14311,5.336080142,2920,1.550278971,7.11,0.001107253,10.59752248,0.034154147,9571,1.450666054,5.802664215,0.958308082,4
"KCAE20140709_103154",7737.23,"2014","07","09",0.543664344,7729.94,0.862180792,8256.243268,2.404949674,9576,3.235093073,8252.722428,3.746882051,2551,1.549163522,7.29,0.000954793,9.138322766,0.037158603,9571,2.171231064,4.342462127,1.947234655,2
"KCAE20140709_104134",3775.47,"2014","07","09",0.543965247,3712.53,0.470110945,4500.842189,2.084889901,9574,2.376845702,4496.992068,4.179906288,1892,1.549556484,62.94,0.008742148,83.65361169,0.143717716,9569,1.488383283,78.88431398,1.247642249,53
"KCAE20140709_105115",2461.64,"2014","07","09",0.544630402,2397,0.320207204,3065.023353,1.047599753,9572,2.069619503,3060.967245,1.866709066,1479,1.548140671,64.64,0.011651721,111.5419289,0.130947171,9573,1.227444446,106.7876668,0.632032288,87
"KCAE20140709_110055",1807.96,"2014","07","09",0.540058207,1719.53,0.248046509,2374.053138,0.944808116,9571,1.864589523,2369.893284,1.926355592,1271,1.548719867,88.43,0.015490897,148.2633784,0.154364038,9571,1.157489215,143.5286626,0.722450061,124
"KCAE20140709_111036",1622.91,"2014","07","09",0.543797999,1533.3,0.230835885,2210.253598,1.769397449,9575,2.038814246,2205.997015,4.902995366,1082,1.548952325,89.61,0.016612891,159.0185942,0.173058525,9572,1.365290834,154.2778642,0.837990423,113
"KCAE20140709_112017",2184.54,"2014","07","09",0.539529108,2069.73,0.298415624,2857.3296,1.406499291,9575,2.143649747,2853.197813,3.206675972,1331,1.549393451,114.81,0.015624153,149.507519,0.327890833,9569,2.297511637,144.7432331,3.356416354,63
"KCAE20140709_112957",3799.92,"2014","07","09",0.543529795,3732.68,0.498891084,4776.882132,2.474102801,9575,2.852911985,4772.921751,5.322755064,1673,1.548939987,67.24,0.010888778,104.2273813,0.169749376,9572,1.776037208,99.45808363,1.350274036,56
"KCAE20140709_113938",6518.71,"2014","07","09",0.544059705,6343.44,0.848901228,8124.833657,3.56831727,9571,3.787831782,8121.11134,6.762055315,2144,1.549069683,175.27,0.023387601,223.8661151,0.377596535,9572,2.331019814,219.1158625,3.039338621,94
"KCAE20140709_114919",10252.14,"2014","07","09",0.540471856,10010.16,1.45096312,13890.06994,7.791094819,9573,5.150824658,13886.62328,14.01904224,2696,1.549146001,241.98,0.038762411,371.0725561,0.985130353,9573,2.579900418,366.3458593,7.699450736,142
"KCAE20140709_115901",14495.08,"2014","07","09",0.543786514,14383.31,2.258729064,21620.5546,25.14854827,9572,8.751819907,21616.99517,48.93694085,2470,1.549662274,111.77,0.017165507,164.2910684,0.213808941,9571,1.753184763,159.5398134,1.335833024,91
"KCAE20140709_120841",10717.42,"2014","07","09",0.541339264,10592.26,1.499508903,14350.3002,13.26368605,9570,6.76724828,14346.56635,27.54601853,2120,1.548576722,125.16,0.017962379,171.9358965,0.268219165,9572,1.89980269,167.1826368,2.073434223,88
"KCAE20140709_121822",5593.44,"2014","07","09",0.544300959,5509.25,0.732362875,7006.515621,4.668013814,9567,4.839285405,7002.445981,11.14753915,1447,1.548673665,84.19,0.011404739,109.1547605,0.178106607,9571,1.65697575,104.3894723,1.458295838,63
"KCAE20140709_122803",7603.15,"2014","07","09",0.540125832,7523.25,0.831212504,7954.703663,14.13517015,9570,6.5490245,7950.515743,39.22643556,1214,1.550520568,79.9,0.009893239,94.72776322,0.174140051,9575,2.091870849,89.95044651,1.566762522,43
"KCAE20140709_123744",4100.13,"2014","07","09",0.544098646,4092.17,0.433278523,4148.208584,2.503085725,9574,3.660757563,4143.977561,6.41934726,1132,1.548435481,7.96,0.001223518,11.7102942,0.040195243,9571,1.728858985,6.91543594,1.082890296,4
"KCAE20140709_124724",954.97,"2014","07","09",0.539305856,947.14,0.105756874,1012.410559,1.373915174,9573,3.250864714,1007.768061,6.943942741,310,1.550795088,7.83,0.001048798,10.03385301,0.042680547,9567,2.619998559,5.239997117,1.924848104,2
"KCAE20140709_125705",552.12,"2014","07","09",0.543174556,548,0.06703675,641.4746616,2.111619899,9569,4.823825437,636.7449577,17.39408032,132,1.549340526,4.12,0.000501187,4.797865388,0,9573,NA,0,NA,0
"KCAE20140710_100406",4141.49,"2014","07","10",0.552206563,4098.67,0.496896878,4752.818638,2.942043428,9565,7.465948958,4748.343537,8.846291381,636,0.922915537,42.82,0.004469514,42.79112661,0.131081912,9574,3.454388463,37.99827309,1.827999444,11
"KCAE20140710_100900",3787.42,"2014","07","10",0.547848331,3771.62,0.468645984,4488.222585,2.073571436,9577,5.055092748,4483.867268,4.823163312,887,0.91569619,15.8,0.00219646,20.98497983,0.079334334,9554,2.699940687,16.19964412,1.812820574,6
"KCAE20140710_101354",5605.64,"2014","07","10",0.551405207,5483.81,0.673684632,6458.614569,2.993167859,9587,4.957344264,6454.462232,6.69045266,1302,0.914049077,121.83,0.014590588,139.7194739,0.209173337,9576,2.367520572,134.9486726,1.346172204,57
"KCAE20140710_101847",9251.59,"2014","07","10",0.552803788,8964.25,1.092025577,10453.96085,3.260725549,9573,5.648697395,10450.09018,5.412126424,1850,0.91543404,287.34,0.040149949,384.114558,0.368706418,9567,2.463616121,379.3968826,1.57839972,154
"KCAE20140710_102340",13139.5,"2014","07","10",0.547830489,12109.67,1.409408744,13507.7734,6.095706677,9584,5.938482728,13504.10972,11.39086228,2274,0.915833158,1029.83,0.144486406,1381.579015,0.775607151,9562,2.821785333,1377.031243,2.05943883,488
"KCAE20140710_102834",14314.2,"2014","07","10",0.547610553,12232.91,1.416072443,13554.64542,3.672530848,9572,5.613528552,13551.05792,5.470555841,2414,0.91006572,2081.29,0.291879916,2795.917717,1.330212395,9579,3.375491326,2791.531327,3.177786127,827
"KCAE20140710_103328",16161.73,"2014","07","10",0.550523995,13035.89,1.479375572,14148.74797,3.618299094,9564,5.364154813,14145.27624,5.162514426,2637,0.913076624,3125.84,0.433871891,4151.286252,1.581316287,9568,3.484947315,4147.087305,3.078946188,1190
"KCAE20140710_103822",16169.44,"2014","07","10",0.547641528,13236.61,1.470604549,14069.27372,14.03425257,9567,5.646618757,14065.72732,27.07559135,2491,0.915464708,2932.83,0.403989379,3867.794313,1.413628007,9574,3.093372241,3863.621929,2.646519451,1249
"KCAE20140710_104315",11600.58,"2014","07","10",0.547526692,9618.22,1.136648269,10874.31399,11.70068908,9567,4.736675099,10870.66935,23.53384687,2295,0.916076641,1982.36,0.28153677,2694.869967,1.037035871,9572,2.604637298,2690.590329,1.979487755,1033
"KCAE20140710_104809",9152.04,"2014","07","10",0.550459549,7427.12,0.909481641,8710.105676,12.95495726,9577,4.293058291,8706.322214,27.89873327,2028,0.912987845,1724.92,0.235121671,2251.52512,0.918691444,9576,2.502422959,2247.175817,1.824898423,898
"KCAE20140710_105303",6843.39,"2014","07","10",0.545840501,5117.75,0.626151137,5994.144839,1.98777755,9573,3.413234506,5990.226557,3.470731791,1755,0.911563598,1725.64,0.22577677,2160.683689,1.058254119,9570,2.73639881,2156.282262,2.595989941,788
"KCAE20140710_105756",4500.79,"2014","07","10",0.546637052,3234.69,0.412437297,3942.900564,1.460847843,9560,3.004398375,3938.76627,2.789321334,1311,0.91525721,1266.1,0.16337895,1563.699931,0.819068443,9571,2.518922944,1559.213303,2.108770001,619
"KCAE20140710_110250",3586.45,"2014","07","10",0.552170923,2585.46,0.348490092,3334.353197,6.669181953,9568,3.797032358,3329.997378,21.74044664,877,0.913944224,1000.99,0.129318298,1239.645209,0.694872078,9586,2.600166088,1235.078892,1.824000062,475
"KCAE20140710_110746",2646.22,"2014","07","10",0.547826822,1535.13,0.202749565,1941.732581,1.197577075,9577,2.75182606,1937.285546,3.53732826,704,0.913899846,1111.09,0.128320132,1228.151988,0.738944351,9571,2.89259368,1223.567127,2.090319974,423
"KCAE20140710_111239",3683.93,"2014","07","10",0.553841623,2874.2,0.371368832,3554.371087,11.6588058,9571,5.936244036,3549.873933,46.32337822,598,0.916370789,809.73,0.091040963,870.7157732,0.639586429,9564,2.965988922,866.0687652,2.210924279,292
"KCAE20140710_111733",2323.91,"2014","07","10",0.553738495,1725.32,0.229100022,2196.611013,4.210998705,9588,4.09733414,2192.073765,17.39188955,535,0.926242727,598.59,0.072614337,694.628743,0.55419239,9566,2.705734073,689.9621886,2.101063015,255
"KCAE20140710_112227",1837.73,"2014","07","10",0.551110239,1457.78,0.181674629,1738.262853,3.204682755,9568,4.323362766,1733.668469,15.08919543,401,0.915600632,379.95,0.044396257,424.8277789,0.450722838,9569,2.979450962,420.1025857,2.253462165,141
"KCAE20140710_112721",1713.18,"2014","07","10",0.553171479,1408.44,0.188151267,1803.24174,5.873743986,9584,5.466879185,1798.603252,31.2897725,329,0.916671896,304.74,0.03415464,326.8599045,0.354701056,9570,2.825619983,322.120678,1.642558544,114
"KCAE20140710_113214",1687.68,"2014","07","10",0.554221304,1547.53,0.214283771,2048.98142,8.876596043,9562,7.461045229,2044.326393,52.01208916,274,0.912769772,140.15,0.01657013,158.7418445,0.231092501,9580,2.368816123,153.973048,1.528114694,65
"KCAE20140710_113634",919.98,"2014","07","10",0.547080055,805.36,0.112077467,1072.69344,3.328823361,9571,4.789275075,1068.008342,21.33506064,223,0.915489057,114.62,0.013255131,126.7853303,0.235393742,9565,2.652489762,122.0145291,2.149827689,46
"KCAE20140710_114053",2349.39,"2014","07","10",0.552385322,2180.84,0.301493015,2884.986664,13.05453627,9569,9.143964054,2880.348677,71.49716784,315,0.916060358,168.55,0.022551554,216.0664358,0.36607582,9581,2.744196784,211.3031523,3.053994454,77
"KCAE20140710_114512",1275.28,"2014","07","10",0.554366971,1146.02,0.157297251,1505.177394,7.273587026,9569,5.228311409,1500.525374,41.75298811,287,0.910471147,129.26,0.015044126,144.0475063,0.275882168,9575,3.027645504,139.2716932,2.621220212,46
"KCAE20140710_114932",457.06,"2014","07","10",0.554312564,396.48,0.06000925,574.7085852,0.479224895,9577,2.317203281,570.0320071,1.930206815,246,0.918107936,60.58,0.008666055,82.9774739,0.173402307,9575,2.696315192,78.19314057,1.666452781,29
"KCAE20140710_115352",1741.02,"2014","07","10",0.551979741,1655.45,0.233135841,2230.643723,12.83914369,9568,9.806000585,2225.962133,82.96899621,227,0.91374579,85.57,0.011891837,113.7097481,0.246324925,9562,2.944214586,108.9359397,2.69125114,37
"KCAE20140710_115813",1386.27,"2014","07","10",0.552906965,1356.76,0.193905496,1855.869507,8.1709946,9571,6.564588577,1851.213979,47.24246215,282,0.916719718,29.51,0.00507729,48.62520496,0.132507534,9577,1.992561861,43.83636094,1.964392471,22
"KCAE20140710_120233",2026.25,"2014","07","10",0.552488277,1821.22,0.252503273,2416.708825,10.28709617,9571,8.463350175,2412.0548,59.12910101,285,0.918365259,205.03,0.02834237,271.604929,0.507494125,9583,3.032342685,266.8461562,4.376495998,88
"KCAE20140710_120652",1781.62,"2014","07","10",0.552991431,1708.47,0.228294089,2184.774436,9.239127179,9570,7.466179522,2180.12442,52.46650002,292,0.919744124,73.15,0.010974186,105.0778283,0.250956369,9575,2.279568473,100.3010128,2.954970659,44
"KCAE20140710_121111",1178.47,"2014","07","10",0.554628111,1153.32,0.156974577,1501.618807,4.036258225,9566,4.228818842,1497.00187,20.59540214,354,0.923411094,25.15,0.003389394,32.44328219,0.086022744,9572,1.975209615,27.65293461,1.120157338,14
"KCAE20140710_121532",1184.11,"2014","07","10",0.549452444,1165.1,0.167453004,1602.525245,7.289673891,9570,4.414116887,1597.910313,37.27955998,362,0.924266747,19.01,0.003063664,29.32539318,0.074634815,9572,1.887272647,24.53454442,0.769087138,13
"KCAE20140710_121952",1832.78,"2014","07","10",0.547306418,1813.21,0.251260641,2404.061811,9.263365102,9568,6.538011955,2399.450388,46.92337777,367,0.912676346,19.57,0.002826939,27.04249549,0.062112051,9566,1.483710415,22.25565623,0.53143867,15
"KCAE20140710_122412",532.23,"2014","07","10",0.553705828,500.46,0.066974629,640.8132498,0.638968305,9568,2.672845264,636.1371729,3.080248192,238,0.920146304,31.77,0.004064388,38.90025987,0.119531709,9571,2.131963491,34.11141586,2.068267223,16
"KCAE20140710_122831",2303.47,"2014","07","10",0.55241535,2251.42,0.314024123,3005.838903,11.17743077,9572,6.201000235,3001.284114,49.38724801,484,0.926871951,52.05,0.007169582,68.68459487,0.251101721,9580,4.259382599,63.89073898,4.872156724,15
"KCAE20140710_123251",905.33,"2014","07","10",0.553074464,884.99,0.122809638,1176.516331,0.742601445,9580,2.675649491,1171.934477,2.289766843,438,0.929925648,20.34,0.002734997,26.15751302,0.204527162,9564,10.68258035,21.36516069,13.10982026,2
"KCAE20140710_123712",911.75,"2014","07","10",0.548050853,899.24,0.122874773,1174.682829,1.323297671,9560,3.421236507,1170.062885,6.14588041,342,0.916029453,12.51,0.001645332,15.74418363,0.070348219,9569,3.649942185,10.94982655,1.924587556,3
"KCAE20140710_124132",1445.79,"2014","07","10",0.55086378,1433.06,0.193962462,1856.026797,5.208180918,9569,7.039402088,1851.362749,30.69555821,263,0.927257054,12.73,0.001811941,17.34571563,0.066173177,9573,2.510071236,12.55035618,1.615662913,5
"KCAE20140710_124551",1311.67,"2014","07","10",0.55505618,1307.55,0.180755573,1729.28857,11.44089365,9567,18.95098154,1724.53932,116.4170339,91,0.93235631,4.12,0.000501187,4.792352328,0,9562,NA,0,NA,0
"KCAE20140710_125010",964.01,"2014","07","10",0.555796812,754.78,0.11274047,1078.024378,1.339915416,9562,3.451408021,1073.387895,6.619228931,311,0.927914183,209.23,0.027889257,266.8723002,1.629313087,9569,52.4157891,262.0789455,54.01426539,5
"KCAE20140710_125430",641.74,"2014","07","10",0.554608797,612.51,0.096633719,925.3644947,1.938788705,9576,3.66809133,920.6909237,11.43743396,251,0.925101608,29.23,0.003582808,34.30538633,0.136923697,9575,4.215718126,29.51002688,3.033393272,7
"KCAE20140710_125849",1264.28,"2014","07","10",0.554310166,1260.16,0.18154179,1736.26568,9.991494977,9564,9.566646628,1731.56304,72.20433858,181,0.93034532,4.12,0.000501187,4.795860639,0,9569,NA,0,NA,0
"KCAE20140711_100158",1070.64,"2014","07","11",0.553769982,1017.21,0.125807413,1203.222101,1.988681686,9564,6.927834979,1198.515451,13.13360052,173,0.899227517,53.43,0.007909272,75.7708302,0.138981352,9580,1.918594606,70.98800043,1.171725975,37
"KCAE20140711_100618",3811.75,"2014","07","11",0.555229056,3774.24,0.446380209,4275.876018,3.490827923,9579,11.54394753,4271.260585,13.70595292,370,0.915953766,37.51,0.005648699,53.95637315,0.108173214,9552,1.695985073,49.18356713,1.011510353,29
"KCAE20140711_101037",5000.11,"2014","07","11",0.548490052,4922.98,0.584156339,5595.633572,3.852753769,9579,10.16565155,5591.108353,12.70403841,550,0.912586991,77.13,0.011525741,110.2206634,0.169236153,9563,1.917370458,105.4553752,1.162174032,55
"KCAE20140711_101456",6498.08,"2014","07","11",0.552217394,6321.59,0.774679253,7413.680448,3.903323772,9570,8.810113656,7409.305584,10.13357655,841,0.917574909,176.49,0.025904981,247.7811475,0.375489427,9565,2.359601105,243.0389139,2.767797938,103
"KCAE20140711_101917",6476.68,"2014","07","11",0.553355987,6009.08,0.751695783,7199.742213,3.887401208,9578,7.558213206,7195.418972,10.03432887,952,0.91484266,467.6,0.064887608,620.7148561,0.592398038,9566,2.825824577,616.0297579,2.762637296,218
"KCAE20140711_102337",28053.02,"2014","07","11",0.554594428,22359.74,2.615045722,25005.06719,11.52521362,9562,14.06139817,25001.16595,23.52970706,1778,0.898833109,5693.28,0.706555764,6759.618999,3.283340295,9567,6.409252744,6755.352392,7.832764075,1054
"KCAE20140711_102756",34352.72,"2014","07","11",0.553099922,28110.11,3.167766203,30290.18043,10.29651874,9562,12.86053859,30286.56837,17.49003328,2355,0.917849557,6242.61,0.800804984,7662.102084,3.213546023,9568,5.757874664,7657.973303,6.765970668,1330
"KCAE20140711_103216",31647.12,"2014","07","11",0.549290292,25272.24,2.840457137,27186.01526,7.571077226,9571,9.781436199,27182.6112,11.38215855,2779,0.90296826,6374.88,0.824474637,7890.222273,2.889773273,9570,5.239986842,7886.180198,5.475435415,1505
"KCAE20140711_103637",34394.44,"2014","07","11",0.546350671,27023.48,2.972988005,28466.36015,7.51949418,9575,9.035917466,28463.14002,10.82175014,3150,0.899860794,7370.96,0.975939531,9354.380408,3.575804966,9585,5.392413834,9350.445587,6.847296252,1734
"KCAE20140711_104058",31226,"2014","07","11",0.547342345,24203.66,2.680316748,25653.31159,7.02433475,9571,7.936304011,25650.13457,10.2187127,3232,0.897810446,7022.34,0.937821277,8978.700909,3.466719212,9574,4.9366412,8974.813701,6.600672654,1818
"KCAE20140711_104520",27701.03,"2014","07","11",0.554033156,20775.54,2.332443422,22319.15111,9.359239623,9569,7.618922235,22315.82323,15.68286388,2929,0.914878374,6925.49,0.935994326,8949.97775,3.342986154,9562,4.809740648,8946.117606,6.231939628,1860
"KCAE20140711_104941",22162.73,"2014","07","11",0.547635885,15629.32,1.76512028,16908.08716,4.881971021,9579,6.011627179,16904.69563,7.461479213,2812,0.907178843,6533.41,0.879329258,8423.974289,2.765151342,9580,4.231241346,8420.170278,4.757640511,1990
"KCAE20140711_105400",20789.74,"2014","07","11",0.550100118,12075.45,1.355004345,12959.26156,3.788189854,9564,5.236745408,12955.70814,5.92945506,2474,0.900866556,8714.29,1.107820812,10594.09043,3.492088731,9563,4.596550482,10590.45231,5.881385407,2304
"KCAE20140711_105819",17929.67,"2014","07","11",0.553027089,9485.4,1.124088775,10763.15002,3.492924578,9575,4.781990589,10759.47883,5.868531753,2250,0.915252045,8444.27,1.060447882,10149.54668,4.599950656,9571,5.134483888,10145.74016,9.033461833,1976
"KCAE20140711_110239",18609.08,"2014","07","11",0.548463979,8673.5,1.033743877,9899.131364,5.923195739,9576,5.257850813,9895.275229,12.50490507,1882,0.910738079,9935.58,1.206630901,11572.79697,6.873681941,9591,5.738591505,11569.00047,14.10133272,2016
"KCAE20140711_110700",23289.73,"2014","07","11",0.549811762,9633.72,1.192972147,11403.62075,6.302292114,9559,6.041216557,11399.77564,13.11440802,1887,0.901081942,13656.01,1.63781077,15664.02221,8.79626079,9564,8.405884361,15660.16256,18.45170633,1863
"KCAE20140711_111120",34988.43,"2014","07","11",0.547967636,13955.15,1.64285466,15733.61908,9.210565534,9577,8.425149935,15729.75493,19.44704303,1867,0.914766222,21033.28,2.382763769,22803.04927,14.58822451,9570,12.46537429,22799.16958,31.43689815,1829
"KCAE20140711_111540",46909.54,"2014","07","11",0.5457315,20767.42,2.403151616,22998.16096,16.41097718,9570,12.49010716,22994.28728,35.70099012,1841,0.915550983,26142.12,2.925990236,27990.0226,17.33568824,9566,15.29297564,27986.14541,37.18085711,1830
"KCAE20140711_111959",47947.9,"2014","07","11",0.553501073,20116.51,2.387870462,22875.79903,15.78819653,9580,12.34985197,22871.92585,34.15958331,1852,0.915984821,27831.39,3.191819309,30571.24535,23.79737762,9578,17.53718792,30567.31854,53.49503218,1743
"KCAE20140711_112417",41117.09,"2014","07","11",0.554772524,17488,2.147861447,20542.14688,14.11999504,9564,11.42918985,20538.25416,30.91047967,1797,0.917993727,23629.09,2.716117655,25985.0976,18.92511475,9567,15.83249555,25981.12519,43.37436855,1641
"KCAE20140711_112836",52652.26,"2014","07","11",0.552162024,24240.93,2.882414699,27578.94384,23.67284323,9568,16.46267938,27574.98797,54.58059987,1675,0.912465026,28411.33,3.233925102,30935.72752,28.26059435,9566,22.04678284,30931.63633,70.94881254,1403
"KCAE20140711_113258",52563.97,"2014","07","11",0.548698497,23448.98,2.785463272,26656.88352,23.08579206,9570,17.47727965,26652.85146,55.58249937,1525,0.91282158,29114.99,3.354401544,32051.30676,31.24315728,9555,25.43424556,32047.14941,82.7371816,1260
"KCAE20140711_113718",62061.46,"2014","07","11",0.547460367,29473.41,3.429217538,32797.03653,30.40427136,9564,25.26417082,32792.89372,79.14446477,1298,0.912172133,32588.05,3.698752172,35385.96203,32.49970697,9567,29.12080339,35381.77612,87.07418609,1215
"KCAE20140711_114136",59635.24,"2014","07","11",0.554228623,31630.63,3.722733529,35622.83714,37.71836036,9569,30.36541277,35618.62917,103.9460002,1173,0.912035405,28004.61,3.23293245,30890.66956,29.53524192,9555,27.0222691,30886.45358,81.57539855,1143
"KCAE20140711_114556",49462.22,"2014","07","11",0.553618302,21774.73,2.567935001,24546.89068,21.7027105,9559,22.33180221,24542.65063,60.48411441,1099,0.910350037,27687.49,3.267620272,31274.39362,31.38650797,9571,26.63559212,31270.18515,86.10558373,1174
"KCAE20140711_115016",55977.74,"2014","07","11",0.55265275,27167.04,3.320247242,31791.36735,29.43580638,9575,27.73747194,31787.14284,81.03809216,1146,0.916582272,28810.7,3.49689316,33461.77064,32.28614575,9569,25.61839918,33457.62933,84.11595114,1306
"KCAE20140711_115435",54950.1,"2014","07","11",0.55072116,28411.21,3.454264889,33019.31807,33.4733592,9559,27.650859,33015.12564,91.14422481,1194,0.912681258,26538.89,3.23238494,30930.69149,27.72707943,9569,23.6985055,30926.54968,71.80227274,1305
"KCAE20140711_115854",59936.99,"2014","07","11",0.554619923,32818.02,4.023259076,38514.65913,37.67872806,9573,29.04262884,38510.52584,97.61590954,1326,0.907286928,27118.97,3.34951817,32048.18985,28.04366988,9568,24.5360253,32044.04904,72.42411731,1306
"KCAE20140711_120313",56007.97,"2014","07","11",0.552172404,29772.38,3.683771176,35231.58753,31.25336134,9564,27.95827434,35227.42567,82.09800321,1260,0.923764125,26235.59,3.306450848,31655.96042,28.00419423,9574,24.42269413,31651.81159,72.67172183,1296
"KCAE20140711_120734",39453.23,"2014","07","11",0.550636591,21140.83,2.713042038,25958.38622,22.54652144,9568,22.3935908,25954.17174,61.30814691,1159,0.912092348,18312.4,2.326471231,22282.94145,21.78612491,9578,19.42346638,22278.71594,60.28359685,1147
"KCAE20140711_121155",34649.96,"2014","07","11",0.548478855,19456.39,2.593054574,24812.93922,23.60387599,9569,22.63566849,24808.69266,66.43927304,1096,0.92065809,15193.57,2.191598022,20949.48549,20.61866614,9559,19.14556028,20945.24294,58.2474387,1094
"KCAE20140711_121616",32581.35,"2014","07","11",0.547429494,17358.91,2.555632733,24462.51652,25.79904766,9572,23.63114772,24458.23789,75.24885275,1035,0.897968144,15222.44,2.392571551,22894.51717,24.91285817,9569,20.96178444,22890.2686,71.08778927,1092
"KCAE20140711_122035",37048.4,"2014","07","11",0.547205573,17355.81,3.064227933,29309.34018,28.17981972,9565,28.64619652,29305.05904,81.83993396,1023,0.909854909,19692.59,3.555902655,33958.87035,31.46150469,9550,26.84167432,33954.71802,82.77812763,1265
"KCAE20140711_122455",45394.99,"2014","07","11",0.552613395,22610.27,4.18431352,40068.98627,35.83484876,9576,35.54991281,40064.75174,99.01364646,1127,0.923508329,22784.72,4.460613442,42643.4645,38.85824041,9560,34.11143971,42639.29964,102.6840084,1250
"KCAE20140711_122914",61583.81,"2014","07","11",0.554126945,29494.8,5.702141913,54535.28526,45.49178206,9564,44.66101872,54531.10385,120.3349259,1221,0.904934822,32089.01,6.194238075,59185.9448,44.91929865,9555,36.59985552,59181.96638,103.9982886,1617
"KCAE20140711_123334",83047.52,"2014","07","11",0.551626927,38687.95,8.050115646,76918.855,61.35930324,9555,53.1914183,76914.79087,149.9676224,1446,0.912358876,44359.57,8.602187414,81987.44825,56.19047336,9531,38.36394126,81983.74247,113.7745761,2137
"KCAE20140711_123755",108734.26,"2014","07","11",0.553274107,47765.16,9.622348126,91912.6693,63.15669225,9552,50.0865404,91908.80164,136.9112115,1835,0.914325294,60969.1,11.30699949,107846.1612,62.92114329,9538,41.20851832,107842.6925,114.8943008,2617
"KCAE20140711_124216",162525.08,"2014","07","11",0.548979561,69251.52,13.6741654,130451.5379,75.368911,9540,55.86634982,130447.9268,144.422432,2335,0.911934524,93273.56,16.62015658,158772.3558,79.92973387,9553,47.66413612,158769.2374,129.7915641,3331
"KCAE20140711_124636",220937.19,"2014","07","11",0.552753383,96651.95,17.84809031,169985.2121,86.14028665,9524,58.17313595,169981.9033,147.7986475,2922,0.914304591,124285.24,21.17564247,201803.8727,85.15110558,9530,50.48814102,201801.0997,125.7378497,3997
"KCAE20140711_125057",289145.76,"2014","07","11",0.550260084,122175.07,21.57146421,205554.4824,90.8659365,9529,57.6905676,205551.4924,141.4261097,3563,0.912286009,166970.69,27.30927811,259902.3998,100.1749705,9517,57.15854606,259899.9089,138.9226516,4547
"KCAE20140711_125516",346847.16,"2014","07","11",0.553202251,159340.7,27.01882104,257165.1387,103.0482838,9518,65.65288015,257162.3316,152.5451313,3917,0.923233377,187506.46,30.75414239,292687.1732,102.8911418,9517,63.13302995,292684.7269,140.3226609,4636
"KCAE20140711_125936",453982.67,"2014","07","11",0.552582214,198051.19,33.87452315,322180.5897,113.2790157,9511,73.4727527,322178.0206,157.8800126,4385,0.915371546,255931.48,40.96219727,389468.5717,119.9347794,9508,75.74219826,389466.3835,154.8078456,5142
"KCAE20140712_100048",931.69,"2014","07","12",0.553946351,809.61,0.106575141,1020.350398,1.900405798,9574,8.190436928,1015.614179,14.64032498,124,0.921869185,122.08,0.016995395,162.6969122,0.559418465,9573,7.519503418,157.9095718,9.515537684,21
"KCAE20140712_100507",2497.12,"2014","07","12",0.552904452,1618.59,0.214224396,2052.269714,5.106422558,9580,9.22333155,2047.579604,32.35352265,222,0.9068164,878.53,0.123940542,1186.730691,5.750659562,9575,56.28296896,1181.942348,111.8563487,21
"KCAE20140712_100926",2606.26,"2014","07","12",0.554225405,2328.54,0.314695287,3011.004502,5.753273495,9568,6.160765823,3006.453722,24.78220038,488,0.915351468,277.72,0.038703088,370.504665,1.797644778,9573,15.2382845,365.7188281,33.21444405,24
"KCAE20140712_101346",6020.33,"2014","07","12",0.55183712,5924.81,0.827136453,7915.695851,4.399678696,9570,5.691795784,7911.596139,10.27851716,1390,0.897580194,95.52,0.013540862,129.5318854,0.721963761,9566,15.59269223,124.7415379,20.84732292,8
"KCAE20140712_101806",11034.77,"2014","07","12",0.547799208,10776.13,1.488169423,14229.87603,5.723666432,9562,6.376603238,14226.20182,10.45347148,2231,0.914435025,258.64,0.037858203,362.3030034,0.396950776,9570,2.688521049,357.5732995,2.060003274,133
"KCAE20140712_102225",26784.63,"2014","07","12",0.554325892,24486.66,3.31944642,31780.38002,9.022197439,9574,8.393417631,31777.47915,12.77810069,3786,0.905427297,2297.97,0.318300217,3048.997778,1.716105813,9579,3.249377287,3044.666518,4.539077451,937
"KCAE20140712_102645",36741.02,"2014","07","12",0.55234793,32404.42,4.285362514,40976.63636,10.75584625,9562,9.04905331,40974.11339,14.18516476,4528,0.90337126,4336.6,0.599972267,5742.934538,6.566073557,9572,4.188922482,5738.823801,16.92253903,1370
"KCAE20140712_103105",47926.04,"2014","07","12",0.554057868,40623.54,5.232412203,50089.88202,17.42325728,9573,9.995528957,50087.59561,23.07330125,5011,0.903129713,7302.5,1.014004584,9695.911835,9.288742649,9562,5.037465575,9692.083767,20.21643568,1924
"KCAE20140712_103526",55139.2,"2014","07","12",0.547441322,42306,5.334757921,51026.95952,16.53553179,9565,9.756173398,51024.78687,21.37658383,5230,0.898104491,12833.2,1.750986842,16760.44605,24.0543141,9572,7.070395148,16756.8365,47.95851957,2370
"KCAE20140712_103946",54551.73,"2014","07","12",0.551922786,45642.05,5.605718333,53590.66726,23.92181447,9560,10.26206302,53588.49311,31.62172906,5222,0.897710016,8909.68,1.290080214,12342.19741,13.76743019,9567,4.867326651,12338.67306,26.42188622,2535
"KCAE20140712_104405",53194.18,"2014","07","12",0.550653932,35280.43,4.319600404,41299.69946,17.85134537,9561,8.247936301,41297.41706,24.00338742,5007,0.902355869,17913.75,2.401205787,22965.13214,25.51653858,9564,6.745606589,22962.04483,42.43077206,3404
"KCAE20140712_104824",46014.18,"2014","07","12",0.553792233,33103.63,4.03606902,38617.10839,12.55519807,9568,7.929107558,38614.75381,16.69901773,4870,0.901068721,12910.55,1.690575425,16194.02199,3.961707435,9579,4.808704668,16190.90862,5.44643421,3367
"KCAE20140712_105244",36107.12,"2014","07","12",0.553697401,24990.78,3.018969006,28912.66617,6.598082516,9577,6.665907298,28910.03995,8.475368785,4337,0.901513947,11116.34,1.436981861,13747.60546,3.67703392,9567,4.956437215,13744.2004,5.404645172,2773
"KCAE20140712_105705",25868.02,"2014","07","12",0.553378281,17208.93,2.1202316,20282.13549,5.043871613,9566,5.578861884,20279.16295,6.903850703,3635,0.903835416,8659.09,1.103908385,10557.7798,2.999507924,9564,4.470211666,10554.16974,4.626481214,2361
"KCAE20140712_110125",17743.5,"2014","07","12",0.554512363,11940.22,1.52975064,14645.83263,3.755275053,9574,4.724939477,14642.58744,5.336284715,3099,0.915363126,5803.28,0.764828218,7325.524668,2.284976395,9578,3.892433296,7321.66703,3.797136676,1881
"KCAE20140712_110547",10939.75,"2014","07","12",0.546800765,7590.43,1.033551386,9882.818355,2.719431733,9562,3.962806042,9879.275462,4.09416133,2493,0.912020436,3349.32,0.45587048,4364.503977,1.645111599,9574,3.527771099,4360.325078,3.183422384,1236
"KCAE20140712_111006",8073.12,"2014","07","12",0.550563002,5116.05,0.750240101,7188.800647,2.097914132,9582,3.416572643,7185.052267,3.308825926,2103,0.898761935,2957.07,0.391016693,3742.420765,1.98795131,9571,3.167979071,3738.215303,4.824390645,1180
"KCAE20140712_111425",5584.02,"2014","07","12",0.554037058,4119.48,0.647352227,6191.276696,1.955193471,9564,3.11711748,6187.478198,3.274881337,1985,0.904045037,1464.54,0.215624722,2063.744217,1.365749339,9571,2.720378802,2059.326753,4.097600464,757
"KCAE20140712_111845",4111.86,"2014","07","12",0.547734467,3346.49,0.572043349,5474.454852,2.823237628,9570,3.120671461,5470.537072,5.964661082,1753,0.897448978,765.37,0.126748522,1213.490346,0.657044217,9574,2.178324574,1208.970139,1.727359252,555
"KCAE20140712_112306",3306.5,"2014","07","12",0.547216839,2650.69,0.468994204,4485.460568,1.58345788,9564,2.786985773,4481.473122,2.908213449,1608,0.900535296,655.81,0.10481516,1002.871447,1.84576755,9568,2.676308392,998.2630302,8.984284835,373
"KCAE20140712_112727",3597.57,"2014","07","12",0.548416862,3141.75,0.541329201,5178.355133,6.407717658,9566,3.254312996,5174.357663,15.43764883,1590,0.897860107,455.82,0.077858464,744.7162118,1.440239403,9565,2.534481858,740.0687026,7.869379209,292
"KCAE20140712_113146",2113.88,"2014","07","12",0.551978306,1835.27,0.330714631,3164.27759,1.978575048,9568,2.457330294,3160.126758,4.890513096,1286,0.915998596,278.61,0.055616795,532.2527299,0.355991275,9570,1.638564442,527.6177504,1.084787935,322
"KCAE20140712_113607",2383.98,"2014","07","12",0.552825115,1965.34,0.362250075,3469.993469,1.119966728,9579,2.370673962,3465.925332,1.859977585,1462,0.902275011,418.64,0.07820141,748.4656975,0.442641794,9571,1.634938186,743.8968746,1.257024577,455
"KCAE20140712_114026",2335.86,"2014","07","12",0.552785562,2010.84,0.363181865,3477.466362,1.165141539,9575,2.491654339,3473.366149,2.006048382,1394,0.902080106,325.02,0.06082994,582.5075081,0.465532182,9576,1.817193449,577.8675167,1.828990635,318
"KCAE20140712_114448",2380.01,"2014","07","12",0.552796597,2144.44,0.385750686,3688.548058,1.225975326,9562,2.53229205,3684.484933,2.108311513,1455,0.901200785,235.57,0.043853293,419.851423,0.317713101,9574,1.667380932,415.1778521,1.085951288,249
"KCAE20140712_114907",2988.64,"2014","07","12",0.54875848,2628.27,0.426905196,4085.482729,5.155930589,9570,2.987826493,4081.370989,13.3679499,1366,1.497376018,360.37,0.046020259,440.3678625,2.088737458,9569,22.92534339,435.5815244,42.01713214,19
"KCAE20140712_115455",7997.13,"2014","07","12",0.545821957,7281.76,1.019787105,9756.303233,21.01570777,9567,7.23992834,9752.183474,55.62199652,1347,1.498743603,715.37,0.092586905,886.4270265,3.907821012,9574,40.07453119,881.6396861,72.68348796,22
"KCAE20140712_120043",9321.02,"2014","07","12",0.548103134,7551.1,1.044897181,9998.621122,23.18877805,9569,8.259860907,9994.431698,64.7754561,1210,1.498011369,1769.92,0.227933984,2182.467897,13.11755938,9575,80.65490969,2177.682562,237.960754,27
"KCAE20140712_120631",5895.7,"2014","07","12",0.548468168,5639.98,0.790891176,7564.874101,18.50504186,9565,7.456201626,7560.588449,56.42065524,1014,1.499353508,255.72,0.032790202,313.9333915,1.173022606,9574,16.27076566,309.1445475,21.28190295,19
"KCAE20140712_121218",6245.6,"2014","07","12",0.546913434,6219.87,0.86535348,8279.702096,19.50370729,9568,7.62012065,8275.451026,57.46840488,1086,1.497574426,25.73,0.003116071,29.83949448,0.107073834,9576,3.130516878,25.04413503,2.120141766,8
"KCAE20140712_121806",4024.55,"2014","07","12",0.545280185,4019.8,0.574801027,5501.420629,12.09253548,9571,5.96213217,5497.085861,38.56552953,922,1.499650148,4.75,0.00065806,6.29763347,0.010868848,9570,0.75113701,1.502274019,0.061081616,2
"KCAE20140712_122354",4514.09,"2014","07","12",0.546724214,4490.26,0.640056499,6125.980751,17.30316322,9571,6.675728982,6121.643476,55.56682261,917,1.495397419,23.83,0.003060678,29.2968079,0.128565005,9572,6.125362112,24.50144845,1.653854211,4
"KCAE20140712_122944",4365.31,"2014","07","12",0.547611987,4340.94,0.611632239,5854.543792,14.15947637,9572,7.065412331,5850.16141,47.6934005,828,1.494986986,24.37,0.002977068,28.49053889,0.084251044,9570,2.633187528,23.69868775,0.836837113,9
"KCAE20140712_123532",3773.22,"2014","07","12",0.548978749,3411.33,0.463936626,4441.729257,8.577883975,9574,5.595622109,4437.328332,29.33637426,793,1.495776404,361.89,0.043032764,411.7805164,1.304185575,9569,13.56665638,406.9996914,19.27147617,30
"KCAE20140712_124121",7766.84,"2014","07","12",0.546674368,7593.25,0.965072767,9228.990875,19.11696416,9563,13.50591557,9224.540332,70.38679506,683,1.496384384,173.59,0.020873766,199.761939,0.705258401,9570,6.499353761,194.9806128,10.98029378,30
"KCAE20140712_124709",10049.12,"2014","07","12",0.546351946,9449.47,1.165000128,11146.72122,23.00187526,9568,18.05872787,11142.2351,88.94712093,617,1.496877447,599.65,0.073209043,700.4641249,1.741607178,9568,17.83816184,695.6883118,20.93854363,39
"KCAE20140712_125257",10894.28,"2014","07","12",0.546411351,10709.74,1.335611959,12777.79961,25.53165213,9567,19.86520532,12773.32702,96.66611207,643,1.496070291,184.54,0.022274169,213.2083419,0.697848873,9572,8.336940297,208.4235074,11.04563031,25
"KCAE20140712_125846",9865.24,"2014","07","12",0.546996547,7293.37,0.906371946,8674.885894,17.08710387,9571,12.21189419,8670.444874,61.66615362,710,1.496231058,2571.87,0.298387488,2855.269877,14.53102046,9569,150.0254494,2850.483539,297.5357511,19
"KCAE20140713_100331",5473.42,"2014","07","13",0.546477984,5469.3,0.669942833,6411.352913,4.982410016,9570,12.08834374,6406.82218,17.62839178,530,1.488582025,4.12,0.000501187,4.796361826,0,9570,NA,0,NA,0
"KCAE20140713_100831",13207.68,"2014","07","13",0.548121591,13203.56,1.582298877,15145.76485,8.876174181,9572,13.41145556,15141.53332,22.57690579,1129,1.484656868,4.12,0.000501187,4.796863013,0,9571,NA,0,NA,0
"KCAE20140713_101330",23981.59,"2014","07","13",0.544194619,23974.67,2.852099616,27294.59332,11.26049801,9570,12.06495608,27290.93065,20.6262081,2262,1.481981044,6.92,0.001000059,9.570568411,0.028297308,9570,1.591903382,4.775710147,0.182971678,3
"KCAE20140713_101829",35698.88,"2014","07","13",0.548625601,35694.76,4.240500897,40598.55558,13.03088193,9574,11.43858437,40595.53593,19.38553929,3549,1.492985333,4.12,0.000501187,4.795860639,0,9569,NA,0,NA,0
"KCAE20140713_102328",42233.86,"2014","07","13",0.55037232,42221.77,4.952744727,47382.90881,12.12585193,9567,10.73410199,47380.32619,16.02060266,4414,1.485816528,12.09,0.00180161,17.2468164,0.056248397,9573,2.075326356,12.45195813,0.945671446,6
"KCAE20140713_102826",47191.57,"2014","07","13",0.54819424,47159.86,5.35312139,51229.3717,11.83847816,9570,9.962495613,51227.15244,14.66064252,5142,1.488045274,31.71,0.005174097,49.51093207,0.086144567,9569,1.355503352,44.73161061,0.57616655,33
"KCAE20140713_103326",45343.86,"2014","07","13",0.546830993,45126.59,5.02553133,48094.33483,9.607987994,9570,9.063738743,48092.19777,11.3976345,5306,1.491182414,217.27,0.037780557,361.3710312,0.297127977,9565,1.848051318,356.6739044,1.017699714,193
"KCAE20140713_103826",44242.22,"2014","07","13",0.549917284,43470.26,4.884822248,46733.09445,10.67480892,9567,8.928338327,46730.9228,13.12243608,5234,1.496576132,771.96,0.136653,1307.905864,0.668341839,9571,2.168735797,1303.410214,1.646567139,601
"KCAE20140713_104325",31693.2,"2014","07","13",0.550142532,30813.05,3.547381922,33966.1819,7.933465857,9575,7.237105286,33963.73511,10.08571859,4693,1.48492623,880.15,0.162963149,1559.557331,0.763161917,9570,2.168926528,1555.120321,1.851447493,717
"KCAE20140713_104825",21130.12,"2014","07","13",0.549003577,20043.74,2.462392166,23565.09303,5.696104573,9570,5.687273252,23562.37308,7.524190205,4143,1.488993905,1086.38,0.197822613,1892.964588,0.857705082,9569,2.275403268,1888.584712,1.938733807,830
"KCAE20140713_105324",12656.14,"2014","07","13",0.550035947,12027.72,1.596613711,15297.15597,3.889994488,9581,4.627537221,15294.01051,5.463259179,3305,1.486898384,628.42,0.120613171,1154.388657,0.615942641,9571,2.01027705,1149.878473,1.598146684,572
"KCAE20140713_105823",7932.04,"2014","07","13",0.546227614,7231.11,1.05088315,10053.7991,3.463500657,9567,3.96148039,10050.27575,5.806541062,2537,1.489558587,700.93,0.125640818,1202.131347,0.69158203,9568,2.409627923,1197.585078,1.926606672,497
"KCAE20140713_110322",5781.28,"2014","07","13",0.548082726,5454.13,0.832585946,7968.680084,4.704332954,9571,3.782022185,7964.938722,9.458053356,2106,1.496956668,327.15,0.063310532,605.8184848,0.456441017,9569,1.958229605,601.1764887,1.671065368,307
"KCAE20140713_110820",4343.46,"2014","07","13",0.549713447,4110.3,0.678865923,6499.462349,2.450516902,9574,3.460631173,6495.604711,4.583945236,1877,1.486758917,233.16,0.04150192,397.2148791,0.40717903,9571,2.168556525,392.508731,2.043908742,181
"KCAE20140713_111321",3186.13,"2014","07","13",0.547036387,3075.26,0.516363748,4942.633798,1.700056547,9572,2.969735363,4938.669908,3.058562226,1663,1.486750198,110.87,0.019708402,188.5897006,0.268764351,9569,2.356832469,183.8329326,1.843164105,78
"KCAE20140713_111821",2303.22,"2014","07","13",0.547683032,2255.58,0.389274986,3726.529438,1.413249251,9573,2.715112108,3722.4187,2.763389431,1371,1.488023342,47.64,0.008208087,78.60064573,0.128246052,9576,1.64052956,73.82383021,0.917173184,45
"KCAE20140713_112321",2530.67,"2014","07","13",0.550521873,2469.53,0.41791843,4001.151047,1.483440987,9574,2.822784154,3997.062361,2.845320384,1416,1.489052577,61.14,0.009641764,92.30060254,0.258539774,9573,3.125598943,87.5167704,3.687640218,28
"KCAE20140713_112821",1716.11,"2014","07","13",0.548016088,1680.19,0.285087959,2730.857559,1.089017748,9579,2.506067995,2726.601978,2.209081386,1088,1.492599516,35.92,0.005427938,51.88022915,0.133072781,9558,2.2428765,47.1004065,1.787143751,21
"KCAE20140713_113320",1591.18,"2014","07","13",0.548204688,1569.14,0.269111442,2575.665612,1.084567764,9571,2.40993769,2571.403516,2.323161286,1067,1.490659996,22.04,0.00320111,30.65062756,0.079737902,9575,1.847055458,25.85877642,1.007887583,14
"KCAE20140713_113820",1051.81,"2014","07","13",0.547880562,1041.7,0.19026265,1821.194084,0.771255545,9572,2.0716491,1816.836261,1.611822302,877,1.485537095,10.11,0.001401749,13.43015662,0.034915046,9581,1.233112863,8.631790043,0.41853885,7
"KCAE20140713_114320",766.78,"2014","07","13",0.549157916,747.87,0.138553926,1325.406853,0.670670062,9566,2.019786349,1320.940272,1.668527699,654,1.490887437,18.91,0.002940575,28.13835868,0.113307849,9569,3.335143764,23.34600635,2.740390313,7
"KCAE20140713_114819",986.65,"2014","07","13",0.54866433,973.86,0.168155679,1609.922467,0.737846855,9574,2.152142072,1605.497986,1.649555138,746,1.494015285,12.79,0.001755655,16.81215585,0.047529097,9576,1.502099549,12.01679639,0.71780992,8
"KCAE20140713_115319",404.4,"2014","07","13",0.548193666,391.83,0.069547654,665.5710502,0.420825611,9570,1.861838338,660.9526099,1.200651931,355,1.494111348,12.57,0.001803942,17.26192294,0.062818501,9569,2.493713648,12.46856824,1.293502576,5
"KCAE20140713_115818",927.15,"2014","07","13",0.549001733,915.6,0.167904161,1607.682338,0.782443678,9575,2.157814067,1603.255852,1.897573455,743,1.492867742,11.55,0.001492742,14.29150944,0.055566177,9574,2.373786902,9.49514761,1.531564288,4
"KCAE20140713_120318",678.03,"2014","07","13",0.548593727,671.77,0.124247333,1188.549985,0.595017921,9566,1.980025649,1184.055338,1.411644022,598,1.523879627,6.26,0.000804049,7.697160877,0.021482406,9573,1.450148932,2.900297864,0.464046572,2
"KCAE20140713_120816",730.12,"2014","07","13",0.549936602,723.54,0.133528015,1279.06486,0.637511878,9579,2.032820147,1274.578232,1.533702607,627,1.492641837,6.58,0.000871697,8.346500467,0.036255113,9575,3.548133892,3.548133892,NA,1
"KCAE20140713_121315",663,"2014","07","13",0.548549211,656.32,0.121999936,1167.905383,0.646344722,9573,2.002407414,1163.398707,1.767375317,581,1.491339278,6.68,0.00086622,8.297516687,0.02623437,9579,1.748823275,3.49764655,0.692820203,2
"KCAE20140713_121813",741.98,"2014","07","13",0.549600199,737.86,0.139553711,1334.412584,0.679648033,9562,2.131302841,1329.932973,1.684677923,624,1.495714158,4.12,0.000501187,4.798366575,0,9574,NA,0,NA,0
"KCAE20140713_122312",662.72,"2014","07","13",0.547228568,653.17,0.128392275,1229.099251,0.714069404,9573,2.186753661,1224.58205,2.054995804,560,1.491354154,9.55,0.000997437,9.546468209,0.034384159,9571,2.375303785,4.75060757,0.193157031,2
"KCAE20140713_122811",748.86,"2014","07","13",0.551331332,744.34,0.134206505,1283.685218,0.611289029,9565,1.992543807,1279.213124,1.366645953,642,1.491298472,4.52,0.000594265,5.687111577,0.009105415,9570,0.891250938,0.891250938,NA,1
"KCAE20140713_123312",700.41,"2014","07","13",0.54660625,688.62,0.12338125,1181.498849,0.62764662,9576,2.050500282,1176.987162,1.620300007,574,1.484928239,11.79,0.001459335,13.96583462,0.049114687,9570,2.292869387,9.171477546,0.831027923,4
"KCAE20140713_123810",840.11,"2014","07","13",0.550837215,833.94,0.154964013,1483.005607,0.713848393,9570,2.011670228,1478.577618,1.70412475,735,1.49716907,6.17,0.000996866,9.539006496,0.025540257,9569,1.186287652,4.745150606,0.454328999,4
"KCAE20140713_124310",927.41,"2014","07","13",0.549714511,922.48,0.170406806,1631.81557,0.904664629,9576,2.348287912,1627.363523,2.490706824,693,1.49154636,4.93,0.0006681,6.39706211,0.011624146,9575,0.799598361,1.599196723,0.129616317,2
"KCAE20140713_124808",1152.83,"2014","07","13",0.550598909,1145.57,0.204208741,1955.298691,0.852406794,9575,2.239881007,1950.936357,1.852573408,871,1.485948778,7.26,0.001037113,9.93139366,0.039702872,9576,2.566513542,5.133027085,1.388220812,2
"KCAE20140713_125307",928.63,"2014","07","13",0.548606944,924.51,0.164521766,1574.473304,0.721315653,9570,2.049687796,1570.060852,1.624813061,766,1.483344171,4.12,0.000501187,4.799368949,0,9576,NA,0,NA,0
"KCAE20140714_100239",4727.74,"2014","07","14",0.546702335,3102.55,0.282870793,2708.770718,8.278511579,9576,16.79535429,2704.05204,61.82441932,161,1.489008778,1625.19,0.122667262,1174.907036,4.616890477,9578,61.58506249,1170.116187,85.70708736,19
"KCAE20140714_100739",7707.29,"2014","07","14",0.551673038,7326.12,0.68595754,6565.985578,11.4794733,9572,18.226024,6561.368641,56.50366669,360,1.497221491,381.17,0.028848263,276.1355692,1.075832718,9572,20.8726708,271.3447204,21.25618242,13
"KCAE20140714_101238",5375.63,"2014","07","14",0.54810775,5310.08,0.572468636,5481.959659,3.2224325,9576,7.402069147,5477.531169,9.161065552,740,1.488158536,65.55,0.005058799,48.45317339,0.225600771,9578,5.457101446,43.65681157,5.969341388,8
"KCAE20140714_101737",7092.91,"2014","07","14",0.548568147,7037.68,0.78370087,7502.368433,3.178158165,9573,6.338261599,7498.163472,6.823747174,1183,1.490308092,55.23,0.004505037,43.12671965,0.27341325,9573,6.388643565,38.33186139,9.704187564,6
"KCAE20140714_102237",7557.79,"2014","07","14",0.549245517,7509.82,0.825573559,7900.738959,3.240785344,9570,5.592528522,7896.650273,6.67460967,1412,1.484177736,47.97,0.004158568,39.79749596,0.261429082,9570,5.834023543,35.00414126,9.486232118,6
"KCAE20140714_102737",6722.59,"2014","07","14",0.546841325,6715.38,0.713197932,6825.304212,2.677079527,9570,5.341541007,6821.147866,5.385676051,1277,1.497301791,7.21,0.001047774,10.03034528,0.03229752,9573,1.744661151,5.233983454,0.656283645,3
"KCAE20140714_103235",6795.46,"2014","07","14",0.551266149,6757.41,0.712239692,6812.57265,2.502921023,9565,4.863200326,6808.480456,4.756842491,1400,1.494122544,38.05,0.005470508,52.35275753,0.262456715,9570,4.756140757,47.56140757,6.937992951,10
"KCAE20140714_103735",5222.32,"2014","07","14",0.548021347,5195.64,0.552198812,5282.886032,1.86259439,9567,4.098398061,5278.736703,3.353060244,1288,1.485661609,26.68,0.004306143,41.17533862,0.080375533,9562,1.455820639,36.39551597,0.610866597,25
"KCAE20140714_104234",4970.56,"2014","07","14",0.550462728,4913.32,0.535325505,5124.135733,2.163091249,9572,4.255977803,5119.941297,4.627117855,1203,1.497072244,57.24,0.007978792,76.38895688,0.16626064,9574,2.169913015,71.60712949,1.852772127,33
"KCAE20140714_104734",3377.01,"2014","07","14",0.54941998,3304.62,0.39180033,3750.70456,7.351484413,9573,4.054512761,3746.369792,23.35815822,924,1.498652334,72.39,0.011717176,112.109944,0.164243107,9568,1.789077597,107.3446558,1.068348698,60
"KCAE20140714_105232",2487.15,"2014","07","14",0.551942761,2303.12,0.28315503,2710.359945,1.224795004,9572,3.1283192,2705.996108,2.776368868,865,1.497133817,184.03,0.030707598,293.7795896,0.332413946,9567,2.258194401,289.0488833,1.804028875,128
"KCAE20140714_105731",1910.36,"2014","07","14",0.549582917,1691.73,0.217290886,2080.342944,0.956841049,9574,2.764209013,2075.920969,2.153529877,751,1.491071405,218.63,0.035966191,344.4482151,0.513790292,9577,2.409354697,339.7190123,3.506890611,141
"KCAE20140714_110229",1405.61,"2014","07","14",0.549035949,1265.65,0.164130858,1570.404053,1.235689575,9568,2.926872576,1565.876828,4.388176717,535,1.49295987,139.96,0.023051527,220.6492186,0.291475299,9572,2.20307113,215.9009707,1.87926918,98
"KCAE20140714_110728",1159.9,"2014","07","14",0.548610749,1053.11,0.13839221,1324.55184,1.093696844,9571,2.538491527,1320.015594,3.994174598,520,1.495832132,106.79,0.017294118,165.5393011,0.204817149,9572,1.848109657,160.7855401,1.116552159,87
"KCAE20140714_111227",1685.24,"2014","07","14",0.551662092,1544.57,0.207228828,1983.387115,4.036725401,9571,3.637615621,1978.862898,16.57380804,544,1.487476834,140.67,0.022110954,211.5576088,0.241041796,9568,1.897402558,206.8168788,1.247642838,109
"KCAE20140714_111727",2019.51,"2014","07","14",0.548949124,1949.66,0.260558022,2494.061383,5.092822105,9572,4.163150048,2489.563729,19.98855975,598,1.50009987,69.85,0.010167456,97.36355591,0.174040592,9576,2.204410401,92.58523683,1.456019112,42
"KCAE20140714_112226",1167.59,"2014","07","14",0.547134572,1089.96,0.15624649,1496.216392,0.786703186,9576,2.576350969,1491.707211,2.001988937,579,1.486163319,77.63,0.012733624,121.9371826,0.227517698,9576,2.440872306,117.1618707,2.119897342,48
"KCAE20140714_112726",2003.72,"2014","07","14",0.551536266,1962.49,0.265733831,2545.464367,7.925355731,9579,4.914743924,2540.922608,33.80847536,517,1.487935267,41.23,0.006554002,62.70869313,0.13449091,9568,1.930945643,57.92836929,1.457419709,30
"KCAE20140714_113226",803.29,"2014","07","14",0.549717953,753.4,0.110759205,1060.630151,0.742780607,9576,2.581994542,1056.035768,2.559843397,409,1.492026612,49.89,0.007057945,67.57276413,0.151746781,9574,2.165135586,62.78893199,1.74198435,29
"KCAE20140714_113726",1639.28,"2014","07","14",0.549538622,1614.37,0.232068912,2222.988105,1.986123163,9579,2.870083636,2218.57465,6.431240992,773,1.490906227,24.91,0.004488505,42.93703468,0.081915834,9566,1.315765932,38.15721203,0.711323396,29
"KCAE20140714_114226",1648.64,"2014","07","14",0.552226745,1625.53,0.24126626,2310.606975,1.189395269,9577,2.748781408,2306.227601,3.044018452,839,1.496908467,23.11,0.003485431,33.32071828,0.07708806,9560,1.502046889,28.53889089,0.883553581,19
"KCAE20140714_114726",2554.92,"2014","07","14",0.548552015,2529.62,0.363575853,3477.603037,2.389260205,9565,3.526195787,3473.30285,6.657529334,985,1.494387496,25.3,0.003531348,33.78793382,0.081562514,9568,1.611199763,29.00159574,1.000984281,18
"KCAE20140714_115225",2056.97,"2014","07","14",0.551084895,2029.7,0.282698216,2705.42193,1.360552902,9570,2.945567237,2701.085157,3.389201305,917,1.494880983,27.27,0.004048867,38.7679004,0.082061143,9575,1.544548125,33.98005876,0.760399189,22
"KCAE20140714_115725",1700.85,"2014","07","14",0.545983891,1683.89,0.238493297,2286.196748,1.452924831,9586,2.994454425,2281.774272,4.280938386,762,1.485042375,16.96,0.002442309,23.37045318,0.066678021,9569,1.548383899,18.58060679,1.121026141,12
"KCAE20140714_120224",1186.69,"2014","07","14",0.552095703,1173.64,0.177724725,1701.003339,1.27826804,9571,2.714431549,1696.519718,4.261918908,625,1.491426187,13.05,0.002481845,23.75125538,0.064289813,9570,1.458569922,18.96140899,0.997931397,13
"KCAE20140714_120724",563.69,"2014","07","14",0.543357253,550.96,0.090659734,867.7949751,0.537245683,9572,2.11569141,863.2020953,1.579123798,408,1.493504281,12.73,0.002188233,20.93920039,0.052833287,9569,1.3457795,16.149354,0.675388471,12
"KCAE20140714_121223",490.09,"2014","07","14",0.552807829,485.1,0.082138699,785.9852066,0.599869264,9569,2.194853283,781.3677686,2.24709451,356,1.489508869,4.99,0.000692202,6.627829626,0.013550459,9575,0.914982119,1.829964239,0.292793593,2
"KCAE20140714_121722",483.93,"2014","07","14",0.548978639,471.25,0.078447039,751.444187,0.50398949,9579,2.127690117,746.8192312,1.606068968,351,1.491303953,12.68,0.001902935,18.21680011,0.050944638,9573,1.34239466,13.4239466,0.872721062,10
"KCAE20140714_122221",677.54,"2014","07","14",0.55049257,659.16,0.111749584,1069.667023,0.810847878,9572,2.143096074,1065.118749,2.885435867,497,1.489577051,18.38,0.002627375,25.14397928,0.062652899,9570,1.357009018,20.35513526,0.845305405,15
"KCAE20140714_122720",792.19,"2014","07","14",0.549574911,787.24,0.126623608,1212.167804,0.81431021,9573,2.322366453,1207.630556,2.668639683,520,1.49319785,4.95,0.000666982,6.387023044,0.011471657,9576,0.794328235,1.588656469,0,2
"KCAE20140714_123219",926.06,"2014","07","14",0.552130181,918.49,0.149959854,1434.366006,0.84681504,9565,2.313724731,1429.881884,2.470259201,618,1.492348614,7.57,0.00123451,11.81056162,0.031617979,9567,1.16978508,7.018710479,0.522473636,6
"KCAE20140714_123718",730.36,"2014","07","14",0.552226578,716.15,0.11682672,1118.031712,0.667105842,9570,2.213692739,1113.487448,1.957816414,503,1.489143607,14.21,0.002250733,21.5552731,0.059119723,9577,1.676041484,16.76041484,0.776347387,10
"KCAE20140714_124218",894.36,"2014","07","14",0.548906255,865.05,0.141442649,1354.454808,0.707953046,9576,2.299743843,1349.949636,1.79399989,587,1.492472339,29.31,0.004333897,41.4407186,0.113737985,9562,1.92936257,36.65788883,1.718123798,19
"KCAE20140714_124718",805.43,"2014","07","14",0.551872481,791.04,0.136571839,1307.402211,0.71195107,9573,2.36457441,1302.8805,1.8827423,551,1.491114992,14.39,0.002434362,23.28954371,0.051276332,9567,1.156419028,18.50270445,0.503913966,16
"KCAE20140714_125218",210.22,"2014","07","14",0.546294936,195.74,0.034629822,331.4766552,0.296154586,9572,1.766335193,326.7720107,1.219712572,185,1.495048496,14.48,0.002398223,22.94140326,0.053034263,9566,1.296718772,18.1540628,0.512515694,14
"KCAE20140714_125718",543.82,"2014","07","14",0.551845443,539.7,0.093363926,893.4927687,0.539329511,9570,1.97978049,888.92144,1.571895962,449,1.489448093,4.12,0.000501187,4.800371324,0,9578,NA,0,NA,0
"KCAE20140715_100016",4375.92,"2014","07","15",0.544289085,4371.8,0.516201969,4942.633849,5.409510046,9575,12.85944645,4938.027437,23.9240057,384,1.549605797,4.12,0.000501187,4.796361826,0,9570,NA,0,NA,0
"KCAE20140715_100954",8981.06,"2014","07","15",0.539341358,8976.94,1.001594519,9586.261143,5.635973585,9571,10.95074608,9581.902819,15.45110902,875,1.551037594,4.12,0.000501187,4.797865388,0,9573,NA,0,NA,0
"KCAE20140715_101934",9876.24,"2014","07","15",0.543272835,9868.38,1.063657715,10174.9497,4.238055811,9566,6.553436331,10170.93319,8.646886992,1552,1.550188226,7.86,0.001113002,10.65588458,0.029385051,9574,1.172004788,5.860023941,0.593208655,5
"KCAE20140715_102912",8456.69,"2014","07","15",0.544551283,8452.57,0.900337023,8617.12565,2.638720128,9571,4.173141103,8613.363237,4.317049105,2064,1.550338374,4.12,0.000501187,4.796863013,0,9571,NA,0,NA,0
"KCAE20140715_103851",4157.66,"2014","07","15",0.543714802,4131.64,0.461621668,4419.565851,1.437185433,9574,2.955499503,4415.516258,2.422704556,1494,1.549664384,26.02,0.004184763,40.06492438,0.102249654,9574,1.533829788,35.27808512,1.448201421,23
"KCAE20140715_104831",2005.42,"2014","07","15",0.54477971,1927.37,0.213321626,2041.701279,0.857482348,9571,2.304691703,2037.347466,1.773298288,884,1.550122353,78.05,0.013841493,132.5046091,0.152593648,9573,1.240372485,127.758366,0.805897575,103
"KCAE20140715_105810",747.08,"2014","07","15",0.544197333,682.99,0.078627499,752.7796729,0.491147213,9574,2.13150206,748.157223,1.486838188,351,1.551432587,64.09,0.011355896,108.6872767,0.140638423,9571,1.154839117,103.9355205,0.889954378,90
"KCAE20140715_110750",246.15,"2014","07","15",0.543520871,197.53,0.028608971,273.9022848,0.351906726,9574,2.588038863,269.1560417,2.196095056,104,1.490940966,48.62,0.008418464,80.58153272,0.120946895,9572,1.547116871,75.80872669,0.69816809,49
"KCAE20140715_111249",139.02,"2014","07","15",0.551119245,87.93,0.013666041,130.8113465,0.191745441,9572,2.000723128,126.0455571,1.27944932,63,1.492386334,51.09,0.0088062,84.33697784,0.15963595,9577,1.940430643,79.55765638,1.50329206,41
"KCAE20140715_111749",140.41,"2014","07","15",0.548342081,75.67,0.011112631,106.4145534,0.1812837,9576,1.992955785,101.640745,1.505226466,51,1.492957243,64.74,0.011295275,108.0618993,0.173104079,9567,1.948935925,103.293604,1.290132571,53
"KCAE20140715_112249",127.81,"2014","07","15",0.551135027,92.82,0.012770668,122.2408383,0.199330432,9572,2.175380337,117.4705382,1.543681724,54,1.490428508,34.99,0.005752491,55.08010593,0.121893164,9575,1.934394963,50.29426904,1.345740213,26
"KCAE20140715_112748",85.1,"2014","07","15",0.546918419,58.93,0.009025542,86.40150902,0.161333435,9573,1.898260341,81.62519468,1.50377416,43,1.491775664,26.17,0.004459089,42.65118504,0.095358191,9565,1.64647202,37.86885645,1.061837893,23
"KCAE20140715_113248",141.41,"2014","07","15",0.549728609,76.63,0.010378698,99.37603364,0.179136059,9575,2.14998223,94.59921812,1.56167334,44,1.490149458,64.78,0.010593152,101.3870572,0.171780329,9571,1.97172964,96.61475237,1.391713659,49
"KCAE20140715_113748",81.87,"2014","07","15",0.549354286,51.08,0.008386328,80.26554454,0.135005049,9571,1.715698495,75.49073377,1.029537014,44,1.491163534,30.79,0.005167108,49.43888885,0.139349342,9568,2.350160629,44.65305195,2.12243973,19
"KCAE20140715_114248",107.62,"2014","07","15",0.54728696,83.6,0.010110889,96.77131523,0.181913594,9571,2.358820475,91.99399852,1.627675771,39,1.493121343,24.02,0.004059015,38.86101119,0.102780809,9574,2.271344162,34.07016242,1.306534038,15
"KCAE20140715_114750",95.54,"2014","07","15",0.552328972,48.79,0.008920141,85.29438816,0.141773713,9562,1.750545444,80.52509044,1.074654141,46,1.48938888,46.75,0.00925601,88.5337339,0.28680362,9565,3.641365449,83.75140532,4.683370033,23
"KCAE20140715_115249",608.17,"2014","07","15",0.548077228,406.29,0.093328222,892.5911123,2.634795682,9564,9.345740741,887.8453704,24.87703653,95,1.488439252,201.88,0.047468194,454.6028922,1.632870125,9577,11.83742282,449.8220672,23.38224952,38
"KCAE20140715_115748",266.32,"2014","07","15",0.552749203,215.97,0.046676863,446.6975787,1.338444516,9570,4.603638863,441.9493308,12.61932613,96,1.493747764,50.35,0.010860214,103.943106,0.371491146,9571,4.131594644,99.15827146,6.297545903,24
"KCAE20140715_120247",117.95,"2014","07","15",0.549470222,107.94,0.021557968,206.3313114,0.28475218,9571,2.078175913,201.5830636,1.940502079,97,1.488555373,10.01,0.001497579,14.3378184,0.037200424,9574,1.192932666,9.543461326,0.518537093,8
"KCAE20140715_120746",100.51,"2014","07","15",0.551122968,95.27,0.017255417,165.1170812,0.213981946,9569,1.801863216,160.3658262,1.314221582,89,1.489956478,5.24,0.000698664,6.687612764,0.013683512,9572,0.945625469,1.891250938,0.076897199,2
"KCAE20140715_121246",72.43,"2014","07","15",0.548847541,62.57,0.012304069,117.7007286,0.160985208,9566,1.547163811,112.9429582,1.017850166,73,1.491063168,9.86,0.001506565,14.41933111,0.046519555,9571,1.924994806,9.62497403,0.741861911,5
"KCAE20140715_121745",68.24,"2014","07","15",0.551524809,60.56,0.011295088,108.0826991,0.152939506,9569,1.476027452,103.3219216,1.025138073,70,1.490817295,7.68,0.00124061,11.87511584,0.038343551,9572,1.769939098,7.079756391,0.719523573,4
"KCAE20140715_122245",107.95,"2014","07","15",0.552391247,98.72,0.018819558,180.1408097,0.217880238,9572,1.826995411,175.3915595,1.202194469,96,1.483868775,9.23,0.001134181,10.85638215,0.044424739,9572,3.030010162,6.060020324,0.732737607,2
"KCAE20140715_122745",118.83,"2014","07","15",0.54957371,113.63,0.019019692,182.1135533,0.239993648,9575,1.97066436,177.3597924,1.519084391,90,1.489986746,5.2,0.000698685,6.687111577,0.013684227,9571,0.945625469,1.891250938,0.076897199,2
"KCAE20140715_123245",109.28,"2014","07","15",0.548445924,104.28,0.018055715,172.8473576,0.19735741,9573,1.715291924,168.0986086,0.950361907,98,1.49223771,5,0.000667121,6.383013546,0.011476451,9568,0.794328235,1.588656469,0,2
"KCAE20140715_123745",126.14,"2014","07","15",0.544422882,120.28,0.019221925,184.0114876,0.227053803,9573,1.848064303,179.2622374,1.313852327,97,1.49171376,5.86,0.000883471,8.45481512,0.019747886,9570,0.915114511,3.660458043,0.35918305,4
"KCAE20140716_100039",9.95,"2014","07","16",0.546958749,5.83,0.000956585,9.153561544,0.028001225,9569,1.453068156,4.359204468,0.766192107,3,1.493957807,4.12,0.000501187,4.796361826,0,9570,NA,0,NA,0
"KCAE20140716_100627",57.53,"2014","07","16",0.546666759,47.57,0.006033573,57.78353288,0.135964381,9577,2.649684325,52.99368649,1.394625614,20,1.492771783,9.96,0.001126086,10.77551886,0.043293487,9569,2.990330296,5.980660591,0.243170295,2
"KCAE20140716_101216",133.37,"2014","07","16",0.545198256,129.25,0.016914823,161.8410308,0.267612202,9568,2.755688405,157.0742391,2.134079417,57,1.493020127,4.12,0.000501187,4.7973642,0,9572,NA,0,NA,0
"KCAE20140716_101804",1222.89,"2014","07","16",0.549404219,1218.77,0.15286525,1463.073303,1.266441366,9571,5.630912154,1458.406248,5.341284607,259,1.496204295,4.12,0.000501187,4.793354702,0,9564,NA,0,NA,0
"KCAE20140716_102353",3780.32,"2014","07","16",0.548193274,3776.2,0.454627415,4352.602875,2.483863255,9574,7.151495444,4348.10923,7.023693071,608,1.497073392,4.12,0.000501187,4.798366575,0,9574,NA,0,NA,0
"KCAE20140716_102942",6145.06,"2014","07","16",0.546715257,6140.94,0.698732972,6690.368205,3.344536528,9575,7.792540042,6685.999356,8.344109147,858,1.496818306,4.12,0.000501187,4.794858264,0,9567,NA,0,NA,0
"KCAE20140716_103530",7760.77,"2014","07","16",0.546807123,7756.65,0.854663509,8180.839104,4.428197921,9572,8.726266118,8176.511353,11.47826741,937,1.498959693,4.12,0.000501187,4.798867762,0,9575,NA,0,NA,0
"KCAE20140716_104120",6998.05,"2014","07","16",0.548589741,6989.99,0.739202968,7077.129211,3.560469819,9574,8.262569931,7072.759861,8.927823478,856,1.494933891,8.06,0.001208213,11.56259966,0.035983485,9570,1.692060645,6.76824258,0.562535474,4
"KCAE20140716_104709",4118.38,"2014","07","16",0.545860436,4114.26,0.425534748,4072.793074,2.17911727,9571,6.000495598,4068.336016,5.798783011,678,1.496623781,4.12,0.000501187,4.791851141,0,9561,NA,0,NA,0
"KCAE20140716_105258",2033.72,"2014","07","16",0.546219758,2029.6,0.216379906,2071.188464,1.419774959,9572,5.285388911,2066.587064,4.755103277,391,1.495964218,4.12,0.000501187,4.796361826,0,9570,NA,0,NA,0
"KCAE20140716_105846",1427.92,"2014","07","16",0.547568216,1423.8,0.145827391,1395.276478,1.11069465,9568,5.131427823,1390.61694,4.24694903,271,1.494473692,4.12,0.000501187,4.798366575,0,9574,NA,0,NA,0
"KCAE20140716_110435",1141.71,"2014","07","16",0.546574416,1136.44,0.118711322,1136.067351,0.944410304,9570,5.006125031,1131.384257,3.654954211,226,1.496136236,5.27,0.000698602,6.689116326,0.013681369,9575,0.945625469,1.891250938,0.076897199,2
"KCAE20140716_111024",656.3,"2014","07","16",0.546142769,647.94,0.070068259,670.5532411,0.657341607,9570,4.084899219,665.8385728,3.003952457,163,1.495660921,8.36,0.001190181,11.38527604,0.03157325,9566,1.31868498,6.5934249,0.461400423,5
"KCAE20140716_111615",330.96,"2014","07","16",0.547950864,305.56,0.033758265,323.0665933,0.486750662,9570,3.386354713,318.3173431,3.592278504,94,1.497668787,25.4,0.003535846,33.83450863,0.088933983,9569,2.42038852,29.04466224,0.706695319,12
"KCAE20140716_112204",120.7,"2014","07","16",0.546601381,112.19,0.019665366,188.2762157,0.25631454,9574,2.159064118,183.52045,1.677535302,85,1.49729717,8.51,0.001074862,10.28320059,0.034694671,9567,1.829948629,5.489845888,0.859448049,3
"KCAE20140716_112752",147.05,"2014","07","16",0.545269718,133.25,0.02410523,230.6870464,0.399588228,9570,2.329271131,225.9392997,3.239042304,97,1.499284621,13.8,0.001785537,17.0929474,0.049362831,9573,1.756941474,12.29859032,0.539166221,7
"KCAE20140716_113342",181.87,"2014","07","16",0.548017176,151.11,0.031505686,301.4464072,0.380170996,9568,2.354874582,296.7141973,2.355399858,126,1.498235242,30.76,0.003885864,37.18772168,0.095640954,9570,2.159925177,32.39887766,1.124164314,15
"KCAE20140716_113931",194.54,"2014","07","16",0.546484325,158.01,0.03443965,329.6907739,0.290676409,9573,1.766223516,324.9851269,1.159707296,184,1.494840047,36.53,0.004222088,40.38849657,0.093260345,9566,2.094274099,35.60265967,0.741531708,17
"KCAE20140716_114520",218.01,"2014","07","16",0.548729267,196.64,0.041526928,397.4542289,0.360605042,9571,1.925292196,392.7596081,1.576880649,204,1.494385148,21.37,0.002489713,23.82655621,0.067420456,9570,2.11496723,19.03470507,0.641794658,9
"KCAE20140716_115110",185.48,"2014","07","16",0.545868972,179.9,0.037021515,354.2958983,0.420048791,9570,2.361984542,349.5737122,2.440851725,148,1.494815506,5.58,0.000814228,7.793792563,0.021691135,9572,1.498715369,2.997430737,0.121873847,2
"KCAE20140716_115658",249.45,"2014","07","16",0.546554618,245.33,0.045541166,435.9655855,0.486246607,9573,2.369554595,431.2589362,2.639608579,182,1.497548682,4.12,0.000501187,4.798867762,0,9575,NA,0,NA,0
"KCAE20140716_120249",204.24,"2014","07","16",0.547042364,200.12,0.0347274,332.4454045,0.355338862,9573,2.114356278,327.7252231,1.850289658,155,1.498661944,4.12,0.000501187,4.798867762,0,9575,NA,0,NA,0
"KCAE20140716_120838",324.76,"2014","07","16",0.546696925,320.64,0.052352429,501.1698062,0.442686567,9573,2.112722212,496.4897198,1.909410409,235,1.497649604,4.12,0.000501187,4.7973642,0,9572,NA,0,NA,0
"KCAE20140716_121428",204.38,"2014","07","16",0.545981004,200.26,0.035545277,340.0616611,0.324138218,9567,2.057352738,335.3484964,1.421207221,163,1.49367143,4.12,0.000501187,4.796863013,0,9571,NA,0,NA,0
"KCAE20140716_122017",220.85,"2014","07","16",0.545374149,216.73,0.034109191,326.4931721,0.324326787,9572,2.049519072,321.7744943,1.515738261,157,1.499578691,4.12,0.000501187,4.796863013,0,9571,NA,0,NA,0
"KCAE20140716_122607",90.78,"2014","07","16",0.546685162,86.66,0.017031936,163.0467245,0.208356885,9573,1.758821844,158.2939659,1.253798985,90,1.496570261,4.12,0.000501187,4.794858264,0,9567,NA,0,NA,0
"KCAE20140716_123157",135.67,"2014","07","16",0.54552139,109.8,0.018224886,174.5032811,0.224477242,9575,1.997023697,169.7470143,1.321179477,85,1.498044312,25.87,0.004085212,39.10773174,0.099940277,9573,2.144867835,34.31788535,1.215339018,16
"KCAE20140716_123747",222.7,"2014","07","16",0.546974333,67.99,0.009819258,93.94083852,0.164246919,9567,1.748461584,89.17154081,1.435754091,51,1.499434429,154.71,0.023797292,227.859068,0.365878444,9575,2.720747531,223.1012976,2.89755269,82
"KCAE20140716_124336",383.86,"2014","07","16",0.544922449,20.46,0.00370795,35.48508304,0.067921391,9570,1.279197904,30.7007497,0.46632973,24,1.500851272,363.4,0.062666711,599.8457556,0.616968753,9572,3.0520314,595.1461229,3.100040518,195
"KCAE20140716_124925",1585.09,"2014","07","16",0.548287155,97.96,0.017039442,163.1015392,0.219813691,9572,2.139746795,158.3412628,1.315964687,74,1.494473579,1487.13,0.244734651,2341.865878,2.800826334,9569,6.008393262,2337.264979,12.59881851,389
"KCAE20140716_125515",5665,"2014","07","16",0.545810504,686.99,0.107438771,1028.296477,1.704988376,9571,6.203529153,1023.58231,11.47120035,165,1.496561818,4978.01,0.760353879,7278.107332,7.215565778,9572,14.26189328,7273.565573,28.03686146,510
"KCAE20140717_100740",13301.41,"2014","07","17",0.543866839,13294.39,1.716227453,16434.59409,6.975647249,9576,9.282871085,16430.68182,13.89612174,1770,1.548880343,7.02,0.000818317,7.834569022,0.022259225,9574,1.518602411,3.037204822,0.367238734,2
"KCAE20140717_101723",30329.32,"2014","07","17",0.54402242,30325.2,3.878245261,37114.80715,9.884806387,9570,8.85096882,37112.11226,13.37976032,4193,1.550088137,4.12,0.000501187,4.796863013,0,9571,NA,0,NA,0
"KCAE20140717_102705",45679.24,"2014","07","17",0.543730551,45670.03,5.818429951,55688.19306,10.99693333,9571,8.684748878,55686.60981,12.47501362,6412,1.549506495,9.21,0.001454448,13.91906752,0.029269095,9570,0.829838069,9.128218755,0.253075133,11
"KCAE20140717_103647",54986.65,"2014","07","17",0.543371218,54899.38,6.71020479,64216.65984,9.958313854,9570,8.610297845,64215.60133,10.53058164,7458,1.5501922,87.27,0.016995516,162.5961022,0.144310201,9567,0.986758962,157.8814339,0.538961415,160
"KCAE20140717_104629",46164.56,"2014","07","17",0.543558767,45685.35,5.419780149,51894.39493,6.69169038,9575,6.802126047,51893.41961,6.840972988,7629,1.549244106,479.21,0.100433679,961.552047,0.440817284,9574,1.363398168,957.1055139,0.964326811,702
"KCAE20140717_105612",30599.74,"2014","07","17",0.543667689,30133.67,3.841567181,36763.79792,5.100959795,9570,5.770239307,36762.19462,5.287456154,6371,1.549723836,466.07,0.098964519,947.3873403,0.453128346,9573,1.475602087,942.9097336,1.023064478,639
"KCAE20140717_110555",19719.99,"2014","07","17",0.543223001,19561,2.813414855,26918.75333,4.911229744,9568,5.41360617,26916.44988,5.687077315,4972,1.549260557,158.99,0.032032652,306.5204517,0.248989846,9569,1.353526259,301.8363558,0.935895936,223
"KCAE20140717_111536",11742.62,"2014","07","17",0.544024079,11670.15,1.725728774,16520.40155,3.275402754,9573,4.086499131,16517.62949,3.970361232,4042,1.550769443,72.47,0.012993381,124.3986274,0.169975658,9574,1.407563079,119.6428617,1.143249211,85
"KCAE20140717_112518",7277,"2014","07","17",0.543275591,7263.5,1.11769491,10695.22259,2.673844478,9569,3.455713447,10691.97741,3.746383842,3094,1.549543846,13.5,0.001969415,18.85714476,0.053777122,9575,1.406328887,14.06328887,0.939558439,10
"KCAE20140717_113500",5149.66,"2014","07","17",0.544305063,5124,0.799879764,7655.64922,2.095119674,9571,2.919559698,7652.165969,3.137462015,2621,1.547547502,25.66,0.003511839,33.62234306,0.091065615,9574,1.92209962,28.83149429,1.311679527,15
"KCAE20140717_114443",3956.04,"2014","07","17",0.544055663,3938.28,0.612969674,5867.345718,1.76675128,9572,2.631806552,5863.664999,2.846111986,2228,1.547831226,17.76,0.002836323,27.15495816,0.092782509,9574,2.484566919,22.36110227,1.834633252,9
"KCAE20140717_115426",3042.09,"2014","07","17",0.543034651,3026.32,0.479174433,4586.178502,1.472442327,9571,2.291192007,4582.384013,2.495322576,2000,1.549927236,15.77,0.00172775,16.53456815,0.058479177,9570,1.467776978,11.74221582,1.488787289,8
"KCAE20140717_120408",2901.11,"2014","07","17",0.540022799,2860.59,0.4470024,4277.812965,1.401275706,9570,2.245911909,4273.970363,2.416063663,1903,1.548629472,40.52,0.003771377,36.09585135,0.201785085,9571,6.260298854,31.30149427,6.961336467,5
"KCAE20140717_121349",2884.94,"2014","07","17",0.543884634,2871.87,0.423565279,4055.213978,1.443721,9574,2.258257939,4051.314742,2.642695731,1794,1.549673466,13.07,0.001210533,11.58601238,0.054350463,9571,3.395075873,6.790151746,2.286495486,2
"KCAE20140717_122331",3008.59,"2014","07","17",0.543548699,3003.38,0.42502812,4069.21922,1.471860924,9574,2.180984478,4065.355066,2.702035795,1864,1.549250511,5.21,0.000667104,6.383514734,0.011475851,9569,0.794328235,1.588656469,0,2
"KCAE20140717_123313",2474.78,"2014","07","17",0.543771306,2464.11,0.353301325,3381.800284,1.064624668,9572,1.932425054,3377.878995,1.776800146,1748,1.549430615,10.67,0.001505273,14.40997925,0.054401933,9573,2.403529652,9.614118608,1.321675132,4
"KCAE20140717_124256",2714.48,"2014","07","17",0.543746047,2706.9,0.388618616,3719.468778,1.374638312,9571,2.130473615,3715.545985,2.581249295,1744,1.547986601,7.58,0.00100323,9.603922317,0.038471252,9573,2.403529652,4.807059304,1.61871484,2
"KCAE20140717_125237",2095.05,"2014","07","17",0.540605408,2090.93,0.338033204,3234.977763,1.147767854,9570,1.958186885,3231.00836,2.11445303,1650,1.548966374,4.12,0.000501187,4.796863013,0,9571,NA,0,NA,0
"KCAE20140718_100314",63639.58,"2014","07","18",0.547545104,63635.46,8.091987372,77367.49126,55.10916564,9561,81.17856982,77363.17704,156.7116699,953,1.501763452,4.12,0.000501187,4.7973642,0,9572,NA,0,NA,0
"KCAE20140718_100903",89607.09,"2014","07","18",0.546610582,89596.4,11.41945774,109272.7911,53.91496125,9569,65.50889163,109268.8312,114.6242365,1668,1.495473605,10.69,0.00117934,11.28982115,0.048101868,9573,3.246479069,6.492958137,1.03887087,2
"KCAE20140718_101451",103354.9,"2014","07","18",0.548133232,103350.78,13.09439828,125326.4859,52.10146244,9571,49.20414826,125322.9656,91.79416847,2547,1.498483857,4.12,0.000501187,4.797865388,0,9573,NA,0,NA,0
"KCAE20140718_102041",96627.18,"2014","07","18",0.5460538,96553.73,12.41528024,118814.2319,37.99927908,9570,26.55009571,118811.6783,52.08603804,4475,1.496278482,73.45,0.013496682,129.1632504,0.174786084,9570,1.658726368,124.4044776,1.088778937,75
"KCAE20140718_102630",102963.42,"2014","07","18",0.547474351,102320.73,13.03699321,124777.062,37.42643565,9571,21.03426132,124775.2382,45.73760172,5932,1.496551845,642.69,0.126646835,1212.516795,0.657806494,9574,2.350147936,1207.976039,1.685255216,514
"KCAE20140718_103220",91702.97,"2014","07","18",0.5474018,89247.34,10.99374073,105287.055,24.7176834,9577,15.66051236,105285.6246,28.23600386,6723,1.499486605,2455.63,0.469463499,4494.174072,1.65295145,9573,3.597757763,4490.001688,3.116167423,1248
"KCAE20140718_103810",82440.34,"2014","07","18",0.546502946,79309.23,9.539053128,91279.19938,21.93256519,9569,13.04902206,91277.90932,24.74403038,6995,1.495601182,3131.11,0.620828747,5940.089448,2.191449869,9568,4.355082323,5935.977207,4.178573602,1363
"KCAE20140718_104358",72060.6,"2014","07","18",0.548134791,67827.89,7.816962795,74823.96787,16.92800003,9572,10.9598055,74822.59212,19.16623477,6827,1.496278736,4232.71,0.808002917,7735.819928,2.737802008,9574,4.878117314,7731.815943,5.043300646,1585
"KCAE20140718_104947",57775.17,"2014","07","18",0.547106288,53054.26,5.938760216,56857.69031,11.56148544,9574,8.686962904,56856.17221,13.10200701,6545,1.497049817,4720.91,0.877340692,8402.291806,3.229187735,9577,5.281942656,8398.288824,6.290012249,1590
"KCAE20140718_105536",48832.07,"2014","07","18",0.546693469,44381.42,4.843752429,46374.08576,10.3190165,9574,7.587099255,46372.35065,12.0826405,6112,1.497667434,4450.65,0.76318905,7302.192829,2.410003541,9568,4.510635594,7298.208391,4.177541706,1618
"KCAE20140718_110126",34004.07,"2014","07","18",0.546547448,31586.22,3.432248507,32860.34721,6.560489264,9574,6.203172292,32858.20363,7.785137234,5297,1.496556802,2417.85,0.408883084,3912.193351,1.487669107,9568,3.473743846,3907.961827,2.860590134,1125
"KCAE20140718_110715",26726.54,"2014","07","18",0.546573841,25308.56,2.686341042,25716.3428,5.677100444,9573,5.48270693,25713.8955,7.10344001,4690,1.499164832,1417.98,0.233488706,2234.486921,0.992836372,9570,2.770303124,2230.094015,2.167168631,805
"KCAE20140718_111305",18859.66,"2014","07","18",0.547602124,18107.21,1.979617524,18950.87856,4.371579797,9573,4.716976342,18948.09397,5.712777805,4017,1.496726437,752.45,0.117250564,1121.73615,0.696635127,9567,2.56229314,1117.159809,2.096201038,436
"KCAE20140718_111854",15049.71,"2014","07","18",0.547210052,13982.38,1.585180652,15171.76402,3.428980063,9571,4.156973415,15168.79599,4.489169701,3649,1.495513916,1067.33,0.134764241,1289.963313,0.728403912,9572,2.717553932,1285.40301,1.930351754,473
"KCAE20140718_112444",14149.67,"2014","07","18",0.545982808,13893.29,1.664743636,15936.59083,4.232293399,9573,4.325092111,15933.63934,5.919921898,3684,1.499417392,256.38,0.040516784,387.7456251,0.358009017,9570,2.151901543,383.0384746,1.536578229,178
"KCAE20140718_113033",12039.56,"2014","07","18",0.547164649,11864.84,1.46688098,14040.98474,3.306892022,9572,4.138528125,14037.8874,4.450463416,3392,1.496536818,174.72,0.028566652,273.4114304,0.33656822,9571,2.420452244,268.6701991,2.003580299,111
"KCAE20140718_113622",12185.88,"2014","07","18",0.548193326,12117.86,1.481111025,14177.19473,3.691679569,9572,4.296468865,14174.05079,5.239502911,3299,1.496307756,68.02,0.010695228,102.3533293,0.17767497,9570,2.269267872,97.57851851,1.395046279,43
"KCAE20140718_114213",9495.23,"2014","07","18",0.545695794,9456.25,1.114979874,10675.9323,3.438746273,9575,4.101628562,10672.43752,5.592237745,2602,1.497576291,38.98,0.005816419,55.68639547,0.106821988,9574,1.817930791,50.90206214,0.794004682,28
"KCAE20140718_114801",15675.77,"2014","07","18",0.546228691,15654.07,1.824456808,17450.92937,5.597696936,9565,4.939950654,17447.90571,8.335350638,3532,1.494422804,21.7,0.003584419,34.29572253,0.086937664,9568,1.84427388,29.50838207,1.095685021,16
"KCAE20140718_115351",12621.15,"2014","07","18",0.547944693,12599.91,1.455184468,13933.39128,3.792950812,9575,4.307425247,13930.21325,5.50590664,3234,1.495792075,21.24,0.002934977,28.09653297,0.090815566,9573,2.118561877,23.30418064,1.722018179,11
"KCAE20140718_115940",12751.02,"2014","07","18",0.549777182,12741.93,1.493554071,14297.79312,3.811822185,9573,4.333024756,14294.64867,5.464936128,3299,1.510753012,9.09,0.001343214,12.85321396,0.035349998,9569,1.343393407,8.060360445,0.478124291,6
"KCAE20140718_120532",14154.45,"2014","07","18",0.548829757,14121.58,1.801544117,17244.38028,8.331358909,9572,5.177553115,17241.25187,13.49361936,3330,1.49419169,32.87,0.003151118,30.16880362,0.099863703,9574,2.537544892,25.37544892,1.861019586,10
"KCAE20140718_121122",12109.83,"2014","07","18",0.546699821,12029.63,1.464082135,14012.73011,4.226485383,9571,4.475879222,14009.50196,6.414906726,3130,1.496219143,80.2,0.010874943,104.0840823,0.184213053,9571,2.422140683,99.307768,1.460691669,41
"KCAE20140718_121713",12584.52,"2014","07","18",0.54620237,12537.38,1.531043362,14659.74019,4.157209315,9575,4.381649566,14656.6178,6.08173319,3345,1.496532911,47.14,0.00537056,51.41774037,0.133287792,9574,2.742817293,46.62789398,1.628887218,17
"KCAE20140718_122303",12795.58,"2014","07","18",0.547948564,12748.22,1.560056289,14942.21914,5.142060138,9578,4.511953548,14939.0782,7.94865791,3311,1.497100601,47.36,0.004816242,46.12032886,0.127065751,9576,2.755231848,41.32847772,1.710165246,15
"KCAE20140718_122852",8279.64,"2014","07","18",0.548387491,8267.73,1.03046288,9865.651617,2.580512814,9574,3.430363187,9862.294164,3.734489439,2875,1.500824137,11.91,0.001125956,10.77652123,0.043288964,9571,2.990330296,5.980660591,0.243170295,2
"KCAE20140718_123442",4260.34,"2014","07","18",0.548186523,4256.22,0.544851211,5219.674602,1.630335717,9580,2.918729071,5215.768849,2.706371076,1787,1.501023007,4.12,0.000501187,4.796863013,0,9571,NA,0,NA,0
"KCAE20140718_124031",7109.04,"2014","07","18",0.546805426,7102.82,0.932679169,8926.672331,2.252816175,9571,3.33827727,8923.215142,3.18509774,2673,1.495462543,6.22,0.000857174,8.203159311,0.024981351,9570,1.70389993,3.40779986,0.412048637,2
"KCAE20140718_124620",5213.37,"2014","07","18",0.547492047,5209.25,0.710919054,6804.917189,2.026209683,9572,3.172198867,6801.19437,3.24436326,2144,1.498018659,4.12,0.000501187,4.798366575,0,9574,NA,0,NA,0
"KCAE20140718_125210",4859.88,"2014","07","18",0.547762132,4855.76,0.683017836,6540.578796,2.014141401,9576,3.123186055,6536.828412,3.308192019,2093,1.498673317,4.12,0.000501187,4.798366575,0,9574,NA,0,NA,0
"KCAE20140718_125800",4343.47,"2014","07","18",0.546584464,4339.35,0.630415375,6031.814304,1.725858099,9568,2.949140593,6028.043371,2.666036373,2044,1.498454099,4.12,0.000501187,4.795860639,0,9569,NA,0,NA,0
"KCAE20140719_100238",881.26,"2014","07","19",0.555835164,732.15,0.097442587,932.9153294,0.746698182,9574,2.92831495,928.2758392,2.928539055,317,0.935027923,149.11,0.020674517,197.6897317,0.346709608,9562,2.473544512,192.936472,2.963308545,78
"KCAE20140719_100657",6181.69,"2014","07","19",0.553293315,5859.58,0.726761754,6960.197319,4.672956476,9577,8.683893757,6955.7989,13.86369004,801,0.933512297,322.11,0.045005982,430.5272271,0.400320199,9566,2.519630595,425.8175706,1.689114494,169
"KCAE20140719_101117",14547.32,"2014","07","19",0.553507742,13512.91,1.673920896,16019.42297,7.84662697,9570,11.3583924,16015.33328,17.55182683,1410,0.933163367,1034.41,0.138792018,1328.655993,0.986028873,9573,3.667698215,1324.039056,3.588033341,361
"KCAE20140719_101537",36560.96,"2014","07","19",0.553896916,31349.3,3.861057509,36915.57085,14.7370197,9561,16.59707448,36911.89364,26.87956596,2224,0.926587728,5211.66,0.659923734,6322.729297,2.98654253,9581,5.818113915,6318.471712,6.979834576,1086
"KCAE20140719_101957",64425.31,"2014","07","19",0.553336782,50814.5,6.082208422,58176.32356,19.14466506,9565,20.46901973,58172.95408,30.64757632,2842,0.935412824,13610.81,1.669130888,15960.22955,5.949606856,9562,8.301977358,15956.40048,11.00396522,1922
"KCAE20140719_102416",91341.49,"2014","07","19",0.549713908,64795.48,7.677299063,73364.26985,22.1085926,9556,20.17637591,73361.30282,32.13392451,3636,0.934784375,26546.01,3.224081642,30893.15029,11.13095797,9582,12.07097712,30889.63046,18.90061773,2559
"KCAE20140719_102835",114556.56,"2014","07","19",0.555591352,76378.83,8.959741186,85619.28677,24.11220136,9556,19.70010943,85616.67559,32.66360641,4346,0.937940253,38177.73,4.560938031,43639.05508,12.42431741,9568,12.8227932,43635.96526,18.11435059,3403
"KCAE20140719_103254",123692.35,"2014","07","19",0.553341451,76915.76,8.944224809,85488.90073,22.92104882,9558,17.40361812,85486.57221,29.58292922,4912,0.926001826,46776.59,5.484456813,52502.70508,13.67452522,9573,13.34177367,52499.87938,18.71168928,3935
"KCAE20140719_103714",114339.64,"2014","07","19",0.554150666,67234.87,7.547901277,72301.34633,19.65669906,9579,14.76695247,72298.99927,25.48364013,4896,0.933675855,47104.77,5.367137665,51401.07742,13.03571226,9577,12.11083991,51398.40459,17.37313203,4244
"KCAE20140719_104134",107548.9,"2014","07","19",0.55316231,55582.2,6.167549453,59048.11846,15.49304986,9574,11.83045913,59045.82152,19.83647669,4991,0.923661003,51966.7,5.854478533,55980.52373,13.31030345,9562,12.63610646,55977.95164,17.22613415,4430
"KCAE20140719_104553",103936.18,"2014","07","19",0.551035207,52928.9,5.64721549,54072.08832,12.71084437,9575,11.08213461,54069.73474,16.02694386,4879,0.93821078,51007.28,5.478855393,52427.16725,12.20921905,9569,11.53203911,52424.64979,15.62016102,4546
"KCAE20140719_105013",92207.68,"2014","07","19",0.554943109,44888.41,4.589166769,43890.79098,10.72721673,9564,9.185515341,43888.3923,13.71629667,4778,0.939724572,47319.27,5.001420469,47858.59247,11.6416266,9569,10.73245826,47856.0314,15.1445474,4459
"KCAE20140719_105433",79026.27,"2014","07","19",0.554199697,41387.04,4.143908364,39657.20305,9.988528383,9570,8.875256488,39654.64599,13.10439632,4468,0.929875289,37639.23,3.898404594,37342.8176,10.21211581,9579,9.424533679,37340.00243,14.14507326,3962
"KCAE20140719_105854",56384.93,"2014","07","19",0.554054791,30784.18,3.115454313,29827.35959,7.394732826,9574,7.896334183,29824.45421,10.04351506,3777,0.924125244,25600.75,2.701327487,25846.30139,6.747017519,9568,8.078496196,25843.10933,9.629749611,3199
"KCAE20140719_110314",40347.6,"2014","07","19",0.55442642,23565.09,2.407841549,23059.89851,5.928342515,9577,7.149368983,23056.71497,8.395365375,3225,0.93757069,16782.51,1.787901966,17088.76699,5.188897732,9558,6.710625555,17085.25266,8.250005124,2546
"KCAE20140719_110733",27165.08,"2014","07","19",0.552108903,16451.06,1.710691869,16373.03188,5.035636631,9571,6.459946734,16369.50502,8.069371046,2534,0.940020211,10714.02,1.164978504,11152.33922,3.657522294,9573,5.758528744,11148.51165,6.301730421,1936
"KCAE20140719_111152",21841.54,"2014","07","19",0.553459672,13463.29,1.406843865,13462.08894,4.596237056,9569,5.965613369,13458.42376,7.901249803,2256,0.93492683,8378.25,0.924674874,8855.611267,3.554496196,9577,5.758999169,8851.581722,7.135214516,1537
"KCAE20140719_111611",13273.22,"2014","07","19",0.55408748,8494.65,0.921778653,8821.421713,2.916256945,9570,4.45559232,8817.6172,5.038967041,1979,0.923883615,4778.57,0.632033307,6038.446212,2.97556865,9554,4.858518796,6034.280344,6.899834667,1242
"KCAE20140719_112033",12939.17,"2014","07","19",0.553882276,7459.35,0.895220974,8567.264721,3.566856109,9570,4.789353737,8563.364482,7.033291013,1788,0.929137999,5479.82,1.030502805,9854.698324,6.869741397,9563,9.146188718,9850.445249,18.57677838,1077
"KCAE20140719_112452",14023.02,"2014","07","19",0.554036556,6526.79,0.995142653,9525.505472,4.489876825,9572,5.756672958,9521.537072,9.449729781,1654,0.927644482,7496.23,1.659444779,15836.08153,11.33391155,9543,14.30158402,15831.85351,30.45169995,1107
"KCAE20140719_112913",17004.49,"2014","07","19",0.554319664,6736.46,1.241608964,11847.43274,5.678206897,9542,7.392917171,11843.45331,12.10957286,1602,0.930235313,10268.03,2.380997464,22812.3367,12.50217687,9581,18.80308555,22808.14277,30.43752814,1213
"KCAE20140719_113332",20775.06,"2014","07","19",0.554460543,7433.11,1.511029974,14459.04583,6.840769099,9569,9.368129162,14455.0233,14.72129356,1543,0.939559051,13341.95,3.10829991,29730.88863,15.31259184,9565,24.85509548,29726.6942,36.54625175,1196
"KCAE20140719_113751",27791.29,"2014","07","19",0.554301891,8987.58,1.907238537,18242.73661,8.739615804,9565,11.96765523,18238.70656,18.95194661,1524,0.936722118,18803.71,4.390306296,41962.54758,21.20895725,9558,31.61900701,41958.42231,48.78982893,1327
"KCAE20140719_114211",32548.51,"2014","07","19",0.555014051,10750.37,2.318273451,22202.10484,11.06979177,9577,14.08508556,22198.09484,24.06676293,1576,0.924613759,21798.14,4.986875892,47739.36291,20.70011569,9573,32.51723487,47735.30079,43.58979022,1468
"KCAE20140719_114630",42689.79,"2014","07","19",0.551721568,12564.13,2.778027269,26571.83083,12.47314515,9565,16.63609102,26567.83737,26.48820149,1597,0.923972581,30125.66,6.742362918,64524.41312,27.99140329,9570,39.17452472,64520.44222,57.30362626,1647
"KCAE20140719_115050",67715.59,"2014","07","19",0.552525247,24681.46,5.403459405,51721.91343,24.45738118,9572,30.35092141,51717.97009,51.03055408,1704,0.935883829,43034.13,9.430059563,90198.51972,41.06047324,9565,49.28669018,90194.64303,82.76828397,1830
"KCAE20140719_115509",73081.46,"2014","07","19",0.554628455,27022.68,5.817949461,55671.95839,34.94133202,9569,30.92670259,55668.06467,75.60688838,1800,0.935921307,46058.78,9.845199212,94149.64007,45.58627255,9563,48.30468139,94145.82403,91.33424907,1949
"KCAE20140719_115931",80455.58,"2014","07","19",0.552770328,30179.45,6.252494111,59748.83373,40.71370055,9556,32.10369537,59744.97709,87.66371596,1861,0.937669943,50276.13,10.40219699,99413.79663,52.55636372,9557,48.68267885,99410.0302,105.2047883,2042
"KCAE20140719_120350",87665.51,"2014","07","19",0.554923628,33267.32,6.630755149,63390.01923,43.78572193,9560,32.02941876,63386.21973,91.93051907,1979,0.925069392,54398.19,10.74202888,102726.0222,50.02354,9563,47.84457632,102722.3054,96.81867585,2147
"KCAE20140719_120811",83581.9,"2014","07","19",0.55328704,35363.37,6.690890277,64031.81995,43.52004211,9570,30.48956004,64028.07609,88.92955929,2100,0.924214088,48218.53,9.193531604,87954.51686,41.12848694,9567,38.74487211,87950.85969,77.36959896,2270
"KCAE20140719_121230",80429.69,"2014","07","19",0.55291898,29857.63,5.595337274,53519.40102,30.69571155,9565,23.59600699,53515.74386,59.58301457,2268,0.938810359,50572.06,9.68642635,92582.86305,41.75767497,9558,36.70869814,92579.3367,74.95312229,2522
"KCAE20140719_121650",83395.72,"2014","07","19",0.553017324,33581.11,6.429667861,61583.35877,27.89638021,9578,25.91740287,61579.74922,51.3107013,2376,0.923172595,49814.61,9.776790824,93515.00424,38.87799563,9565,35.75966386,93511.52098,67.82868106,2615
"KCAE20140719_122109",76895.74,"2014","07","19",0.554223438,27729.63,5.480383424,52414.38707,24.49283759,9564,21.35730384,52410.82363,44.71558023,2454,0.935288169,49166.11,9.917237122,94997.21439,35.63250347,9579,33.20302252,94993.84742,58.98019433,2861
"KCAE20140719_122529",79644.91,"2014","07","19",0.554061885,27940.99,5.723383643,54789.95162,19.75931843,9573,21.41768405,54786.43579,33.54546564,2558,0.925534184,51703.92,10.60253237,101529.85,32.56897258,9576,34.79318474,101526.5131,51.38002591,2918
"KCAE20140719_122949",89070.38,"2014","07","19",0.555630358,30929.13,6.440026137,61611.73005,20.23816648,9567,22.76729172,61608.2914,32.8115768,2706,0.92602032,58141.25,11.86410652,113539.4994,37.14732791,9570,37.95927854,113536.2021,58.5264565,2991
"KCAE20140719_123409",111462.76,"2014","07","19",0.552962052,40349.24,8.231374975,78733.10164,29.0330867,9565,27.97786714,78729.71812,48.09591728,2814,0.937173293,71113.52,14.29172307,136728.9146,44.854232,9567,44.85749584,136725.6473,70.31920604,3048
"KCAE20140719_123828",124901.16,"2014","07","19",0.554473676,45767,9.031112661,86400.65483,31.81938481,9567,30.24056418,86397.29187,52.43680438,2857,0.937725484,79134.16,15.45673589,147859.1355,49.48950174,9566,47.66469886,147855.8959,77.58158055,3102
"KCAE20140719_124248",151585.13,"2014","07","19",0.555250114,57177.96,10.92222039,104525.6492,39.65634675,9570,35.12175549,104522.3443,64.86987775,2976,0.92782678,94407.17,17.92092461,171341.9602,60.6623639,9561,52.98045428,171338.7891,94.99223851,3234
"KCAE20140719_124707",189706.25,"2014","07","19",0.557025823,76493.93,14.1700496,135692.395,57.62127974,9576,44.37185357,135689.1282,95.17818728,3058,0.924371156,113212.32,20.87447968,199664.3982,72.08270662,9565,57.87285027,199661.3334,110.7535881,3450
"KCAE20140719_125127",232817.2,"2014","07","19",0.553185677,98232.47,17.75557222,169885.315,74.91533025,9568,53.17124286,169882.1209,122.1756767,3195,0.92593289,134584.73,24.17453439,231277.7705,85.0699146,9567,63.31092431,231274.8065,128.3658602,3653
"KCAE20140719_125547",278583.19,"2014","07","19",0.551956146,124540.89,21.8817125,209254.8166,88.09087302,9563,60.82899647,209251.7479,138.5877951,3440,0.93939686,154042.3,26.88370492,256954.4516,93.18290152,9558,66.17347602,256951.6074,137.0255577,3883
"KCAE20140720_100140",57779.28,"2014","07","20",0.551304576,35206.15,5.633032996,53733.50175,57.31869741,9539,86.65972848,53729.03166,208.7852393,620,0.940497065,22573.13,3.673975984,35075.44872,39.9153473,9547,100.4895094,35070.8388,184.247739,349
"KCAE20140720_100650",68479.03,"2014","07","20",0.551940213,42543.63,6.115510733,58280.81728,54.39602357,9530,62.26122872,58276.51008,163.2676646,936,0.926773154,25935.4,3.796554176,36234.31306,41.34361493,9544,91.72082961,36229.7277,182.5255856,395
"KCAE20140720_101159",68008.62,"2014","07","20",0.551314577,40459.74,5.564610433,52891.62217,47.25039492,9505,45.35801267,52887.44277,128.0895631,1166,0.925795873,27548.88,3.967983391,37810.91373,42.3107573,9529,95.95516596,37806.33539,185.8844975,394
"KCAE20140720_101708",73904.63,"2014","07","20",0.552691818,43855.76,5.980772234,56895.08626,51.56709035,9513,35.51256016,56891.12137,121.4473995,1602,0.92552922,30048.87,4.15802356,39601.01638,43.41141758,9524,95.4131351,39596.45107,186.0680182,415
"KCAE20140720_102218",74508.17,"2014","07","20",0.553379768,48209.85,6.135611359,58447.83381,46.50237058,9526,25.45479539,58444.21022,92.10314149,2296,0.930247752,26298.32,3.49021698,33387.41563,42.09603924,9566,55.45336044,33382.92298,159.1117502,602
"KCAE20140720_102727",64598.72,"2014","07","20",0.552770873,44979.35,5.544820323,52880.95142,35.38832853,9537,18.49513973,52877.60449,62.76097861,2859,0.930376783,19619.37,2.596969444,24816.64001,32.17072017,9556,20.42177745,24812.45961,88.21276326,1215
"KCAE20140720_103236",78192.58,"2014","07","20",0.554821098,49828.08,6.20954645,59176.97766,45.93589536,9530,18.32006817,59173.82018,77.49284115,3230,0.939083167,28364.5,3.926964906,37549.63843,40.50120188,9562,27.85276089,37545.52168,104.7678195,1348
"KCAE20140720_103747",79796.07,"2014","07","20",0.55157053,47970.91,6.189413055,58960.34876,45.44307977,9526,18.04076265,58957.21233,76.20297745,3268,0.92857656,31825.16,4.58770345,43752.92781,45.77298336,9537,26.67620118,43748.96993,107.7054832,1640
"KCAE20140720_104256",61610.98,"2014","07","20",0.555254993,37137.16,5.183405489,49413.40453,42.92092205,9533,17.48409167,49410.04307,77.46456407,2826,0.928808771,24473.82,3.891554049,37152.66651,41.05777569,9547,25.63741055,37148.60789,102.7396489,1449
"KCAE20140720_104806",55463.72,"2014","07","20",0.551755666,36529.55,5.371735476,51176.52388,49.66101404,9527,22.50346911,51172.88877,99.75005244,2274,0.937935581,18934.17,3.315435438,31609.36146,38.06773926,9534,26.05539249,31605.19108,103.9487947,1213
"KCAE20140720_105315",49505.67,"2014","07","20",0.55463744,30094.14,4.860146641,46219.99455,46.33404481,9510,30.02988927,46215.99959,111.8792989,1539,0.939549602,19411.53,3.694929651,35105.52661,40.8899017,9501,37.66226603,35101.23194,125.6201335,932
"KCAE20140720_105826",54526.99,"2014","07","20",0.551414123,31237.8,5.527155297,52336.63351,53.92724129,9469,54.2304367,52332.37141,160.9927851,965,0.92520532,23289.19,4.443047551,42093.4325,48.10233804,9474,54.87492655,42089.06866,160.7600535,767
"KCAE20140720_110335",71317.19,"2014","07","20",0.552787946,37772.26,6.913328051,65296.38344,63.0628074,9445,81.71720923,65292.05017,202.3481879,799,0.9365836,33544.93,6.399240385,60408.82923,60.3006025,9440,77.4416525,60404.48895,196.3416586,780
"KCAE20140720_110844",70888.46,"2014","07","20",0.55190055,40903.43,7.829676392,73739.89226,69.11611216,9418,109.3998663,73735.50988,236.039831,674,0.928636278,29985.03,5.798007824,54675.21378,54.23519823,9430,85.2898734,54670.80885,191.1688407,641
"KCAE20140720_111317",65874.31,"2014","07","20",0.547959587,34334.65,6.592791157,62110.68549,56.15787963,9421,103.6832454,62106.26401,198.9858396,599,0.921060592,31539.66,6.527741462,61576.18521,56.56548382,9433,95.60835447,61571.78028,195.9715319,644
"KCAE20140720_111803",80021.29,"2014","07","20",0.551526122,42242.94,8.662139338,81406.7855,69.79754306,9398,117.9745234,81402.42116,231.3620989,690,0.935787322,37778.35,8.020444416,75552.5864,67.05287581,9420,116.2279861,75548.19099,229.4691588,650
"KCAE20140720_112250",82191.5,"2014","07","20",0.553377077,43824.57,9.339462918,88173.86941,73.06078564,9441,119.9585117,88169.50607,235.2932715,735,0.92395898,38366.93,8.267889177,78065.40961,64.69941566,9442,109.329181,78061.03524,210.6266911,714
"KCAE20140720_112736",81014.47,"2014","07","20",0.554195453,40125.12,8.281124446,77850.85091,64.34431791,9401,105.7697121,77846.50813,206.4559631,736,0.923183996,40889.35,8.648941917,81533.57545,67.54521292,9427,107.1343392,81529.23216,214.5232303,761
"KCAE20140720_113222",79458.3,"2014","07","20",0.553330349,39280.21,8.129131624,76300.02942,64.39284056,9386,100.3890871,76295.70618,204.9303893,760,0.929200306,40178.09,8.51659674,79860.12763,65.93441552,9377,113.5928596,79855.78033,214.7343716,703
"KCAE20140720_113708",69104.21,"2014","07","20",0.5536535,33193.46,6.833734038,64114.09274,58.17853985,9382,87.10565146,64109.75948,190.2597068,736,0.923211943,35910.75,7.598805162,71117.21751,65.08850488,9359,106.6159838,71112.86119,221.2574331,667
"KCAE20140720_114155",84529.16,"2014","07","20",0.550831406,40546.66,8.106786819,75498.50565,64.58055352,9313,114.0395315,75494.16987,216.0006573,662,0.928412089,43982.5,9.164653466,85570.36941,71.8847348,9337,130.436004,85566.01861,240.4395485,656
"KCAE20140720_114643",103443.64,"2014","07","20",0.553501026,48720.05,10.11975271,94012.50264,77.00785954,9290,148.0443541,94008.16486,257.7496949,635,0.933852906,54723.59,11.42310094,106566.1087,81.23997277,9329,161.2129568,106561.7644,262.8582835,661
"KCAE20140720_115129",107457.48,"2014","07","20",0.554497587,54303.41,11.2163665,104076.6648,83.99056382,9279,156.9718651,104072.3466,275.5982021,663,0.927280999,53154.07,11.2110972,104095.0375,81.73632322,9285,164.4402863,104090.7012,270.0067639,633
"KCAE20140720_115616",112297.42,"2014","07","20",0.554109868,55069.1,11.388965,105416.26,82.46757969,9256,171.6806657,105411.9287,274.0718795,614,0.931961836,57228.32,12.02969757,111358.9104,82.98188415,9257,176.4731968,111354.5872,268.5211296,631
"KCAE20140720_120103",115554.1,"2014","07","20",0.55426754,54546.72,11.4559024,106230.583,81.06095542,9273,174.7142109,106226.2402,267.9562003,608,0.92974757,61007.38,12.7789705,118767.7518,86.33251636,9294,178.8605822,118763.4266,273.3491027,664
"KCAE20140720_120550",120899.47,"2014","07","20",0.55317256,59796.99,12.63548296,117383.6367,84.95551349,9290,190.8606324,117379.2889,274.0779836,615,0.937799267,61102.48,12.99229771,120789.3918,86.27906714,9297,172.0585244,120785.0841,267.0368179,702
"KCAE20140720_121036",125732.27,"2014","07","20",0.553071737,60662.49,12.7026029,117765.8315,86.9102136,9271,180.0634751,117761.5127,277.5722425,654,0.92526872,65069.78,13.56304891,125973.5983,89.13124269,9288,175.4447119,125969.3031,272.8724737,718
"KCAE20140720_121522",125106.03,"2014","07","20",0.554165456,60569.38,12.4844831,115893.4566,85.32113677,9283,171.942347,115889.1419,270.0799525,674,0.927938941,64536.65,13.19501824,122713.6696,88.73098801,9300,168.7886835,122709.3729,273.030218,727
"KCAE20140720_122008",129694.62,"2014","07","20",0.553732231,65344.42,13.18749423,122815.1338,87.69516048,9313,174.9441853,122810.8181,271.6987653,702,0.940079775,64350.2,12.9608247,121002.2594,84.28061061,9336,156.9364031,120997.9668,251.9737011,771
"KCAE20140720_122455",123635.56,"2014","07","20",0.553986834,58417.13,11.85761599,110441.8353,84.00345871,9314,161.4583481,110437.5101,268.3839672,684,0.921912305,65218.43,13.16623629,123433.4652,88.06202664,9375,160.5060494,123429.152,266.4109786,769
"KCAE20140720_122926",137012.15,"2014","07","20",0.552656701,71862.43,14.65565386,137088.9862,98.20440347,9354,193.3492996,137084.6534,304.6374611,709,0.916963813,65149.72,13.08900042,122814.091,87.37027685,9383,165.7351683,122809.7597,267.29811,741
"KCAE20140720_123358",110946.39,"2014","07","20",0.553737755,54213.64,10.93574598,102369.5181,75.68074762,9361,147.5002511,102365.1743,239.1383805,694,0.922630651,56732.75,11.29230965,105718.603,78.71807317,9362,140.3908211,105714.2883,242.8724821,753
"KCAE20140720_123830",132924.54,"2014","07","20",0.555544448,63032.64,12.50857201,117530.5426,85.68895858,9396,162.5535212,117526.1958,266.685688,723,0.920747387,69891.9,13.99569075,131643.4672,90.12575048,9406,164.5489425,131639.154,266.0960741,800
"KCAE20140720_124301",135810.43,"2014","07","20",0.555785287,64413.39,12.78264491,119965.1225,86.27165617,9385,171.3725281,119960.7697,269.6331259,700,0.928646337,71397.04,14.19112578,133623.6403,90.87375866,9416,178.6354225,133619.2961,273.2534343,748
"KCAE20140720_124733",125455.88,"2014","07","20",0.55354248,63659.17,12.70044305,119231.7593,86.93840822,9388,178.4841153,119227.389,277.0148745,668,0.917433372,61796.71,12.24097328,115248.7634,82.95421246,9415,162.544993,115244.4001,258.9086976,709
"KCAE20140720_125210",107549.42,"2014","07","20",0.553850692,54434.54,10.76626829,101181.3894,77.37597841,9398,154.941817,101177.0065,252.8155283,653,0.91711475,53114.88,10.45202432,98499.87717,73.74219495,9424,142.3345387,98495.5008,235.2805689,692
"KCAE20140720_125646",102535.99,"2014","07","20",0.553530009,53414.72,10.48479486,98777.25241,78.4998005,9421,155.7931364,98772.84848,262.7345182,634,0.919712112,49121.27,9.497634113,89505.70388,71.40095611,9424,136.8521536,89501.30847,236.8793066,654
"KCAE20140721_100148",3941.92,"2014","07","21",0.549369939,2024.03,0.291543762,2782.202124,4.907051745,9543,12.23582848,2777.533064,29.49343917,227,0.923458536,1917.89,0.332098976,3179.847697,5.668420544,9575,14.43254132,3175.15909,34.6444774,220
"KCAE20140721_100619",8043.45,"2014","07","21",0.552080497,3724.8,0.555344986,5314.096169,6.994174915,9569,13.7908916,5309.493265,32.18519616,385,0.924087137,4318.65,0.633144099,6054.757018,14.28215777,9563,20.57861059,6050.111514,79.02537059,294
"KCAE20140721_101051",12774.94,"2014","07","21",0.553575632,6133.76,1.114592747,10665.538,12.41981591,9569,21.98141281,10660.98521,50.88931627,485,0.920690336,6641.18,1.291313434,12360.45219,13.04697939,9572,32.8612853,12355.84327,57.48375031,376
"KCAE20140721_101523",25541.34,"2014","07","21",0.554039447,12930.45,2.318670992,22161.85734,24.29024934,9558,36.50308272,22157.37121,89.74991515,607,0.938948819,12610.89,2.428202373,23223.32749,25.2836547,9564,53.49942777,23218.75165,106.6763786,434
"KCAE20140721_101959",29436.81,"2014","07","21",0.553010779,16150.87,2.901992696,27751.75615,28.60109603,9563,32.15225472,27747.39582,90.18109555,863,0.916301204,13285.94,2.606143207,24943.39664,27.05277452,9571,47.50259599,24938.8629,105.968586,525
"KCAE20140721_102435",31933.76,"2014","07","21",0.552809498,17498.05,2.86224555,27380.24093,23.11836654,9566,29.0923679,27375.91819,68.37037584,941,0.920000745,14435.71,2.664484305,25485.79238,22.88373283,9565,40.70497167,25481.31227,80.3892992,626
"KCAE20140721_102913",37039.64,"2014","07","21",0.554069951,20852.03,3.530838081,33775.99709,28.58221471,9566,30.28857538,33771.76155,78.76070387,1115,0.919681544,16187.61,2.890816468,27601.51563,26.15027298,9548,39.14479948,27597.08364,88.61383857,705
"KCAE20140721_103349",35706.64,"2014","07","21",0.553451228,21237.24,3.546335187,33881.68637,34.1610688,9554,28.34936983,33877.49695,92.91436638,1195,0.920003702,14469.4,2.483296818,23772.60044,23.67266099,9573,28.84492179,23768.21556,75.87114065,824
"KCAE20140721_103826",30376.76,"2014","07","21",0.556103481,17097.73,2.743139346,26243.61413,22.4884864,9567,20.35645097,26239.4653,58.2860797,1289,0.929516376,13279.03,2.192525227,20964.92622,19.00281725,9562,26.46531668,20960.53081,61.00489789,792
"KCAE20140721_104307",25950.49,"2014","07","21",0.555175093,14497.07,2.289138776,21913.9255,17.19519063,9573,17.88550334,21909.74159,45.08972848,1225,0.919155311,11453.42,1.891585374,18108.14679,16.44118349,9573,23.60330291,18103.73333,53.52309219,767
"KCAE20140721_104748",23349.73,"2014","07","21",0.553350807,13118.07,2.201389473,21080.50559,15.40856654,9576,16.84758849,21076.33321,39.64497519,1251,0.919796899,10231.66,1.76960784,16912.14212,15.01448125,9557,20.00920211,16907.77578,46.76590694,845
"KCAE20140721_105228",20583.17,"2014","07","21",0.554754966,10449.95,1.862458161,17799.51265,13.65009316,9557,16.25138959,17795.2716,37.32944234,1095,0.922958923,10133.22,1.815075045,17366.63803,18.32461785,9568,21.86680178,17362.24061,60.10062492,794
"KCAE20140721_105714",20441.59,"2014","07","21",0.554168625,10035.59,1.757148518,16791.31124,14.35142483,9556,16.50642242,16787.0316,41.14970781,1017,0.927765894,10406,1.747207276,16713.7848,14.07428768,9566,20.05931324,16709.40793,43.69793204,833
"KCAE20140721_110200",21860.22,"2014","07","21",0.556475568,10402.51,1.660489646,15869.29954,13.24915346,9557,17.11431963,15864.9743,39.32878317,927,0.92622195,11457.71,1.813854375,17362.21408,15.09892264,9572,20.46915297,17357.84172,46.83821946,848
"KCAE20140721_110647",28746.02,"2014","07","21",0.554289916,14147.5,2.308484922,22059.88192,21.81035617,9556,25.3511823,22055.5286,68.15862464,870,0.925839123,14598.52,2.542145106,24338.49724,21.57817144,9574,28.79777796,24334.12238,67.26247922,845
"KCAE20140721_111134",32120.88,"2014","07","21",0.551933565,14342.19,2.644593752,25311.4068,23.89617865,9571,28.92234111,25307.04847,74.10589148,875,0.925727219,17778.69,3.414308158,32548.59967,32.7187486,9533,39.11567168,32544.23884,104.3131484,832
"KCAE20140721_111621",51295.27,"2014","07","21",0.552858558,26924.97,5.043838164,48234.22436,44.38658147,9563,58.24860687,48229.84649,140.2740302,828,0.916700459,24370.3,4.597718303,43990.96872,41.02106689,9568,52.80503104,43986.59085,129.6176092,833
"KCAE20140721_112102",53183.03,"2014","07","21",0.549503215,26464.75,4.962224993,47349.55089,47.80701599,9542,60.08269479,47345.16349,156.1789303,788,0.917012989,26718.28,5.092081992,48588.64636,45.02222784,9542,59.98058024,48584.27,143.5593846,810
"KCAE20140721_112533",49296.82,"2014","07","21",0.555629321,25323.78,4.77814606,45674.29818,45.4623619,9559,60.17113009,45669.88774,150.7455349,759,0.926749465,23973.04,4.391589033,42031.89863,41.78414159,9571,53.13210899,42027.49821,136.2238425,791
"KCAE20140721_113019",41939.32,"2014","07","21",0.553820939,20521.69,3.618716557,34533.4121,35.39391135,9543,45.97737106,34529.00566,118.2706132,751,0.921452014,21417.63,3.798443507,36354.9028,34.72988612,9571,43.79580955,36350.52192,110.3186003,830
"KCAE20140721_113451",38185.19,"2014","07","21",0.554303561,20343.81,3.501229277,33485.7568,38.44719536,9564,43.59550568,33481.34836,129.1508001,768,0.92782463,17841.38,2.978672159,28502.91389,30.59171338,9569,33.72608465,28498.54153,97.83193236,845
"KCAE20140721_113922",26241.64,"2014","07","21",0.551171599,12558.06,2.145107915,20502.94145,19.41576709,9558,26.6560943,20498.53651,63.53611603,769,0.924344557,13683.58,2.19665132,21017.55983,21.69121162,9568,23.87864263,21013.20551,67.84307153,880
"KCAE20140721_114407",23806.78,"2014","07","21",0.555224143,12244.17,1.948866094,18631.15986,20.40295666,9560,23.57818284,18626.76444,67.32580693,790,0.925801616,11562.61,1.88438968,18009.11217,19.02162758,9557,21.5110416,18004.74182,60.93577962,837
"KCAE20140721_114837",22335.21,"2014","07","21",0.553394682,12004.38,1.984516819,18999.76403,19.32258839,9574,22.96902073,18995.38014,62.00443762,827,0.922971716,10330.83,1.751147899,16732.21818,13.30012128,9555,18.52478616,16727.8819,39.52963513,903
"KCAE20140721_115308",25811.75,"2014","07","21",0.554852082,11224.97,2.029092898,19402.18629,18.23746957,9562,20.90286535,19397.85904,55.0956532,928,0.923122603,14586.78,2.547624545,24370.5764,19.70219397,9566,23.22812945,24366.30779,55.33564347,1049
"KCAE20140721_115740",31233.06,"2014","07","21",0.553078254,13800.84,2.483898603,23780.84523,20.73290742,9574,22.26271735,23776.58213,58.44537783,1068,0.925471357,17432.22,3.167775598,30331.45135,22.39082531,9575,25.06385035,30327.25892,58.48855326,1210
"KCAE20140721_120211",44294.62,"2014","07","21",0.553561933,19444.14,3.603806153,34463.19824,23.8173802,9563,29.8346184,34458.98426,62.58679121,1155,0.91959237,24850.48,4.506959752,43032.45171,27.7803099,9548,33.02250147,43028.31942,68.6768642,1303
"KCAE20140721_120642",65364.31,"2014","07","21",0.555353539,30843.34,5.696669499,54420.28372,40.8336455,9553,40.79172748,54416.16446,102.5451134,1334,0.918167772,34520.97,6.337555548,60561.68081,39.68283297,9556,38.27919364,60557.68435,91.06938084,1582
"KCAE20140721_121118",91476.13,"2014","07","21",0.553796026,40147.68,7.458525059,71407.91891,44.06625285,9574,47.4444351,71403.87483,102.2813712,1505,0.919790864,51328.45,9.487696385,90673.91436,57.12930925,9557,51.72276274,90670.00309,124.96359,1753
"KCAE20140721_121555",116154.4,"2014","07","21",0.552964521,55729.35,10.43526485,99667.21462,61.87253048,9551,59.07722186,99663.27328,137.1451644,1687,0.917934689,60425.05,11.09573061,105975.3231,66.06375856,9551,54.82229955,105971.505,138.4745436,1933
"KCAE20140721_122031",130344.81,"2014","07","21",0.550775716,59627.25,10.97287546,104933.608,63.28893904,9563,55.34270328,104929.7654,133.2460973,1896,0.923336338,70717.56,12.90104916,123308.2279,71.89020644,9558,57.00625131,123304.5216,142.5844791,2163
"KCAE20140721_122502",151031.34,"2014","07","21",0.552277493,67301.7,12.26774183,117181.47,64.38642881,9552,58.79462193,117177.6815,130.9198166,1993,0.918796769,83729.64,15.26275977,145576.2026,79.74016955,9538,64.67016903,145572.5505,154.1264366,2251
"KCAE20140721_122937",187933.67,"2014","07","21",0.553828319,86506.82,15.61071165,148957.4106,77.72045085,9542,68.64226536,148953.7158,151.4231253,2170,0.92083323,101426.85,18.05074817,171897.2749,83.82439038,9523,70.01781363,171893.7325,153.7017491,2455
"KCAE20140721_123409",219708.39,"2014","07","21",0.554585342,108655.89,19.3871239,184991.9362,91.67166651,9542,82.47359699,184988.2781,174.806458,2243,0.916695898,111052.5,19.61182639,186841.87,88.01033245,9527,76.35403418,186838.3216,160.7234244,2447
"KCAE20140721_123855",235575.11,"2014","07","21",0.551962342,117354.44,20.95720542,199596.4244,96.709992,9524,88.6684937,199592.7793,183.2452168,2251,0.922829347,118220.67,21.11183806,200984.6983,95.37615759,9520,85.77938596,200981.1013,177.2666617,2343
"KCAE20140721_124327",233425.5,"2014","07","21",0.553248015,118554.3,21.21688962,201815.054,100.8118078,9512,94.52522566,201811.3568,195.864116,2135,0.928238111,114871.2,20.64480469,196249.5134,95.8974827,9506,89.5282152,196245.8477,183.645674,2192
"KCAE20140721_124814",203932.9,"2014","07","21",0.555269115,104278.99,18.79889969,178758.7372,92.66479131,9509,90.6465313,178754.9597,186.8317089,1972,0.926052921,99653.91,18.07491154,171711.6596,89.58344517,9500,86.19874334,171707.8967,180.0356885,1992
"KCAE20140722_100412",320622.15,"2014","07","22",0.55582376,160463.36,21.12938019,198616.1738,103.388627,9400,181.2153394,198612.012,250.4296969,1096,0.916145899,160158.79,20.99844799,197637.3925,103.0116046,9412,173.2105584,197633.2472,247.4106451,1141
"KCAE20140722_100844",342478.84,"2014","07","22",0.553394255,153613.71,20.63300837,192836.0962,100.5508918,9346,164.9546604,192831.998,238.8842228,1169,0.921373152,188865.13,23.80028328,223246.6571,109.3816341,9380,181.3505873,223242.573,250.2709498,1231
"KCAE20140722_101315",361850.85,"2014","07","22",0.551633494,176871.13,22.67751667,211150.3577,107.0843672,9311,155.942666,211146.3697,241.0557929,1354,0.921493395,184979.72,23.22798612,217251.3542,106.9074775,9353,162.2459579,217247.3377,239.401298,1339
"KCAE20140722_101747",428114.08,"2014","07","22",0.552318876,216741.8,26.79364483,249341.6588,118.9326982,9306,138.8295628,249337.8949,240.3391315,1796,0.918403275,211372.28,25.95264057,242657.1893,116.0695644,9350,164.9580153,242653.2405,250.4704012,1471
"KCAE20140722_102220",463302.01,"2014","07","22",0.553026505,242003.44,29.27596283,272559.2139,124.5554588,9310,115.6857932,272555.7287,226.5489395,2356,0.927500874,221298.57,26.46905743,246135.765,115.7356964,9299,147.1201094,246131.943,238.1754084,1673
"KCAE20140722_102701",469918.6,"2014","07","22",0.554521948,233719.52,28.24383157,262695.8774,115.4032354,9301,89.16927779,262692.6924,191.3688988,2946,0.92987758,236199.08,27.91930182,261436.3422,117.0078677,9364,133.8620727,261432.6279,226.893842,1953
"KCAE20140722_103143",507212.16,"2014","07","22",0.552610711,268417.53,31.65043998,294570.6449,129.8504112,9307,88.37913316,294567.6508,205.1258845,3333,0.936644168,238794.63,27.3099497,255074.9302,118.9779332,9340,106.2355071,255071.4525,216.0911984,2401
"KCAE20140722_103624",520938.06,"2014","07","22",0.550571541,264301.17,30.45343404,284221.8999,120.4381229,9333,78.01785566,284219.0482,182.9086629,3643,0.924759866,256636.89,28.45633811,266095.2176,122.0204592,9351,93.9258563,266091.9509,207.3774063,2833
"KCAE20140722_104106",560289.75,"2014","07","22",0.553004286,264614.6,30.30537302,282082.4121,122.2200848,9308,76.29959424,282079.5999,184.6751013,3697,0.925033794,295675.15,32.78898041,306708.1227,134.4197842,9354,94.77906565,306705.0564,215.320312,3236
"KCAE20140722_104552",533151.63,"2014","07","22",0.555142757,271241.61,29.87552398,278290.5059,121.8273083,9315,74.96974616,278287.6977,184.0356517,3712,0.9392325,261910.02,29.0049577,270790.2851,124.4256962,9336,87.01387071,270787.1657,203.4847441,3112
"KCAE20140722_105032",515307.95,"2014","07","22",0.554538826,256465.14,28.83833667,269148.1962,122.5038088,9333,78.53668987,269145.2362,192.2848178,3427,0.934455364,258842.81,28.27404081,264107.8152,120.8538851,9341,98.54644656,264104.4768,209.745501,2680
"KCAE20140722_105514",507781.92,"2014","07","22",0.553726113,265580.81,29.42792231,274827.3665,125.9228226,9339,95.16071098,274824.1333,212.2044146,2888,0.923715616,242201.11,26.84202442,250167.6676,117.0126551,9320,109.8656732,250164.1378,216.6467811,2277
"KCAE20140722_110001",469003.1,"2014","07","22",0.55347045,235063.64,26.29418855,245167.014,118.3072382,9324,105.3107851,245163.5077,218.5218462,2328,0.930270305,233939.46,24.97467903,233188.5781,111.9376594,9337,121.1349939,233184.8633,221.6895675,1925
"KCAE20140722_110446",439830.95,"2014","07","22",0.552799031,222498.11,24.3417171,227716.7634,110.5266436,9355,120.4830805,227713.0221,221.1395655,1890,0.926480201,217332.84,23.06380059,216384.5771,105.2608892,9382,125.5108695,216380.739,217.8519012,1724
"KCAE20140722_110934",426402.45,"2014","07","22",0.552527307,211240.27,23.4789451,219715.9683,109.1402769,9358,125.1208191,219712.1583,225.3518623,1756,0.929869243,215162.18,23.42734828,220404.4927,110.5665494,9408,139.6708291,220400.5684,238.07005,1578
"KCAE20140722_111420",414617.3,"2014","07","22",0.554979365,215238.64,24.12747317,226363.9533,113.0328184,9382,133.7825645,226360.0992,237.0653085,1692,0.940385037,199378.66,21.852938,206204.323,105.2869489,9436,140.3678217,206200.33,233.6659583,1469
"KCAE20140722_111902",366744.75,"2014","07","22",0.552973559,196885.62,22.11062808,208282.1165,107.3123334,9420,130.2552825,208278.1967,231.9106615,1599,0.935583157,169859.13,19.04858974,180313.9505,97.8110042,9466,127.3375113,180309.9159,224.0426747,1416
"KCAE20140722_112344",312868.62,"2014","07","22",0.552159175,170372.57,19.88697174,187394.9347,100.8795227,9423,119.433396,187390.9984,221.9329443,1569,0.937550562,142496.05,16.89394867,159985.6939,89.71648968,9470,116.2657248,159981.6373,209.4474975,1376
"KCAE20140722_112824",286179.02,"2014","07","22",0.55314842,156517.9,19.46658805,183881.3907,97.74239195,9446,127.6926237,183877.3782,221.0802904,1440,0.92444201,129661.12,16.37217312,154995.363,86.17762694,9467,117.8640892,154991.2773,203.7878435,1315
"KCAE20140722_113310",251224.16,"2014","07","22",0.554450955,140733.24,18.60442783,176258.3493,95.74564845,9474,126.8929425,176254.2972,220.940682,1389,0.927479381,110490.92,15.11527824,143398.6446,82.18353987,9487,108.4678914,143394.5525,195.8763435,1322
"KCAE20140722_113751",252142.96,"2014","07","22",0.556061011,127704.4,17.35849229,163551.7144,88.4655732,9422,117.4911565,163547.6899,203.0568602,1392,0.929323093,124438.56,17.20414333,162424.3172,97.2704423,9441,129.9361696,162420.2119,238.4347119,1250
"KCAE20140722_114238",264198.55,"2014","07","22",0.554032538,135199.62,17.852161,168167.3566,93.00639263,9420,123.922856,168163.3155,216.6366043,1357,0.936617879,128998.93,17.90138159,169257.5629,95.56117303,9455,134.2216147,169253.4562,229.9858724,1261
"KCAE20140722_114718",235133.06,"2014","07","22",0.553944297,124959.98,17.19693138,162287.4415,89.08399331,9437,116.4156459,162283.4104,205.4222209,1394,0.929273283,110173.08,15.74598713,149366.4339,88.931882,9486,109.9060786,149362.3607,211.8572996,1359
"KCAE20140722_115205",244479.76,"2014","07","22",0.553795033,135817.05,19.32964966,183206.4195,98.15434175,9478,125.2237884,183202.4025,221.7700824,1463,0.925456628,108662.71,16.344914,155440.1321,86.75683831,9510,106.099727,155436.1001,198.3896645,1465
"KCAE20140722_115651",210196.88,"2014","07","22",0.553216859,124726.41,17.61825598,167496.7596,91.49261192,9507,113.7858238,167492.7326,207.7140137,1472,0.938934822,85470.47,13.23468301,126325.0494,73.08234637,9545,92.74665797,126320.9482,173.4187729,1362
"KCAE20140722_120137",158087.72,"2014","07","22",0.552801385,88857.56,13.07222285,124186.1171,72.14684673,9500,84.99800686,124182.088,166.5772367,1461,0.924462164,69230.16,10.99430425,104786.7138,68.58334166,9531,79.68258257,104782.5961,169.2240541,1315
"KCAE20140722_120624",147467.65,"2014","07","22",0.550911957,88763.34,13.71515414,130842.5705,79.71508232,9540,93.2562312,130838.4924,189.2408117,1403,0.923695758,58704.31,9.301625295,88821.21994,62.49925206,9549,71.97492105,88817.05257,160.4170449,1234
"KCAE20140722_121104",121615.01,"2014","07","22",0.5542507,71174.93,10.91878201,104208.8555,68.30793788,9544,76.84716206,104204.7518,166.7076187,1356,0.939505596,50440.08,8.949245417,85340.0043,63.49208025,9536,70.9358503,85335.82791,166.0650422,1203
"KCAE20140722_121545",101274.61,"2014","07","22",0.552902118,65921.58,9.260468925,88446.7387,61.53574462,9551,71.90452709,88442.56832,157.8489569,1230,0.926222681,35353.03,6.33741101,60534.94996,49.16733349,9552,57.05060734,60530.69438,137.4263584,1061
"KCAE20140722_122028",94317.16,"2014","07","22",0.554011647,63133.44,8.309648011,79373.7578,56.8267296,9552,65.7032913,79369.57589,147.5779382,1208,0.930466785,31183.72,5.140906749,49152.20943,42.39790758,9561,52.56458416,49147.88619,126.1102219,935
"KCAE20140722_122510",76731.72,"2014","07","22",0.552661908,50473.62,6.623631792,63302.04904,48.44902727,9557,56.11509267,63297.82453,130.8568572,1128,0.923939386,26258.1,3.760429494,35927.14339,32.72178536,9554,41.0077558,35922.79408,100.7998355,876
"KCAE20140722_122941",78528.54,"2014","07","22",0.552649098,44280.57,5.542690215,52960.405,40.43859445,9555,50.91936288,52956.13739,112.8018982,1040,0.926827794,34247.97,4.087090916,39035.80534,39.03922793,9551,44.10334695,39031.46205,121.2347408,885
"KCAE20140722_123413",77483.81,"2014","07","22",0.551065486,42950.7,4.950700366,47274.23779,39.59988201,9549,49.18827637,47269.9336,115.837604,961,0.938030964,34533.11,4.120146694,39421.56356,37.67319668,9568,48.78363015,39417.17316,121.0121682,808
"KCAE20140722_123846",74270.93,"2014","07","22",0.548239659,45904.09,5.184956153,49583.73569,42.18367532,9563,50.79859835,49579.43199,123.0123776,976,0.938421081,28366.84,3.581370116,34245.06105,29.2635014,9562,41.50385719,34240.68218,91.43615632,825
"KCAE20140722_124317",82451.11,"2014","07","22",0.553809038,41526.77,4.762421268,45547.79701,36.94288903,9564,49.99282134,45543.46024,109.9022275,911,0.918139613,40924.34,4.714731171,45152.98043,40.5528107,9577,58.25621804,45148.56898,131.2370231,775
"KCAE20140722_124755",88633.46,"2014","07","22",0.554630333,43537.58,5.195394049,49678.3579,41.90153701,9562,57.69337639,49673.99707,128.4018797,861,0.937300186,45095.88,4.501974431,43070.38938,43.3797105,9567,60.06409187,43065.95387,147.6466997,717
"KCAE20140722_125236",94625.66,"2014","07","22",0.554778552,47611.88,5.049419538,48287.59904,42.57389449,9563,59.60890389,48283.21215,134.785408,810,0.923867709,47013.78,4.827703565,46167.32919,41.20386495,9563,64.02621039,46162.89769,136.9367932,721
"KCAE20140722_125713",96782.7,"2014","07","22",0.553734159,48115.77,4.717339299,45083.61168,41.73862632,9557,58.54442565,45079.20775,135.9892211,770,0.926556301,48666.93,4.733851372,45241.41756,44.96553748,9557,70.13480772,45236.95098,159.398878,645
"KCAE20140723_100158",5790.83,"2014","07","23",0.554166558,5752.96,0.63965019,6120.173017,5.892406152,9568,14.18931246,6115.59367,24.07880694,431,0.922349731,37.87,0.004565923,43.68219004,0.116660604,9567,2.287991292,38.89585196,1.608454961,17
"KCAE20140723_100644",11711.27,"2014","07","23",0.554818496,11620.56,1.298602429,12387.36857,8.119676618,9539,17.22245911,12382.9481,24.51915472,719,0.930921926,90.71,0.012966309,124.0486801,0.724770939,9567,7.015431882,119.262342,16.182323,17
"KCAE20140723_101131",14107.29,"2014","07","23",0.551701482,14099.02,1.590670022,15167.03866,7.943108412,9535,14.73544758,15162.77556,19.78050407,1029,0.939231784,8.27,0.001334339,12.77362253,0.043237659,9573,1.994440473,7.977761892,0.816144863,4
"KCAE20140723_101617",13951.29,"2014","07","23",0.55100162,13623.17,1.538684284,14720.59255,6.290785099,9567,10.25541247,14716.51689,13.21137715,1435,0.927819219,328.12,0.044069743,421.9677877,2.565178568,9575,14.89939119,417.1829532,45.8665909,28
"KCAE20140723_102103",15426.28,"2014","07","23",0.554997653,14847.85,1.676993256,16040.4405,6.27353335,9565,8.287657074,16036.61644,11.82442632,1935,0.930428707,578.43,0.069397617,663.9270016,0.573087799,9567,3.312723013,659.2318796,2.251798137,199
"KCAE20140723_102550",34839.66,"2014","07","23",0.554616485,31089.09,3.461016028,33083.85221,9.066392779,9559,10.15368147,33080.69423,13.16244973,3258,0.936611194,3750.57,0.443704409,4241.370444,1.92720015,9559,4.666337745,4237.034673,4.406301189,908
"KCAE20140723_103036",49958.28,"2014","07","23",0.553735883,42907.84,4.681361499,44739.77184,10.89514804,9557,10.8611426,44737.04639,14.43349391,4119,0.925362321,7050.44,0.837103226,8004.381043,3.006535523,9562,5.291234448,8000.346486,5.797892507,1512
"KCAE20140723_103522",63722.72,"2014","07","23",0.553149741,52106.97,5.49198592,52563.79724,12.39980188,9571,10.95029293,52561.40608,15.7109294,4800,0.924096565,11615.75,1.334005646,12766.43404,3.821250187,9570,5.527412264,12762.79492,6.111732344,2309
"KCAE20140723_104009",65223.85,"2014","07","23",0.553170342,50657.7,5.145397096,49262.0318,10.21843196,9574,9.52801249,49259.82457,12.31323799,5170,0.925892893,14566.15,1.664675699,15930.94644,4.423862664,9570,5.406526333,15927.62658,6.584372665,2946
"KCAE20140723_104455",55754.1,"2014","07","23",0.552214158,41111.12,4.232411042,40525.33573,8.585638803,9575,8.29369334,40522.98566,10.52525137,4886,0.92906934,14642.98,1.699298959,16257.19314,4.285216622,9567,5.407153977,16253.90485,6.196980132,3006
"KCAE20140723_104943",41676.25,"2014","07","23",0.552814769,28897.42,3.071169347,29397.23299,6.642604415,9572,6.636860552,29394.65538,8.467861367,4429,0.925653822,12778.83,1.5197273,14543.79026,3.629177568,9570,4.874451539,14540.48894,5.090011792,2983
"KCAE20140723_105428",24451.24,"2014","07","23",0.553191418,17902.41,2.068274516,19789.25057,4.597830393,9568,5.313190556,19786.32163,6.089314384,3724,0.926197237,6548.83,0.867739359,8302.530185,2.886050538,9568,4.102199074,8298.748728,5.112367738,2023
"KCAE20140723_105914",14389.72,"2014","07","23",0.553107803,10411.81,1.359977473,13020.42432,3.371370845,9574,4.355009704,13017.124,4.834124437,2989,0.922943192,3977.91,0.570156232,5451.833893,2.094505374,9562,3.487723684,5447.824395,4.085218448,1562
"KCAE20140723_110400",7985.58,"2014","07","23",0.552912177,5514.68,0.793067796,7584.9004,2.572754126,9564,3.544263247,7581.179085,4.455567514,2139,0.937791661,2470.9,0.371463627,3556.392768,1.815307705,9574,3.12965925,3552.163249,4.379517567,1135
"KCAE20140723_110847",4520.23,"2014","07","23",0.551674188,3251.68,0.524732873,5019.069933,1.858617386,9565,3.20451146,5015.060435,3.540168862,1565,0.937274417,1268.55,0.21656419,2073.385555,1.126556002,9574,2.715182537,2068.969093,3.028718547,762
"KCAE20140723_111333",3436.79,"2014","07","23",0.552828288,2435.84,0.443711606,4245.432646,1.825052555,9568,3.172256824,4241.307374,3.897561228,1337,0.933400765,1000.95,0.171812583,1646.308171,0.940368076,9582,2.691494294,1641.811519,2.668409937,610
"KCAE20140723_111819",2404.38,"2014","07","23",0.555158493,1926.57,0.357034245,3414.675515,1.358134301,9564,2.830278913,3410.486091,2.765135914,1205,0.928942259,477.81,0.086338578,826.2601954,0.617553305,9570,2.185245425,821.65228,2.26578811,376
"KCAE20140723_112305",2005.24,"2014","07","23",0.552405952,1508.14,0.287672758,2750.726909,1.119126885,9562,2.586126947,2746.466818,2.310330388,1062,0.931442632,497.1,0.094703792,906.2205887,0.651176975,9569,2.242851257,901.6262053,2.299701646,402
"KCAE20140723_112751",1241.7,"2014","07","23",0.553372429,904.33,0.175820558,1682.778562,0.839155912,9571,2.321361075,1678.344057,2.085051063,723,0.938426325,337.37,0.062233983,596.2637886,0.475170616,9581,2.075806148,591.6047521,1.850094502,285
"KCAE20140723_113237",2055.1,"2014","07","23",0.554062277,1588.01,0.306886795,2935.985967,1.228579093,9567,2.727190591,2931.729885,2.615063521,1075,0.933393865,467.09,0.08930393,854.0134796,0.622934815,9563,2.206269047,849.4135832,2.231837847,385
"KCAE20140723_113723",2047.78,"2014","07","23",0.550389734,1632.1,0.314074584,3006.635991,1.58222254,9573,2.955066272,3002.347332,3.974671641,1016,0.929509204,415.68,0.077733494,743.8318055,0.540755995,9569,2.174136319,739.2063485,1.919108429,340
"KCAE20140723_114210",2037.34,"2014","07","23",0.551637939,1712.41,0.317275973,3032.206472,1.688419148,9557,2.928370264,3027.934853,4.32657481,1034,0.935327392,324.93,0.063040218,603.4209676,0.45203635,9572,2.029733741,598.7714536,1.627149485,295
"KCAE20140723_114656",1783.12,"2014","07","23",0.552449617,1501.72,0.2827279,2705.423274,1.422904833,9569,2.819527714,2701.10755,3.617122028,958,0.927145321,281.4,0.055423011,530.5090581,0.43227618,9572,1.954819752,525.8465133,1.71682606,269
"KCAE20140723_115143",1478.13,"2014","07","23",0.553251786,1186.6,0.228084981,2181.632847,1.035475887,9565,2.476996057,2177.279534,2.470579074,879,0.928379428,291.53,0.058319134,558.522351,0.399071329,9577,1.74176685,553.8818584,1.367595982,318
"KCAE20140723_115629",2160.74,"2014","07","23",0.553810657,1877.3,0.32492764,3110.857225,3.740938319,9574,3.166718168,3106.550523,11.30033971,981,0.920639772,283.44,0.056000689,535.8145883,0.392844431,9568,1.81906019,531.1655755,1.362514218,292
"KCAE20140723_120117",2974.12,"2014","07","23",0.553849171,2715.81,0.452496613,4329.940092,8.326077095,9569,3.890019381,4325.701552,24.1585678,1112,0.923407589,258.31,0.049893496,477.8799062,0.349437654,9578,1.66042938,473.2223733,1.19786202,285
"KCAE20140723_120602",3018.85,"2014","07","23",0.55293501,2735.1,0.44865611,4295.882255,7.979938834,9575,3.683834567,4291.66727,22.62393099,1165,0.922612355,283.75,0.055688602,533.2740487,0.408528023,9576,1.75623102,528.6255371,1.526791202,301
"KCAE20140723_121048",2241.9,"2014","07","23",0.552334404,1993.08,0.357711817,3424.375219,1.505008427,9573,2.803433445,3420.188803,3.305317739,1220,0.927585229,248.82,0.0503061,481.7312124,0.455744195,9576,1.908228561,477.0571402,2.104357355,250
"KCAE20140723_121534",3261.77,"2014","07","23",0.551712593,2944.18,0.468627704,4481.486734,10.01676511,9563,4.04814484,4477.248193,29.21885656,1106,0.939296302,317.59,0.062443736,597.1494492,0.408650197,9563,1.863257777,592.5159732,1.293129089,318
"KCAE20140723_122020",3163.31,"2014","07","23",0.554676102,2790.32,0.466716104,4466.006396,5.215374607,9569,3.437489273,4461.861076,13.79991455,1298,0.9348736,372.99,0.072958832,698.0701088,0.53138052,9568,2.082407341,693.4416447,1.985101514,333
"KCAE20140723_122506",3400.27,"2014","07","23",0.552324404,3080.6,0.503325651,4822.866392,7.17392864,9582,3.797241941,4818.700023,19.399874,1269,0.930371242,319.67,0.065973095,631.6264111,0.428507438,9574,1.844113083,626.9984482,1.37743411,340
"KCAE20140723_122953",2545.96,"2014","07","23",0.552108066,2245.73,0.384159355,3674.868393,4.160088293,9566,3.139999935,3670.659924,11.53541864,1169,0.925720655,300.23,0.061583436,589.5382303,0.421500114,9573,1.85094538,584.89874,1.441198596,316
"KCAE20140723_123439",1546.9,"2014","07","23",0.55213387,1188.08,0.220429905,2109.73462,0.993952632,9571,2.428341737,2105.372286,2.356036517,867,0.927486402,358.82,0.073320211,702.9208642,0.523566712,9587,1.913147714,698.2989155,1.921052746,365
"KCAE20140723_123925",2445.86,"2014","07","23",0.553982497,2096.29,0.360467901,3451.11968,2.558013904,9574,2.886867447,3446.919731,6.723712895,1194,0.928320886,349.57,0.071562517,684.2807873,0.448682773,9562,1.788628648,679.6788861,1.414267575,380
"KCAE20140723_124412",2216.87,"2014","07","23",0.553411331,1900.36,0.336202806,3220.150473,1.406179327,9578,2.743973971,3215.937493,3.091980315,1172,0.927586475,316.51,0.06487759,620.8785376,0.427242181,9570,1.765779628,616.2570901,1.417045672,349
"KCAE20140723_124858",2018.69,"2014","07","23",0.553898636,1603.01,0.290164373,2776.002559,1.102584351,9567,2.468183912,2771.770534,2.232790703,1123,0.922309947,415.68,0.078814549,753.388271,0.762210201,9559,2.079938471,748.7778496,3.360768846,360
"KCAE20140723_125002",1992.55,"2014","07","23",0.540011542,1974.89,0.352388846,3373.066034,1.090147381,9572,1.987680344,3369.118182,1.860906976,1695,1.550018591,17.66,0.002218335,21.23389933,0.075988997,9572,2.348577635,16.44004345,1.668336161,7
"KCAE20140723_125941",2450.48,"2014","07","23",0.544105502,2444.94,0.422572587,4046.13252,1.289760945,9575,2.113064518,4042.292424,2.180930467,1913,1.549611368,5.54,0.000823048,7.879042065,0.016774026,9573,0.770795356,3.083181426,0.327023635,4
"KCAE20140725_100156",153.38,"2014","07","25",0.554047971,132.91,0.022835017,218.3941023,0.531416054,9564,2.967178237,213.636833,5.401755305,72,0.923130929,20.47,0.002199688,21.0422153,0.123597203,9566,5.41645393,16.24936179,5.392006703,3
"KCAE20140725_100818",343.92,"2014","07","25",0.546271383,339.8,0.043225446,413.3217154,0.438759709,9562,3.143034749,408.5945174,2.109825248,130,0.925846529,4.12,0.000501187,4.79385589,0,9565,NA,0,NA,0
"KCAE20140725_101238",582.06,"2014","07","25",0.555633287,575.01,0.073313491,702.5631851,0.59752863,9583,3.230872983,697.8685642,2.38009384,216,0.910840399,7.05,0.000987812,9.448425594,0.023994156,9565,1.164143613,4.656574453,0.175301387,4
"KCAE20140725_101656",1345.95,"2014","07","25",0.554075276,1341.84,0.18026827,1727.510832,1.110952775,9583,3.924665093,1722.927976,3.503343533,439,0.919770571,4.11,0.000501187,4.787340456,0,9552,NA,0,NA,0
"KCAE20140725_102115",2246.51,"2014","07","25",0.554585968,2231.2,0.298480687,2859.743465,1.462784763,9581,3.802021281,2855.317982,3.740997797,751,0.927045225,15.31,0.002014219,19.26801556,0.056975799,9566,2.068166685,14.47716679,0.436943237,7
"KCAE20140725_102535",3161.11,"2014","07","25",0.554952586,2762.43,0.359014365,3433.613385,1.681016329,9564,3.996794929,3429.250049,4.120413729,858,0.917345765,398.68,0.052608392,503.2518738,0.562142994,9566,3.175389829,498.5362031,3.065535788,157
"KCAE20140725_102954",5669.85,"2014","07","25",0.555629099,5209.66,0.654223661,6264.19155,2.250878054,9575,4.353347281,6260.11339,4.200270419,1438,0.925005227,460.19,0.061048625,584.5405863,0.519686413,9575,3.100724281,579.8354405,2.104094036,187
"KCAE20140725_103413",6737.43,"2014","07","25",0.555273268,6075.17,0.756736437,7238.940754,2.376597911,9566,4.298865059,7234.989895,4.109161815,1683,0.914278567,662.26,0.087150522,834.6405456,0.851282996,9577,3.672362583,829.9539437,4.1975692,226
"KCAE20140725_103833",7934.45,"2014","07","25",0.554795216,7133.92,0.869929316,8322.61377,2.566048687,9567,4.357661434,8318.775678,4.219974435,1909,0.922696979,800.53,0.106174072,1014.91795,0.70471855,9559,3.187022011,1010.285978,2.274462431,317
"KCAE20140725_104251",4508.85,"2014","07","25",0.55292108,3820.38,0.468210182,4477.962181,1.708373505,9564,3.7095964,4473.773258,3.336051104,1206,0.928161411,688.47,0.090328144,864.801647,0.648772229,9574,2.886418236,860.1526343,2.338868468,298
"KCAE20140725_104709",7958.01,"2014","07","25",0.554352046,7125.33,0.870443199,8334.493634,2.433678879,9575,3.948223825,8330.752272,3.838108798,2110,0.915757994,832.68,0.109914692,1052.762916,0.788714006,9578,3.195508946,1048.126934,2.886208428,328
"KCAE20140725_105128",6272.97,"2014","07","25",0.556300736,5871.02,0.75285153,7201.024885,2.131006144,9565,3.568290493,7197.241923,3.390240795,2017,0.913902641,401.95,0.05366287,513.5536628,0.444180576,9570,2.519101687,508.8585408,1.775481294,202
"KCAE20140725_105548",4548.34,"2014","07","25",0.55641447,4229.47,0.575125152,5503.947701,1.780414293,9570,3.153684295,5500.02541,3.044199873,1744,0.916671465,318.87,0.041619162,396.7138504,0.445029417,9532,2.613411412,392.0117118,2.429746411,150
"KCAE20140725_110007",3006.48,"2014","07","25",0.555093096,2820.33,0.405105747,3940.058494,1.338090096,9726,2.827501149,3935.881599,2.380108096,1392,0.921081843,186.15,0.02554788,244.4421133,0.277668486,9568,2.219452612,239.7008821,1.407096584,108
"KCAE20140725_110427",2052.62,"2014","07","25",0.554866426,1801.14,0.27937325,2672.20514,1.045069321,9565,2.50746668,2667.944548,2.058018122,1064,0.919982419,251.48,0.034895897,333.91884,0.342035959,9569,2.083558019,329.2021669,1.683727131,158
"KCAE20140725_110845",1469.64,"2014","07","25",0.55553767,1380.05,0.220152995,2107.744771,0.904741564,9574,2.412136972,2103.383439,1.924649518,872,0.91504343,89.59,0.013457002,128.6220262,0.180799358,9558,1.821555285,123.8657594,1.149323404,68
"KCAE20140726_100324",550.77,"2014","07","26",0.554387108,359.23,0.033636305,321.8994436,0.700425802,9570,5.198912363,317.1336542,7.137449452,61,0.916259306,191.54,0.01780967,170.4563542,0.370088098,9571,5.522484226,165.6745268,3.708589191,30
"KCAE20140726_100743",458.63,"2014","07","26",0.555158347,282.1,0.032422268,310.2162642,0.381992524,9568,3.320293631,305.467014,2.075009913,92,0.922011293,176.53,0.016490763,157.8825619,0.334319178,9574,4.639416199,153.1007346,3.364663854,33
"KCAE20140726_101203",1708.85,"2014","07","26",0.554393952,1191.07,0.125562203,1201.50472,2.505347539,9569,6.799983341,1196.797068,17.2492254,176,0.923962762,517.78,0.049399146,472.8980269,1.928801883,9573,21.27778126,468.1111877,34.96493449,22
"KCAE20140726_101622",1721.02,"2014","07","26",0.553055009,1462.78,0.152071141,1454.256322,2.721648518,9563,6.805493995,1449.570221,16.98853454,213,0.921882231,258.24,0.023920718,228.7538243,0.899523345,9563,11.7879207,223.9704934,16.83637154,19
"KCAE20140726_102042",2852.66,"2014","07","26",0.556622923,2523.3,0.258641385,2474.680773,2.944515334,9568,7.576836811,2470.0488,14.12824966,326,0.912752609,329.36,0.029678605,283.757142,0.731997806,9561,9.619993975,278.9798253,9.348570597,29
"KCAE20140726_102503",5067.73,"2014","07","26",0.556452812,4337.99,0.449481665,4301.090054,3.299991905,9569,7.459345273,4296.582877,11.35043171,576,0.912373308,729.74,0.059056024,564.7527534,1.577569418,9563,15.99935547,559.9774414,20.91387277,35
"KCAE20140726_102922",5617.2,"2014","07","26",0.554523779,5465.52,0.584885303,5598.52212,2.84875459,9572,5.803120228,5594.2079,7.095487978,964,0.911892204,151.68,0.013035226,124.7862217,0.327559758,9573,5.217386244,119.9998836,4.277690539,23
"KCAE20140726_103342",6917.53,"2014","07","26",0.556160043,6441.81,0.693890621,6639.83935,2.807748786,9569,5.364319692,6635.663458,5.996248872,1237,0.919561682,475.72,0.042671772,409.0089373,0.887879198,9585,6.626813608,404.2356301,9.031432351,61
"KCAE20140726_103802",4808.76,"2014","07","26",0.553717026,3708.82,0.378725875,3621.755545,2.6650817,9563,4.82955685,3617.338081,8.323116269,749,0.913517661,1099.94,0.100720351,963.7930358,1.408522425,9569,6.393815688,959.0723533,9.321705009,150
"KCAE20140726_104221",7433.7,"2014","07","26",0.554979258,7038.47,0.770334671,7369.021467,2.522424861,9566,4.557572419,7365.037029,4.51817452,1616,0.925760029,395.23,0.041543418,397.5289685,0.567437077,9569,3.850825774,392.784229,3.961097483,102
"KCAE20140726_104641",9791.13,"2014","07","26",0.553389805,6751.29,0.731620583,7004.535459,3.063462556,9574,4.629956936,7000.494888,6.434179697,1512,0.915191721,3039.84,0.246491685,2359.418405,10.86457836,9572,22.21390723,2354.674167,101.3258267,106
"KCAE20140726_105100",9946.68,"2014","07","26",0.554678371,7261.18,0.758320894,7254.855993,4.994921788,9567,5.116987521,7250.771317,12.09262351,1417,0.91294923,2685.5,0.215340878,2060.8122,6.129193353,9570,19.03768487,2056.069966,54.75345697,108
"KCAE20140726_105520",8266.29,"2014","07","26",0.55380119,6558.12,0.684650173,6554.840758,4.789018485,9574,5.404826593,6550.649831,12.48075343,1212,0.923991355,1708.17,0.142746527,1365.941513,3.413353398,9569,8.896877999,1361.222334,25.59308889,153
"KCAE20140726_105939",8038.29,"2014","07","26",0.554665936,5139.68,0.509124439,4867.738765,4.742895219,9561,5.338532926,4863.403495,14.50909413,911,0.936801791,2898.61,0.227492078,2179.374112,6.020270754,9580,14.30690078,2174.648919,45.78681671,152
"KCAE20140726_110359",10036.71,"2014","07","26",0.554743014,6989.82,0.629399434,6025.870182,11.69940797,9574,6.913327612,6021.50835,38.2442148,871,0.925358837,3046.89,0.24845336,2378.195557,5.085006932,9572,9.93103756,2373.517977,30.71278901,239
"KCAE20140726_110818",10200.88,"2014","07","26",0.555778496,6522.67,0.570658095,5459.485993,9.736652285,9567,7.234839562,5455.069029,34.00118514,754,0.923940492,3678.21,0.281671289,2694.749223,11.14237676,9567,16.20504555,2690.037562,83.29612156,166
"KCAE20140726_111237",4404.23,"2014","07","26",0.553330597,3473.17,0.343004393,3284.95307,6.87266554,9577,5.016025957,3280.480976,25.86867743,654,0.927331664,931.06,0.080539716,770.3623838,2.041172028,9565,6.960215077,765.6236585,17.81155857,110
"KCAE20140726_111657",4600.51,"2014","07","26",0.554468902,2803.82,0.272228983,2605.23137,6.309636517,9570,5.351190504,2600.678585,27.53625008,486,0.921245807,1796.69,0.138234953,1324.567323,5.746718137,9582,20.30457729,1319.797524,67.29081979,65
"KCAE20140726_112118",3180.74,"2014","07","26",0.553833072,2322.44,0.210888924,2020.31589,7.705309726,9580,5.477442807,2015.698953,38.99652877,368,0.927862628,858.3,0.066777756,636.8594561,2.428184895,9537,11.08961756,632.1082012,29.65808861,57
"KCAE20140726_112538",1235.96,"2014","07","26",0.554201356,849.43,0.105501922,1009.547893,1.193023073,9569,2.499884353,1004.95351,5.287828342,402,0.926285795,386.53,0.031672027,303.1012943,0.892533158,9570,5.424227232,298.3324978,10.55338045,55
"KCAE20140726_112957",401.32,"2014","07","26",0.554752457,372.71,0.067584862,646.7871264,0.409299666,9570,1.694408218,642.1807145,1.215696279,379,0.924219403,28.61,0.003719255,35.60814291,0.091495544,9574,1.467633394,30.82030127,1.323572362,21
"KCAE20140726_113417",425.31,"2014","07","26",0.552418219,378.08,0.065405404,626.0605317,0.42304184,9572,1.90038855,621.4270558,1.325609959,327,0.925196031,47.23,0.005127827,49.1399709,0.122833155,9583,2.608565519,44.34561383,1.349634271,17
"KCAE20140726_113836",853.94,"2014","07","26",0.554903132,596.55,0.073412173,702.5544965,2.909317316,9570,3.634658139,697.8543626,20.27408338,192,0.929858085,257.39,0.024103967,230.8919042,0.697674268,9579,7.065845927,226.1070697,9.95151294,32
"KCAE20140726_114256",1607.12,"2014","07","26",0.556874102,1249.92,0.151450481,1448.472402,2.210597243,9564,3.702242334,1443.87451,10.34192959,390,0.928865888,357.2,0.033661559,321.8045,0.86757995,9560,5.764376643,317.0407154,9.979886411,55
"KCAE20140726_114715",976.33,"2014","07","26",0.554291537,858.38,0.118541654,1134.443629,1.146375976,9570,2.729117773,1129.854758,4.82786954,414,0.925697754,117.95,0.012051733,115.3109825,0.224917971,9568,2.631825545,110.5366729,2.177772169,42
"KCAE20140726_115134",626.58,"2014","07","26",0.554641781,596.43,0.101863802,975.4477651,0.777915295,9576,2.048282614,970.8859589,2.87330944,474,0.912637791,30.15,0.005384871,51.51706492,0.09159988,9567,1.335421377,46.73974821,0.730061369,35
"KCAE20140726_115553",554.64,"2014","07","26",0.55331929,539.08,0.102118719,976.9697829,0.581204319,9567,2.038603755,972.4139909,1.683320224,477,0.923385133,15.56,0.003036757,29.02836456,0.057370084,9559,1.10220645,24.24854191,0.478955026,22
"KCAE20140726_120013",644.77,"2014","07","26",0.552827092,602.35,0.118924011,1137.508164,0.653721902,9565,2.133673142,1132.980438,1.845475074,531,0.937001308,42.42,0.008845103,84.68301795,0.123412389,9574,1.248698865,79.91672736,0.861499413,64
"KCAE20140726_120433",673.34,"2014","07","26",0.556917692,619.66,0.117025502,1120.636203,0.611200768,9576,2.040422274,1116.110984,1.618743863,547,0.925569145,53.68,0.011247475,107.5933425,0.138866785,9566,1.335552947,102.8375769,0.797314972,77
"KCAE20140726_120853",732.33,"2014","07","26",0.554351519,699.47,0.133907776,1280.69397,0.700110257,9564,2.189009962,1276.192808,1.883752249,583,0.923464498,32.86,0.004892689,46.80835323,0.118623924,9567,1.61640484,42.02652583,1.635897379,26
"KCAE20140726_121312",686.69,"2014","07","26",0.55402258,654.26,0.125523864,1202.518619,0.656113203,9580,2.139281983,1197.99791,1.749877855,560,0.913852288,32.43,0.006462707,61.8610283,0.108992152,9572,1.359159856,57.08471396,0.943615543,42
"KCAE20140726_121732",664.32,"2014","07","26",0.553193376,610.46,0.114795477,1098.133535,0.658935935,9566,2.140108189,1093.595285,1.949729206,511,0.923499203,53.86,0.009108684,87.06991227,0.168849374,9559,1.613816158,82.30462406,1.676101518,51
"KCAE20140726_122153",754.24,"2014","07","26",0.553672598,367.37,0.069231354,662.6132857,0.475645702,9571,1.970011435,657.9838192,1.65739881,334,0.934039098,386.87,0.053204204,509.1110246,2.607086432,9569,9.698869725,504.3412257,34.34778316,52
"KCAE20140726_122614",521.97,"2014","07","26",0.552137647,495.84,0.09399524,899.0644697,0.499276489,9565,1.844358123,894.5136896,1.300657221,485,0.938083468,26.13,0.00485428,46.50885218,0.104336087,9581,1.490036091,41.72101053,1.252340293,28
"KCAE20140726_123033",621.29,"2014","07","26",0.555462016,566.94,0.104505944,1000.853422,0.581286865,9577,2.008673671,996.3021407,1.64471847,496,0.925831835,54.35,0.009982706,95.50454725,0.152554755,9567,1.59189924,90.73825666,1.188741177,57
"KCAE20140726_123453",627.88,"2014","07","26",0.553890308,614.76,0.112957103,1079.982862,0.603603062,9561,2.036847799,1075.455638,1.638315224,528,0.925155536,13.12,0.002476142,23.70905783,0.050714979,9575,0.995774349,18.91971263,0.569646939,19
"KCAE20140726_123912",742.18,"2014","07","26",0.548853525,693.68,0.126440747,1210.164392,0.656068269,9571,2.152943204,1205.648194,1.731788697,560,0.914987707,48.5,0.009020504,86.3442629,0.14093486,9572,1.510628941,81.57396281,1.129816866,54
"KCAE20140726_124332",688.07,"2014","07","26",0.555365836,641.03,0.118615667,1134.440242,0.588766481,9564,1.968527123,1129.934568,1.462282451,574,0.926925119,47.04,0.00909772,87.1288621,0.163227778,9577,1.752181867,82.35254776,1.557799119,47
"KCAE20140726_124753",666.63,"2014","07","26",0.55817447,591.85,0.116860533,1119.173321,0.725910853,9577,2.366474543,1114.60951,2.324307349,471,0.935783016,74.78,0.012694179,121.5467606,0.198890734,9575,2.085284988,116.7759593,1.576838753,56
"KCAE20140726_125212",1147.6,"2014","07","26",0.556415498,1052.85,0.192784921,1844.758905,0.850718595,9569,2.314920111,1840.361488,1.950238312,795,0.928711052,94.75,0.020741139,198.430473,0.355382194,9567,1.996744638,193.6842299,2.932447252,97
"KCAE20140726_125631",988.81,"2014","07","26",0.555071354,939.91,0.163850666,1569.525528,0.788098647,9579,2.258401123,1565.071978,1.964826564,693,0.923148707,48.9,0.008350618,79.96552272,0.130617964,9576,1.503824263,75.19121313,1.019709612,50
"KCAE20140727_100046",1240.08,"2014","07","27",0.547780387,1210.47,0.137579611,1316.63688,2.999454718,9570,4.000014963,1312.004908,15.74090649,328,1.496830715,29.61,0.004898695,46.91970071,0.113318539,9578,1.915016159,42.13035551,1.423046097,22
"KCAE20140727_100636",2180.56,"2014","07","27",0.548142128,2163.82,0.269622097,2580.553095,2.155841758,9571,5.649089415,2575.984773,8.20370451,456,1.498364635,16.74,0.002969216,28.42727132,0.063069462,9574,1.477307734,23.63692374,0.464905992,16
"KCAE20140727_101225",12858.66,"2014","07","27",0.546217603,12589.09,1.46664837,14032.8916,10.10263875,9568,17.00425421,14028.50972,30.339436,825,1.496584265,269.57,0.029491753,282.0886197,0.352430072,9565,2.830039593,277.3438801,2.059271398,98
"KCAE20140727_101814",51013.64,"2014","07","27",0.547819288,49557.14,5.582385973,53429.01614,25.41171516,9571,20.67550865,53425.51435,45.61083514,2584,1.496187509,1456.5,0.144746798,1385.805846,1.058215059,9574,4.276066138,1381.169362,3.946318924,323
"KCAE20140727_102404",67120.05,"2014","07","27",0.54604094,66211.01,7.430073524,71113.2337,30.00224291,9571,21.63373418,71110.08424,48.10558426,3287,1.49620537,909.04,0.089167584,853.0662791,0.757148299,9567,3.753914554,848.3846892,3.24909193,226
"KCAE20140727_102953",36574.02,"2014","07","27",0.547067194,35299.03,3.888698666,37214.84624,23.88733881,9570,12.19651885,37211.579,41.09558796,3051,1.497283183,1274.99,0.128965316,1234.456009,0.907425649,9572,3.784066247,1229.82153,3.232950958,325
"KCAE20140727_103543",50014.62,"2014","07","27",0.546826562,48972.85,4.896416264,46829.32515,23.97349481,9564,12.74533837,46826.37315,37.36708398,3674,1.493553712,1041.77,0.095655978,915.4277082,0.978501916,9570,4.235995821,910.7391016,5.019433682,215
"KCAE20140727_104132",51741.24,"2014","07","27",0.546832661,50684.75,4.875531025,46668.58297,26.22818025,9572,12.35522335,46665.67859,40.63527266,3777,1.49641811,1056.49,0.112198018,1074.07163,1.332603418,9573,3.588668182,1069.423118,6.687080947,298
"KCAE20140727_104722",46886.38,"2014","07","27",0.547617836,45835.3,4.282552201,40988.30711,21.84737634,9571,13.63894054,40985.01632,37.32205233,3005,1.496655599,1051.08,0.122810953,1175.300819,1.386832192,9570,3.681332814,1170.663835,6.702046808,318
"KCAE20140727_105313",43987.02,"2014","07","27",0.545548361,43160.24,4.039826035,38649.01568,22.1428017,9567,11.88737317,38645.85018,36.74017936,3251,1.497473833,826.78,0.09165773,877.1644743,0.665269374,9570,3.029557133,872.5124544,2.413774515,288
"KCAE20140727_105903",31543.22,"2014","07","27",0.546706379,31018.7,3.197968108,30617.34667,12.5008953,9574,9.771502879,30614.11852,20.33219389,3133,1.4938203,524.52,0.0623213,596.3525153,0.531772424,9569,2.872135433,591.6598992,2.256149403,206
"KCAE20140727_110453",19365.86,"2014","07","27",0.546161552,18962.55,2.132619217,20415.56377,8.245907485,9573,6.959507631,20412.23588,13.72512704,2933,1.49595551,403.31,0.046420209,444.1949762,0.586898462,9569,2.712841407,439.4803079,3.632216624,162
"KCAE20140727_111042",15601.89,"2014","07","27",0.548218462,15201.8,1.935575464,18525.39277,13.30850058,9571,7.682208322,18521.80426,25.6740731,2411,1.495140686,400.09,0.050619147,484.627713,0.668020177,9574,2.636926168,479.9205625,4.092152845,182
"KCAE20140727_111632",8611.94,"2014","07","27",0.545194238,7883.96,1.016055878,9725.686868,4.442110495,9572,5.545788982,9721.768085,9.091909106,1753,1.496863112,727.98,0.093264322,893.0058841,0.908231892,9575,2.856472301,888.3628855,4.190292123,311
"KCAE20140727_112221",12265.56,"2014","07","27",0.548324824,11830.12,1.490620359,14265.23683,6.325976665,9570,6.679864405,14261.5105,12.03188423,2135,1.494526845,435.44,0.062205893,595.4348073,0.552959843,9572,2.613941201,590.7507114,2.511593077,226
"KCAE20140727_112811",9800.11,"2014","07","27",0.546287506,9463.09,1.286378066,12314.49723,5.513302352,9573,6.435263007,12310.65813,10.90981716,1913,1.493538088,337.02,0.04718706,451.4857935,0.392492116,9568,2.190160178,446.7926762,1.595176445,204
"KCAE20140727_113359",9889.2,"2014","07","27",0.548312119,9475.3,1.340826944,12834.39551,11.32057618,9572,6.529558768,12830.58298,24.30297581,1965,1.497819954,413.9,0.062872299,601.6879054,0.629742301,9570,2.332108779,597.0198476,3.093536343,256
"KCAE20140727_113948",10530.36,"2014","07","27",0.555446509,8467.36,1.146100797,10971.62293,3.955780509,9573,5.381671485,10967.84649,7.122389011,2038,0.941661575,2063,0.268398922,2569.114482,1.11097009,9572,2.657824625,2564.800763,2.428608234,965
"KCAE20140727_114409",9186.33,"2014","07","27",0.550584037,6847.01,0.966345007,9244.056341,6.959296662,9566,4.886414452,9240.209729,15.03139069,1891,0.923328493,2339.32,0.307579609,2945.689914,1.352306803,9577,2.736212856,2941.42882,3.107270634,1075
"KCAE20140727_114830",11214.13,"2014","07","27",0.551991208,8906.78,1.225236428,11720.61167,7.440532231,9566,5.704404457,11716.84676,15.24369063,2054,0.935053017,2307.35,0.289288848,2770.519296,1.253015331,9577,2.771763137,2766.21961,2.86243381,998
"KCAE20140727_115253",10132.88,"2014","07","27",0.55416828,7943.94,1.085271215,10383.87499,4.500164622,9568,4.905548271,10380.14014,8.535697948,2116,0.937228835,2188.94,0.305848687,2925.442692,1.573835393,9565,2.776783351,2921.176085,3.958982411,1052
"KCAE20140727_115713",14017.57,"2014","07","27",0.552543812,10419.45,1.530548351,14644.28662,17.10366361,9568,7.107050345,14640.52371,36.32624384,2060,0.940036999,3598.12,0.571946364,5474.098653,12.20889055,9571,4.968077745,5469.853597,35.70627397,1101
"KCAE20140727_120134",10846.96,"2014","07","27",0.55514618,8415.1,1.222042084,11686.38845,13.41038131,9563,5.464297068,11682.66713,27.95525684,2138,0.938884064,2431.86,0.324443798,3102.007149,1.649139359,9561,3.019229548,3097.729516,4.150065992,1026
"KCAE20140727_120556",9460.64,"2014","07","27",0.552593428,7186.45,0.887539253,8497.300807,4.58106335,9574,4.396206384,8493.470734,9.413207542,1932,0.929743544,2274.19,0.290143758,2778.416627,1.983258636,9576,2.871740584,2774.101404,5.622044681,966
"KCAE20140727_121016",14787.28,"2014","07","27",0.553193478,12176.63,1.72782327,16535.2687,12.34606337,9570,7.022791898,16531.65213,24.13861708,2354,0.938031763,2610.65,0.353040009,3380.711129,1.466946811,9576,2.974872782,3376.480608,3.219440764,1135
"KCAE20140727_121439",30383.42,"2014","07","27",0.547271391,26684.37,4.108446891,39326.05364,24.67507676,9572,12.74232111,39322.80294,42.17697784,3086,0.924484014,3699.05,0.537950471,5148.186007,8.030723966,9570,4.625851588,5143.946966,23.16347661,1112
"KCAE20140727_121859",40804.18,"2014","07","27",0.553085273,37049.82,5.523325071,52814.03433,26.64861654,9562,14.12061936,52811.11642,41.16424072,3740,0.928194146,3754.36,0.547683244,5244.614745,4.060905103,9576,3.621659015,5240.540594,9.902490821,1447
"KCAE20140727_122319",57891.34,"2014","07","27",0.554157659,53342.6,7.389591437,70703.61087,27.24978728,9568,15.52846418,70701.09741,37.87111578,4553,0.924348002,4548.74,0.669037277,6401.348663,8.41536936,9568,3.721590951,6397.414844,19.57038887,1719
"KCAE20140727_122739",57170.27,"2014","07","27",0.555091021,53788.79,7.755645443,74322.35028,32.41687253,9583,15.54810525,74319.94307,44.56237398,4780,0.929299585,3381.48,0.496164758,4746.80824,4.593985747,9567,3.382821716,4742.716046,11.59016549,1402
"KCAE20140727_123200",70290.08,"2014","07","27",0.556219481,66240.77,8.754213806,83716.54663,33.64051871,9563,17.15103464,83714.20007,45.53474304,4881,0.928768227,4049.31,0.550824931,5269.191293,3.591806765,9566,3.829153504,5265.086068,8.789151025,1375
"KCAE20140727_123621",82509.41,"2014","07","27",0.553016212,77600.12,10.33580438,98903.31213,42.67606393,9569,20.06919361,98900.98612,57.80482708,4928,0.93861719,4909.29,0.640428641,6123.138234,4.377970701,9561,3.831651083,6119.146779,10.12787767,1597
"KCAE20140727_124041",50250.98,"2014","07","27",0.554215304,45197.69,6.110265011,58542.44907,26.97226525,9581,14.62759944,58539.65294,40.21590976,4002,0.922208079,5053.29,0.654417624,6256.886903,4.17173059,9561,3.987806705,6252.880913,9.63717104,1568
"KCAE20140727_124501",99089.62,"2014","07","27",0.553979082,93914.27,11.18486326,107050.3263,42.10518756,9571,20.5822219,107048.1361,55.4009838,5201,0.937839643,5175.35,0.666903092,6388.931621,10.42632997,9580,4.046211103,6384.92112,25.42901899,1578
"KCAE20140727_124921",86357.37,"2014","07","27",0.555579084,83093.58,9.756041116,93287.26515,37.25262645,9562,18.72064423,93284.97021,49.9540447,4983,0.938974225,3263.79,0.434798514,4166.674163,1.801778538,9583,3.118007768,4162.54037,3.866192394,1335
"KCAE20140727_125340",78287.18,"2014","07","27",0.555488965,74887.04,8.476533212,81078.04018,36.94189566,9565,16.74771175,81075.67257,50.57817463,4841,0.924989163,3400.14,0.421357776,4034.500709,1.991860181,9575,3.32533769,4030.30928,4.658683823,1212
"KCAE20140727_125801",60455.61,"2014","07","27",0.551865492,57767.76,6.523420641,62416.08869,29.82994465,9568,14.26267974,62413.48653,42.84175353,4376,0.938703593,2687.85,0.352060193,3365.695448,1.932580986,9560,2.982669863,3361.468936,4.884127018,1127
"KCAE20140728_100036",79.62,"2014","07","28",0.553170175,25.16,0.003474863,33.2474892,0.112264173,9568,2.587058437,28.45764281,2.169488064,11,0.927103141,54.46,0.005783631,55.36091681,0.167520978,9572,3.890005234,50.57006805,2.452780567,13
"KCAE20140728_100456",58.87,"2014","07","28",0.555967206,44.35,0.005988677,57.20384191,0.136458768,9552,2.62132626,52.4265252,1.464712643,20,0.922971541,14.52,0.001598249,15.29364151,0.062182901,9569,2.624946404,10.49978562,1.775516644,4
"KCAE20140728_100916",163.33,"2014","07","28",0.557073284,146.45,0.017750374,169.9243316,0.341779138,9573,4.463378653,165.1450101,3.266168969,37,0.920429339,16.88,0.002018705,19.33313625,0.055163153,9577,1.817159451,14.53727561,0.627875103,8
"KCAE20140728_101337",295.53,"2014","07","28",0.555232431,285.28,0.03174087,303.4744615,0.48277685,9561,4.148870775,298.7186958,3.750056202,72,0.915182046,10.25,0.001202427,11.49640583,0.051089667,9561,3.35277853,6.70555706,1.575515072,2
"KCAE20140728_101757",191.13,"2014","07","28",0.554284991,174.57,0.019235339,184.101433,0.305747436,9571,3.51627707,179.3301306,2.313362659,51,0.911960538,16.56,0.002739493,26.21147105,0.083297231,9568,2.380069142,21.42062228,1.39044912,9
"KCAE20140728_102216",187.81,"2014","07","28",0.555796179,170.5,0.018460871,176.4305438,0.290618073,9557,3.065513641,171.6687639,2.272726224,56,0.919628899,17.31,0.002690928,25.75486884,0.06749592,9571,1.747001672,20.96402007,0.800043581,12
"KCAE20140728_102634",312.72,"2014","07","28",0.546718474,305.27,0.032485369,310.9174695,0.340818078,9571,2.834951247,306.1747347,1.539904042,108,1.548024677,7.45,0.000990474,9.475863425,0.024888316,9567,1.170752477,4.68300991,0.387207469,4
"KCAE20140728_103612",446.6,"2014","07","28",0.544006577,434.67,0.041051866,392.9895154,0.390862715,9573,2.71512811,388.2633198,1.728582061,143,1.549738112,11.93,0.001504469,14.40378996,0.044074612,9574,1.601405084,9.608430507,0.803556304,6
"KCAE20140728_104552",779.81,"2014","07","28",0.541048824,766.42,0.069519303,665.3692494,0.636985187,9571,3.55196563,660.6656072,2.924843123,186,1.547934601,13.39,0.001459447,13.9669066,0.067959257,9570,4.585773572,9.171547144,1.467444108,2
"KCAE20140728_105529",485.85,"2014","07","28",0.538428222,477.49,0.044342249,424.3996673,0.47623161,9571,2.976407601,419.6734717,2.591386977,141,1.549374189,8.36,0.001042462,9.976363407,0.029208963,9570,1.295501582,5.18200633,0.697285524,4
"KCAE20140728_110509",379.74,"2014","07","28",0.543741186,374.45,0.033912537,324.6447199,0.4221103,9573,3.046661706,319.8994791,2.670877315,105,1.549575557,5.29,0.000762642,7.300007938,0.013055574,9572,0.626162122,2.504648486,0.148555101,4
"KCAE20140728_111449",176.55,"2014","07","28",0.544895982,113.73,0.012777827,122.2582519,0.19371312,9568,2.098052838,117.4909589,1.440057233,56,1.549941299,62.82,0.006372148,60.98145506,0.135763762,9570,2.247904916,56.19762291,1.449614297,25
"KCAE20140728_112429",5232.63,"2014","07","28",0.5407009,82.67,0.01218846,116.619185,0.168611282,9568,1.532334414,111.8604122,1.190232352,73,1.549383562,5149.96,0.440376175,4215.721125,2.204837394,9573,6.076869527,4211.270582,5.739730537,693
"KCAE20140728_113408",36821.93,"2014","07","28",0.539046777,102.12,0.016247009,155.5326166,0.234566907,9573,1.908536012,150.774345,1.759346349,79,1.549841928,36719.81,2.89637774,27741.50599,11.17624718,9578,19.11608052,27737.43284,22.68780006,1451
"KCAE20140728_114347",55327.57,"2014","07","28",0.545269718,94.28,0.013900607,133.0288081,0.216762406,9570,2.035936843,128.2640211,1.752039425,63,1.549038981,55233.29,4.169258492,39908.14229,20.98158528,9572,35.47014112,39903.90876,51.35531402,1125
"KCAE20140728_115327",19954.71,"2014","07","28",0.539816997,103.97,0.016139947,154.4915759,0.185263651,9572,1.559815893,149.7423257,1.012669453,96,1.549128506,19850.74,1.437026376,13755.21647,11.11941438,9572,28.11996766,13750.66419,40.9034746,489
"KCAE20140728_120307",2178.22,"2014","07","28",0.544832618,177.28,0.026818465,256.652708,0.365554321,9570,2.290104334,251.9114767,2.54983754,110,1.549869994,2000.94,0.149735008,1433.712706,1.259150987,9575,4.827912803,1429.06219,5.366087054,296
"KCAE20140728_121246",2111.66,"2014","07","28",0.544548895,130.61,0.01793712,171.7658572,0.225627592,9576,2.141097191,167.0055809,1.31398917,78,1.549295171,1981.05,0.19172077,1835.534651,1.178088029,9574,3.409693523,1831.005422,3.714389355,537
"KCAE20140728_122226",7015.07,"2014","07","28",0.540716015,176.19,0.023545815,225.4040842,0.277079143,9573,2.298482633,220.6543328,1.566103188,96,1.549382447,6838.88,0.725312337,6942.689692,3.55468931,9572,5.224817699,6938.557904,8.222614434,1328
"KCAE20140728_123206",10226.95,"2014","07","28",0.535134149,144.54,0.017416358,166.7093829,0.230859842,9572,2.076296299,161.9511113,1.515037863,78,1.55083149,10082.41,0.989981487,9476.102791,4.51790349,9572,6.794837935,9472.004081,10.03863456,1394
"KCAE20140728_124145",12033.08,"2014","07","28",0.537004409,95.45,0.011989686,114.7892505,0.197547201,9574,2.157185186,110.0164445,1.659116556,51,1.549661413,11937.63,1.099124713,10519.72263,6.656449672,9571,10.09160077,10515.44801,17.79041787,1042
"KCAE20140728_125125",12188.66,"2014","07","28",0.542119001,144.22,0.01880989,180.0670775,0.244537313,9573,2.16431862,175.3098082,1.566642885,81,1.549824542,12044.44,1.020364757,9767.951821,5.903646398,9573,10.75287338,9763.609033,16.21905335,908
"KCAE20140729_100005",127.41,"2014","07","29",0.539368767,111.84,0.021717075,207.7672558,0.225446952,9567,1.410031726,203.0445685,1.195607063,144,1.550125443,15.57,0.001658447,15.87299237,0.05474404,9571,1.582805381,11.07963767,1.364272703,7
"KCAE20140729_100946",486.16,"2014","07","29",0.537587743,481.41,0.067498099,645.821809,0.47786013,9568,2.166131084,641.174801,1.686786241,296,1.547991079,4.75,0.000664302,6.358703151,0.011718887,9572,0.781170663,1.562341325,0.309471417,2
"KCAE20140729_101927",10254.69,"2014","07","29",0.5384466,10250.57,1.282897679,12277.33079,4.327319869,9570,7.488319632,12273.35588,7.930942108,1639,1.549514198,4.12,0.000501187,4.796863013,0,9571,NA,0,NA,0
"KCAE20140729_102906",26483.92,"2014","07","29",0.536518057,26475.84,3.295756082,31546.97722,6.51178466,9572,8.336172396,31544.07635,8.078007269,3784,1.548649472,8.08,0.000875224,8.375013772,0.026040294,9569,1.790077754,3.580155507,0.290174789,2
"KCAE20140729_103848",32364.82,"2014","07","29",0.543354097,32359,3.899766091,37328.56102,5.414192813,9572,6.304126193,37326.73119,5.677414736,5921,1.547857525,5.82,0.000866903,8.297132283,0.01807726,9571,0.875568505,3.502274019,0.147945657,4
"KCAE20140729_104830",28625.01,"2014","07","29",0.542695622,28557.28,3.410528832,32638.76092,4.24908619,9570,4.800319478,32637.37213,4.32925837,6799,1.549402246,67.73,0.012260488,117.3573893,0.140142121,9572,1.014555467,112.6156569,0.82657185,111
"KCAE20140729_105811",15463.09,"2014","07","29",0.540165151,15421.47,2.061219612,19725.87169,3.093904467,9570,3.537913802,19723.86944,3.347873213,5575,1.549285484,41.62,0.009030954,86.43525632,0.09364301,9571,0.793106947,81.69001559,0.441796173,103
"KCAE20140729_110753",9324.07,"2014","07","29",0.54464495,9246.33,1.399945291,13401.67627,2.523287569,9573,3.360641244,13398.87664,2.949547695,3987,1.549489562,77.74,0.015545952,148.7747592,0.141050321,9570,0.911756867,144.057585,0.625071163,158
"KCAE20140729_111735",6843.4,"2014","07","29",0.543115863,6726.28,1.093230585,10463.30993,2.670778414,9571,3.345084834,10460.08027,3.781978667,3127,1.548689983,117.12,0.022732965,217.5544761,0.197563394,9570,1.08600177,212.856347,0.869044254,196
"KCAE20140729_112717",4338.77,"2014","07","29",0.539517968,4230.92,0.716195043,6853.986563,2.009218015,9570,2.879521869,6850.382525,3.164444829,2379,1.548689369,107.85,0.021537819,206.0953872,0.189271807,9569,1.118831891,201.3897403,0.825154469,180
"KCAE20140729_113657",2418.46,"2014","07","29",0.539850759,2308.03,0.393402327,3764.466868,1.128016279,9569,2.127011938,3760.557107,1.789221281,1768,1.548256094,110.43,0.021391826,204.8053446,0.205703811,9574,1.307736338,200.0836597,0.986069412,153
"KCAE20140729_114639",1289.9,"2014","07","29",0.53938447,1226.51,0.208668676,1997.585235,0.877515417,9573,1.689304043,1993.378771,1.936254563,1180,1.548290275,63.39,0.012610952,120.6994211,0.14337666,9571,1.063827408,115.9571875,0.83272498,109
"KCAE20140729_115621",1079.54,"2014","07","29",0.539489115,949.53,0.162892554,1559.859099,0.679504268,9576,1.577640873,1555.553901,1.501609557,986,1.548470904,130.01,0.027254288,260.9052973,0.258061761,9573,1.274667515,256.2081706,1.260920083,201
"KCAE20140729_120602",1262.07,"2014","07","29",0.539188008,825.28,0.146263726,1399.597593,0.551955664,9569,1.337799109,1395.324471,1.0965764,1043,1.548651657,436.79,0.076577006,733.0716766,0.529509476,9573,1.877495546,728.4682719,1.883038858,388
"KCAE20140730_100546",7901.07,"2014","07","30",0.540219789,7886.04,0.981297816,9389.057503,4.781112084,9568,6.240037187,9385.01593,10.61461155,1504,1.548046064,15.03,0.002320351,22.20808355,0.047267706,9571,0.916881215,17.42074309,0.550657077,19
"KCAE20140730_101529",19776.15,"2014","07","30",0.538974696,19767.03,2.385855106,22842.17678,8.892022731,9574,10.7932131,22838.43893,16.34319577,2116,1.548841567,9.12,0.001493893,14.29954288,0.029161837,9572,0.79234941,9.508192924,0.23826071,12
"KCAE20140730_102512",38132.14,"2014","07","30",0.538721463,38105.54,4.518276791,43248.94545,11.74055393,9572,11.67864002,43246.00398,16.5143933,3703,1.549175011,26.6,0.003909539,37.41428984,0.096404103,9570,1.359581521,32.62995651,1.394284812,24
"KCAE20140730_103455",42238.1,"2014","07","30",0.540541176,42201.44,4.964847389,47518.55436,11.79569516,9571,8.174207965,47516.6709,14.24315643,5813,1.549941978,36.66,0.006172967,59.08763927,0.149355313,9572,1.263065724,54.31182612,1.859744825,43
"KCAE20140730_104437",42165.45,"2014","07","30",0.539555723,41937.75,4.800210202,45942.81184,6.083160382,9571,6.409264438,45941.60749,6.252886187,7168,1.548894058,227.7,0.042332399,405.1633944,0.301911013,9571,1.267483881,400.5249065,1.10093515,316
"KCAE20140730_105420",33837.81,"2014","07","30",0.539015217,33249.82,3.858429351,36936.74417,4.54245534,9573,5.140646811,36935.54734,4.571763056,7185,1.549460248,587.99,0.115113675,1101.752979,0.632159905,9571,1.781274102,1097.264847,1.801858727,616
"KCAE20140730_110403",16409.03,"2014","07","30",0.54026238,16188.78,2.030219514,19441.38207,3.473361827,9576,4.032987225,19438.99842,3.986597191,4820,1.549959102,220.25,0.041190195,394.313732,0.445135283,9573,1.357699329,389.6597074,2.199687489,287
"KCAE20140730_111346",6825.47,"2014","07","30",0.540180549,6740.5,0.916290601,8770.733632,2.154744665,9572,2.946044288,8767.427801,2.992693602,2976,1.548048647,84.97,0.014664346,140.3524536,0.170237384,9571,1.200108184,135.6122248,1.020558314,113
"KCAE20140730_112328",3826.94,"2014","07","30",0.543575379,3767.12,0.541201742,5181.465476,2.089275573,9574,2.633597377,5177.652443,3.969040662,1966,1.550128268,59.82,0.008747671,83.75020014,0.146575078,9574,1.361739697,78.98090242,1.316878011,58
"KCAE20140730_113310",2272.93,"2014","07","30",0.540209923,2171.5,0.315311371,3017.529822,1.606899808,9570,2.14632274,3013.437128,3.698550502,1404,1.548220036,101.43,0.014547727,139.294488,0.524320887,9575,2.402208692,134.5236868,6.481976831,56
"KCAE20140730_114252",2269.53,"2014","07","30",0.538521794,2224.32,0.326246043,3122.174633,1.211177028,9570,2.07460516,3118.131555,2.391026535,1503,1.549370938,45.21,0.006023437,57.66236698,0.132747428,9573,1.958445691,52.87803364,1.586757731,27
"KCAE20140730_115235",1168.53,"2014","07","30",0.539594332,1140.04,0.15947052,1526.451814,0.778952358,9572,1.706391826,1522.101509,1.968747151,892,1.548936543,28.49,0.003471419,33.22842004,0.092152669,9572,1.777442177,28.43907484,1.4339262,16
"KCAE20140730_120218",996.13,"2014","07","30",0.539778532,986.97,0.149094442,1427.430186,0.663988347,9574,1.67813305,1423.056826,1.553945464,848,1.549726692,9.16,0.001455221,13.92501011,0.038468789,9569,1.141644871,9.133158968,0.731946678,8
"KCAE20140730_120719",707.51,"2014","07","30",0.542796501,680.32,0.102889593,985.0649592,0.525492075,9574,1.945474585,980.519191,1.290184767,504,1.491208568,27.19,0.003410435,32.67537333,0.098685075,9581,2.787851032,27.87851032,1.320145927,10
"KCAE20140730_121221",595.2,"2014","07","30",0.54463849,588.08,0.089245037,853.8965175,0.67976673,9568,1.921544531,849.3226828,2.548815295,442,1.49700716,7.12,0.001139082,10.90215138,0.026951489,9571,1.018049248,6.108295489,0.385474567,6
"KCAE20140730_121722",1656.09,"2014","07","30",0.537741033,1602.36,0.218291951,2088.617389,0.956131908,9568,2.551078946,2084.231499,2.181957494,817,1.498136175,53.73,0.005704634,54.63327508,0.200774173,9577,4.153284933,49.83941919,4.037585734,12
"KCAE20140730_122223",929.65,"2014","07","30",0.534284387,909.55,0.137957686,1320.393014,0.74544563,9571,2.105455029,1315.909393,2.09146372,625,1.492052775,20.1,0.002474994,23.68322152,0.074930674,9569,2.099096841,18.89187156,1.32857518,9
"KCAE20140730_122725",800.59,"2014","07","30",0.544175854,783.81,0.125301837,1199.514483,0.588197636,9573,1.899891676,1195.031864,1.377454205,629,1.492765755,16.78,0.00167578,16.02883209,0.067411038,9565,2.809245238,11.23698095,1.993172667,4
"KCAE20140730_123228",1085.65,"2014","07","30",0.548488646,1072.16,0.174254241,1668.658615,0.700456854,9576,1.939731077,1664.289264,1.433216216,858,1.489120287,13.49,0.001792638,17.16092647,0.079827498,9573,3.091266459,12.36506584,2.756902949,4
"KCAE20140730_123731",617.5,"2014","07","30",0.542908958,612.55,0.104387379,999.4047662,0.521518421,9574,1.84236489,994.8770407,1.274172578,540,1.491885386,4.95,0.000707444,6.770238321,0.015534185,9570,0.987439435,1.97487887,0.601179512,2
"KCAE20140730_124234",823.27,"2014","07","30",0.543298143,803.71,0.136859782,1310.02183,0.598985124,9572,1.894876319,1305.569784,1.28684512,689,1.495509752,19.56,0.00201654,19.28820823,0.069720121,9565,2.416226577,14.49735946,1.516389873,6
"KCAE20140730_124735",1068.35,"2014","07","30",0.544419913,1045.09,0.178674701,1709.91689,0.706056004,9570,1.93593879,1705.562074,1.41980462,881,1.491162746,23.26,0.003072562,29.40749141,0.16340593,9571,6.153158287,24.61263315,5.892816566,4
"KCAE20140731_100048",28.85,"2014","07","31",0.55207877,19.75,0.002981158,28.53564598,0.083965152,9572,2.158526803,23.74379484,1.277027998,11,0.932591376,9.1,0.001274913,12.19454618,0.060296831,9565,3.700846331,7.401692662,2.718920214,2
"KCAE20140731_100508",59.44,"2014","07","31",0.554842565,28.56,0.004459451,42.69032637,0.098982331,9573,1.895124236,37.90248473,1.079467376,20,0.929592104,30.88,0.00375523,35.96008405,0.121714635,9576,3.116572697,31.16572697,2.232357096,10
"KCAE20140731_100928",38.11,"2014","07","31",0.553977195,29.48,0.004335101,41.52593261,0.103478146,9579,2.040782304,36.73408147,1.278095078,18,0.927980832,8.63,0.001178637,11.27130214,0.033767909,9563,1.620113343,6.480453372,0.371973222,4
"KCAE20140731_101348",1674.19,"2014","07","31",0.550286768,522.4,0.06601604,631.5754517,0.975996463,9567,6.529465702,626.8287074,7.298962545,96,0.926122315,1151.79,0.157214848,1504.231667,10.1849815,9568,214.205688,1499.439816,334.5319298,7
"KCAE20140731_101808",2614.5,"2014","07","31",0.55300587,2542.5,0.318900657,3052.517091,2.646853841,9572,8.758316494,3047.89414,10.91384588,348,0.926931969,72,0.007734414,74.01060583,0.171414981,9569,2.662606771,69.22777606,1.973637708,26
"KCAE20140731_102229",9500.8,"2014","07","31",0.548245948,9412.86,1.200002619,11487.62508,6.738174365,9573,16.33453705,11483.17955,19.27497132,703,0.918870439,87.94,0.010558976,101.059957,0.171622093,9571,2.407078538,96.28314151,1.14555729,40
"KCAE20140731_102650",26108.02,"2014","07","31",0.549112977,25167.95,3.215243947,30821.32848,18.53170526,9586,26.36194182,30817.10999,46.98457943,1169,0.917800628,940.07,0.118191913,1131.923952,1.068447084,9577,3.436855096,1127.288471,4.689508414,328
"KCAE20140731_103111",49648.67,"2014","07","31",0.547734171,39464.35,4.99146365,47733.36688,22.44657511,9563,28.15895194,47729.42354,46.81124912,1695,0.927465372,10184.32,1.25908211,12045.63855,7.877594509,9567,10.83834429,12041.40051,20.75793639,1111
"KCAE20140731_103530",64505.17,"2014","07","31",0.554253315,51086.51,6.361088072,60932.86264,24.84348593,9579,27.80883609,60929.15987,45.85444673,2191,0.934513044,13418.66,1.68985468,16155.01074,7.709186211,9560,9.694510423,16151.05436,16.2345655,1666
"KCAE20140731_103951",70048.32,"2014","07","31",0.554654845,51889.63,6.465267649,61859.68087,22.15146755,9568,21.7574078,61856.31038,36.31763207,2843,0.927264297,18158.69,2.314514596,22140.64662,7.103655801,9566,9.285674117,22137.0471,11.73843772,2384
"KCAE20140731_104411",64015.75,"2014","07","31",0.553306084,45283.49,5.666381695,54210.27367,15.49196364,9567,15.77625172,54207.20089,22.55730934,3436,0.922169799,18732.26,2.399270529,22946.62334,6.925000479,9564,8.255927593,22943.22278,10.80352172,2779
"KCAE20140731_104831",61854.59,"2014","07","31",0.55317074,44050.37,5.501255255,52691.02284,14.42744721,9578,13.49940523,52688.1786,20.07208977,3903,0.920074543,17804.22,2.328875956,22275.69852,6.003817885,9565,6.732939114,22272.56259,8.636387596,3308
"KCAE20140731_105253",58462.5,"2014","07","31",0.549674906,41443.21,5.131272813,49101.14955,14.1985854,9569,11.90264754,49098.42108,19.67520793,4125,0.921469667,17019.29,2.217045534,21230.42803,6.499770109,9576,6.685738562,21227.21993,9.877388139,3175
"KCAE20140731_105713",57863.12,"2014","07","31",0.548686377,39234.37,4.768598735,45630.72129,18.13430002,9569,11.40413164,45627.93068,26.66323132,4001,0.928188041,18628.75,2.295814998,21973.24535,7.615935526,9571,7.467682862,21969.92298,12.25183112,2942
"KCAE20140731_110135",56479.46,"2014","07","31",0.548831395,34697.03,4.188526658,40109.33128,14.77730491,9576,10.71218172,40106.40836,22.10685291,3744,0.920736646,21782.43,2.628363875,25177.09756,8.031986097,9579,8.29450339,25173.81779,12.51596028,3035
"KCAE20140731_110556",46196.34,"2014","07","31",0.553462998,25582.94,2.997925023,28660.16322,8.428223165,9560,8.907983895,28656.98419,12.58883991,3217,0.931765253,20613.4,2.512543163,24042.52552,8.581958268,9569,8.996657499,24039.06884,14.33434906,2672
"KCAE20140731_111015",30576.94,"2014","07","31",0.555411659,18949.47,2.179467445,20848.78558,6.912145178,9566,8.242490598,20845.25872,11.43599045,2529,0.927362862,11627.47,1.455850344,13944.1346,5.495363748,9578,7.617623714,13940.2514,10.54359126,1830
"KCAE20140731_111437",21882.58,"2014","07","31",0.554049981,14097.36,1.583259383,15142.29274,5.614152083,9564,7.603464211,15138.49724,10.27957226,1991,0.928948756,7785.22,0.970397814,9275.062304,4.545753818,9558,7.458483453,9270.894932,10.51562604,1243
"KCAE20140731_111858",13970.46,"2014","07","31",0.55782183,9452.54,1.039070108,9947.018143,5.33115126,9573,6.713681658,9942.962536,12.07043622,1481,0.917559424,4517.92,0.547006653,5231.571633,2.919171989,9564,6.142426309,5227.204789,7.839996186,851
"KCAE20140731_112322",9460.44,"2014","07","31",0.549408572,6501.83,0.685613024,6558.574185,2.866263937,9566,5.739362682,6554.352183,6.312057242,1142,0.916688472,2958.61,0.353145736,3379.25155,2.313674617,9569,5.690982957,3374.752893,7.489415073,593
"KCAE20140731_112741",5271.39,"2014","07","31",0.554472563,4108.64,0.41939633,4012.784083,2.406561327,9568,6.054864818,4008.320509,7.046500439,662,0.907085774,1162.75,0.13673621,1308.155323,1.161060629,9567,4.622346807,1303.5018,5.008601681,282
"KCAE20140731_113202",2940.01,"2014","07","31",0.553777773,2526.31,0.254705457,2438.80475,1.704549021,9575,5.519788901,2434.226906,5.839110293,441,0.90734388,413.7,0.047384389,453.9898347,0.499808613,9581,3.208986614,449.258126,2.645769274,140
"KCAE20140731_113622",1395.94,"2014","07","31",0.555880855,1061.96,0.107737642,1032.234346,0.977870175,9581,4.940080374,1027.536718,4.502161757,208,0.925990882,333.98,0.045434407,434.9890138,1.20842035,9574,4.435456313,430.2392624,11.2225181,97
"KCAE20140731_114043",491.72,"2014","07","31",0.554197624,381.31,0.03720525,356.0170394,0.485197282,9569,4.084468383,351.2642809,3.126696458,86,0.9294456,110.41,0.01488363,142.3321512,0.225650813,9563,2.292822816,137.569369,1.715208767,60
"KCAE20140731_114506",315.01,"2014","07","31",0.549925864,239.29,0.021831323,208.772944,0.556404189,9563,4.636412334,204.0021427,6.852219224,44,0.921591923,75.72,0.011961618,114.472687,0.19335493,9570,2.238793538,109.7008834,1.537836172,49
"KCAE20140731_114926",347.95,"2014","07","31",0.553484198,261.96,0.030557601,292.4973607,0.711990357,9572,4.876772315,287.7295666,7.720967471,59,0.919830322,85.99,0.012389846,118.6947281,0.225497419,9580,2.233704216,113.918915,2.163748837,51
"KCAE20140731_115348",215.06,"2014","07","31",0.555945701,111.88,0.013596485,130.0639744,0.212524603,9566,2.610284881,125.2936743,1.506958245,48,0.930528731,103.18,0.012167934,116.4349634,0.441781435,9569,3.850125419,111.6536372,7.1687029,29
"KCAE20140731_115808",174.38,"2014","07","31",0.556724003,85.32,0.010712241,102.5697118,0.193201335,9575,2.642956431,97.78938793,1.666746858,37,0.926483537,89.06,0.013619969,130.3431079,0.29598561,9570,2.67170855,125.5703019,3.312038705,47
"KCAE20140731_120229",138.51,"2014","07","31",0.55518734,103.65,0.011557887,110.5858594,0.282007435,9568,3.648449461,105.8050344,3.664977334,29,0.93195168,34.86,0.005432872,51.94368781,0.100538859,9561,1.684495354,47.16586991,0.804206386,28
"KCAE20140731_120650",112.59,"2014","07","31",0.550920348,70.38,0.010306234,98.6718806,0.173188706,9574,2.29009909,93.89406271,1.352068187,41,0.914368779,42.21,0.006440129,61.6449175,0.135889786,9572,2.030770948,56.86158655,1.511194744,28
"KCAE20140731_121111",91.93,"2014","07","31",0.549114625,45.57,0.006853746,65.58349632,0.151076432,9569,2.171488176,60.80166892,1.792968455,28,0.927788468,46.36,0.006988819,66.91095617,0.136103766,9574,2.300967469,62.12612165,1.157709094,27
"KCAE20140731_121532",70.56,"2014","07","31",0.552745547,39.9,0.006115473,58.56788966,0.141669138,9577,2.338241166,53.77954683,1.742489398,23,0.931593218,30.66,0.004891459,46.81615714,0.106793455,9571,2.101465894,42.02931787,1.052509805,20
"KCAE20140731_121953",84.99,"2014","07","31",0.549272518,43.37,0.00623212,59.67254984,0.142818636,9575,2.111027421,54.88671294,1.786444146,26,0.920083444,41.62,0.00686102,65.6256604,0.12349342,9565,1.962817462,60.84734131,0.946442716,31
"KCAE20140731_122413",65.86,"2014","07","31",0.555284405,26.04,0.003987267,38.1701072,0.096013372,9573,1.963574235,33.380762,1.194893269,17,0.932314849,39.82,0.006029695,57.72830047,0.145360955,9574,2.52097423,52.94045883,1.859567128,21
"KCAE20140731_122833",80.13,"2014","07","31",0.554799238,40.94,0.006131859,58.68189272,0.121699404,9570,1.924984434,53.89956414,1.19141418,28,0.930335016,39.19,0.005891472,56.39905908,0.122176745,9573,2.064548935,51.61372338,1.235812227,25
"KCAE20140731_123253",81.64,"2014","07","31",0.554212038,32.86,0.004583991,43.8687959,0.094827693,9570,1.776520918,39.08346019,0.89478242,22,0.92536137,48.78,0.007637471,73.09060058,0.170800648,9570,2.846094468,68.30626724,1.925852169,24
"KCAE20140731_123713",66.41,"2014","07","31",0.550495315,32.73,0.004429023,42.43004023,0.103028351,9580,1.881934514,37.63869028,1.277982264,20,0.916535917,33.68,0.00597376,57.13304438,0.145220713,9564,2.492867362,52.35021461,1.890917758,21
"KCAE20140731_124134",87.63,"2014","07","31",0.550508438,58.21,0.008101749,77.52564061,0.175056969,9569,2.797800417,72.74281084,1.900701338,26,0.924022185,29.42,0.005027983,48.07254239,0.112859288,9561,1.882270372,43.29221855,1.357127046,23
"KCAE20140731_124553",41.11,"2014","07","31",0.5551502,29.02,0.004513959,43.16699053,0.099093794,9563,1.919208038,38.38416076,1.036697454,20,0.934090371,12.09,0.001901579,18.20381486,0.060026915,9573,1.915636827,13.40945779,1.21344444,7
"KCAE20140731_125015",77.58,"2014","07","31",0.548639666,59.43,0.009019456,86.28011519,0.151801845,9566,2.144863243,81.50480322,1.119520857,38,0.934025836,18.15,0.00297735,28.49919856,0.086450498,9572,2.155213402,23.70734742,1.432436069,11
"KCAE20140731_125436",48.07,"2014","07","31",0.55359241,39.27,0.005993065,57.29969573,0.113614608,9561,1.875781351,52.52187783,0.966563141,28,0.932396093,8.8,0.001331939,12.76263674,0.033649191,9582,1.327211299,7.963267796,0.242451968,6
"KCAE20140731_125857",47.09,"2014","07","31",0.555986554,22.37,0.00342463,32.74973548,0.090729943,9563,2.151030569,27.9633974,1.247439992,13,0.93056789,24.72,0.003887582,37.18861057,0.098970392,9566,1.90604551,32.40277368,1.415792912,17
"KCAE20140801_100212",83.62,"2014","08","01",0.549890658,76.25,0.009143353,87.41960204,0.190980422,9561,2.951492291,82.64178415,1.977345683,28,0.917789409,7.37,0.001111466,10.63116787,0.03062667,9565,1.459829183,5.839316733,0.389860565,4
"KCAE20140801_100723",60.56,"2014","08","01",0.548675681,51.79,0.006868203,65.6256826,0.276164293,9555,4.680258001,60.84335402,6.085077046,13,0.916493776,8.77,0.001276696,12.21542523,0.039449023,9568,1.855517632,7.422070526,0.613682481,4
"KCAE20140801_101232",345.65,"2014","08","01",0.549201523,340.38,0.042460955,406.0541154,0.822368086,9563,5.901402098,401.2953426,7.837635828,68,0.912020772,5.27,0.000780203,7.467323595,0.019332468,9571,1.335731478,2.671462956,0.108620181,2
"KCAE20140801_101742",3265.78,"2014","08","01",0.553769904,3249.96,0.402484622,3846.948018,3.420113551,9558,10.24625498,3842.345616,14.06332127,375,0.909786065,15.82,0.001842703,17.63098363,0.073187483,9568,2.139771883,12.8386313,2.18188438,6
"KCAE20140801_102254",11138.54,"2014","08","01",0.549121041,10865.58,1.334324058,12774.81853,7.465213667,9574,16.37232191,12770.41109,20.93642663,780,0.91454901,272.96,0.034828022,333.5479709,0.517444634,9577,4.215220428,328.7871934,3.930678333,78
"KCAE20140801_102805",16497.36,"2014","08","01",0.548047959,15136.04,1.833478876,17555.56024,8.019081671,9575,14.08618447,17551.38585,17.93827392,1246,0.913147107,1361.32,0.166893717,1597.005974,1.125763871,9569,4.2806359,1592.396555,3.876812082,372
"KCAE20140801_103321",22754.67,"2014","08","01",0.548712847,19400.96,2.317886912,22182.17775,8.103883397,9570,12.60844967,22178.26298,15.08803319,1759,0.914531668,3353.71,0.407322174,3894.407306,2.0322423,9561,4.968081589,3890.007884,5.273017195,783
"KCAE20140801_103832",24616.28,"2014","08","01",0.548301196,18900.37,2.225341429,21276.4894,7.289170672,9561,10.06756108,21272.75656,12.70894837,2113,0.92170574,5715.91,0.70525554,6740.127198,2.875923434,9557,5.60860889,6735.939277,6.192153744,1201
"KCAE20140801_104343",23988.02,"2014","08","01",0.547181644,15699.89,1.866526182,17847.72336,5.52162746,9562,7.867754716,17844.0677,9.019407519,2268,0.915141995,8288.13,1.014352876,9695.184788,3.903561313,9558,6.228261111,9691.174288,7.820442357,1556
"KCAE20140801_104854",19887.59,"2014","08","01",0.554717922,13014.7,1.582990794,15133.39199,4.803272835,9560,6.682745285,15129.73533,7.960009683,2264,0.923584214,6872.89,0.836271217,8000.606737,3.239524865,9567,5.549294996,7996.534089,6.598934033,1441
"KCAE20140801_105416",11327.5,"2014","08","01",0.550722863,7269.75,0.95730008,9156.575262,3.020422281,9565,4.850411843,9152.727147,5.231795342,1887,0.921170128,4057.75,0.558111293,5337.776411,2.478615774,9564,4.62581173,5333.560925,5.671693448,1153
"KCAE20140801_105946",6692.73,"2014","08","01",0.552272323,4395.65,0.646552153,6192.676518,2.265959124,9578,3.987534787,6188.653989,4.286650091,1552,0.91261224,2297.08,0.356481966,3410.462968,1.818164228,9567,3.694284387,3406.130205,4.689614899,922
"KCAE20140801_110502",3382.31,"2014","08","01",0.550661724,2176.05,0.344497274,3297.872406,1.360042138,9573,3.169966578,3293.595274,2.844896603,1039,0.925678546,1206.26,0.210044917,2009.079627,1.157943649,9565,3.142014934,2004.605528,3.302448011,638
"KCAE20140801_111032",1668.99,"2014","08","01",0.550978305,1171.3,0.19636661,1879.032092,1.025180144,9569,2.840253053,1874.567015,2.782081719,660,0.928557435,497.69,0.091408314,875.7830598,0.594763996,9581,2.239527369,871.1761467,1.977905188,389
"KCAE20140801_111541",1087.76,"2014","08","01",0.553002805,741.83,0.115156593,1102.509222,0.685776442,9574,2.607890393,1097.921856,2.050423175,421,0.921278439,345.93,0.062495102,598.2656096,0.535164827,9573,2.483629824,593.587528,2.341235004,239
"KCAE20140801_112112",470.53,"2014","08","01",0.547481332,287.74,0.044731467,427.9459488,0.418904201,9567,2.36447376,423.2408031,1.978887413,179,0.917442516,182.79,0.034590171,330.9241667,0.590976224,9567,2.787931174,326.1879474,4.589162663,117
"KCAE20140801_112631",209.95,"2014","08","01",0.550779051,143.07,0.022609965,216.4904173,0.267796081,9575,1.997591277,211.7446754,1.599136898,106,0.914948215,66.88,0.011641153,111.3941921,0.217164364,9569,2.050469101,106.6243932,2.141534527,52
"KCAE20140801_113146",110.67,"2014","08","01",0.552208664,80.31,0.013187502,126.0593314,0.222915348,9559,2.332587392,121.2945444,1.948749647,52,0.916467344,30.36,0.006379266,61.09422738,0.147578516,9577,2.346099406,56.30638574,1.827883896,24
"KCAE20140801_113712",53.38,"2014","08","01",0.55309705,49.26,0.008070982,77.17472735,0.174771413,9562,2.262450407,72.39841302,2.038847364,32,0.916473804,4.12,0.000501187,4.791349953,0,9560,NA,0,NA,0
"KCAE20140801_114222",32.78,"2014","08","01",0.551356683,22.08,0.003529555,33.77784398,0.068544459,9570,1.317841285,28.99250827,0.571869961,22,0.928111756,10.7,0.001653487,15.82882944,0.048237742,9573,1.838995196,11.03397118,0.63328396,6
"KCAE20140801_114732",46.33,"2014","08","01",0.547787627,37.95,0.005716835,54.73298128,0.180159997,9574,2.497231923,49.94463845,3.131369259,20,0.911300726,8.38,0.00098261,9.379993299,0.034099568,9546,2.298331171,4.596662341,0.735464253,2
"KCAE20140801_115249",85.27,"2014","08","01",0.546512963,62.21,0.009068723,86.733262,0.165388821,9564,1.862771808,81.96195953,1.597155174,44,0.919243263,23.06,0.002178062,20.82663197,0.086604384,9562,4.009071097,16.03628439,1.577224252,4
"KCAE20140801_115802",45.6,"2014","08","01",0.551701694,37.09,0.006299382,60.29138659,0.118172593,9571,1.85031864,55.50955919,1.039061254,30,0.919046836,8.51,0.001263223,12.0827327,0.042138083,9565,1.822720389,7.290881555,1.111400653,4
"KCAE20140801_120325",69.51,"2014","08","01",0.554216832,63.1,0.009343635,89.3625297,0.171145509,9564,2.063163992,84.58972368,1.631087714,41,0.915329027,6.41,0.000950335,9.094709777,0.02228508,9570,1.075088175,4.3003527,0.212276956,4
"KCAE20140801_120836",122.24,"2014","08","01",0.552886589,92.97,0.013197664,125.9189086,0.223615006,9541,2.330060441,121.1631429,1.962276718,52,0.916668021,29.27,0.002372321,22.69836935,0.100607802,9568,4.476253661,17.90501464,2.36224197,4
"KCAE20140801_121347",83.26,"2014","08","01",0.55343312,62.47,0.011421383,109.2112682,0.157984007,9562,1.740816451,104.4489871,0.991924422,60,0.912933509,20.79,0.002998484,28.64751173,0.092540091,9554,2.386418077,23.86418077,1.664742691,10
"KCAE20140801_121900",113.06,"2014","08","01",0.549264427,58.57,0.010398842,99.4545238,0.132701602,9564,1.456826866,94.69374627,0.701350694,65,0.910840789,54.49,0.006550521,62.71468673,0.137871265,9574,2.228051962,57.92935102,1.460233458,26
"KCAE20140801_122411",80.27,"2014","08","01",0.553624951,62.28,0.011753113,112.324499,0.142690144,9557,1.53671051,107.5697357,0.665712603,70,0.934267179,17.99,0.001702485,16.28426975,0.088943134,9565,5.74570812,11.49141624,3.107839277,2
"KCAE20140801_122936",85.4,"2014","08","01",0.548246182,78.29,0.014103047,134.7123021,0.192849481,9552,1.624563207,129.9650566,1.359316305,80,0.925660162,7.11,0.00101042,9.665677346,0.041704279,9566,2.436161322,4.872322644,2.184833217,2
"KCAE20140801_123459",33.01,"2014","08","01",0.553158748,28.89,0.005322467,50.88278756,0.081101314,9560,1.213433756,46.11048273,0.440822386,38,0.912959331,4.12,0.000501187,4.794858264,0,9567,NA,0,NA,0
"KCAE20140801_123932",44.84,"2014","08","01",0.547363861,40.72,0.006020149,57.66098965,0.121140889,9578,1.705682424,52.87615513,1.299979189,31,0.919483812,4.12,0.000501187,4.793354702,0,9564,NA,0,NA,0
"KCAE20140801_124419",29.04,"2014","08","01",0.55254412,20.12,0.003896421,37.32381726,0.07579015,9579,1.355623885,32.53497324,0.693299618,24,0.921898075,8.92,0.00119662,11.45763951,0.036194912,9575,1.332255537,6.661277686,0.959089186,5
"KCAE20140801_124852",47.78,"2014","08","01",0.5528834,43.66,0.007583938,72.48727496,0.11449482,9558,1.472173522,67.719982,0.76208934,46,0.912626785,4.12,0.000501187,4.791851141,0,9561,NA,0,NA,0
"KCAE20140801_125324",95.07,"2014","08","01",0.552856599,83.6,0.014294215,136.5383459,0.160447666,9552,1.402107628,131.7981171,0.823250255,94,0.913595595,11.47,0.001871059,17.89667604,0.049695828,9565,1.310783202,13.10783202,0.847842624,10
"KCAE20140801_125756",85.08,"2014","08","01",0.549076411,78.44,0.01523178,145.5548886,0.169448581,9556,1.394219439,140.8161633,0.895751425,101,0.917254021,6.64,0.001018844,9.73200263,0.028032809,9552,1.236666731,4.946666923,0.682075548,4
"KCAE20140802_100205",4396.15,"2014","08","02",0.55153438,2056.91,0.213045105,2040.119929,4.3414513,9576,14.85685564,2035.389222,33.28427695,137,0.915003694,2339.24,0.231460372,2217.62182,3.907437698,9581,14.75263415,2212.895123,27.67687009,150
"KCAE20140802_100636",2374.03,"2014","08","02",0.554054253,1210.93,0.137168409,1309.821141,3.425379183,9549,15.00090699,1305.078908,32.8192912,87,0.918004164,1163.1,0.123673381,1184.048951,2.225705342,9574,14.74113349,1179.29068,19.54700177,80
"KCAE20140802_101109",875.98,"2014","08","02",0.548835038,360.55,0.036437572,349.0719371,0.629765892,9580,6.621088945,344.2966251,5.481123413,52,0.915410035,515.43,0.051413914,492.3396365,0.799747938,9576,6.771893792,487.576353,6.333050414,72
"KCAE20140802_101542",192.63,"2014","08","02",0.549510971,89.05,0.00882746,84.48761845,0.227473383,9571,4.427765378,79.69977681,2.900739451,18,0.91176785,103.58,0.009367919,89.566673,0.226792921,9561,4.23924228,84.78484561,2.647064216,20
"KCAE20140802_102014",43.61,"2014","08","02",0.553646261,11.04,0.001396972,13.34806648,0.049411062,9555,2.140306803,8.561227213,1.29334672,4,0.914143567,32.57,0.003064737,29.30194784,0.110487892,9561,4.085517304,24.51310383,1.82445071,6
"KCAE20140802_102451",36.96,"2014","08","02",0.555426625,31.29,0.0030264,28.93541306,0.11222442,9561,3.449581461,24.14707023,2.489631396,7,0.92038816,5.67,0.000814196,7.79429375,0.021690002,9573,1.498715369,2.997430737,0.121873847,2
"KCAE20140802_102923",61.42,"2014","08","02",0.55322371,36.07,0.003348859,31.99835098,0.133899383,9555,5.44240258,27.2120129,2.413510118,5,0.915809376,25.35,0.001976678,18.92273965,0.14436455,9573,14.12537545,14.12537545,NA,1
"KCAE20140802_103355",323.07,"2014","08","02",0.556116303,200.7,0.01593217,152.2000196,0.555225058,9553,7.75903687,147.4217005,10.00892265,19,0.911240281,122.37,0.008946732,85.63812262,0.492008017,9572,11.54918096,80.84426673,15.18743321,7
"KCAE20140802_103829",500.26,"2014","08","02",0.549024932,299,0.023803557,227.4429853,0.96888428,9555,7.182892841,222.6696781,15.67874358,31,0.908693166,201.26,0.014192998,135.8695738,0.680676052,9573,26.21484287,131.0742143,15.81719023,5
"KCAE20140802_104302",453.15,"2014","08","02",0.548686999,264.59,0.0306183,292.7415624,0.624010016,9561,2.34155575,288.0113573,5.005832898,123,0.911713859,188.56,0.014079805,134.6310931,0.534147513,9562,10.82039625,129.844755,10.97436883,12
"KCAE20140802_104735",305.01,"2014","08","02",0.549177226,281.22,0.05383419,515.2470357,0.365507679,9571,1.600658469,510.6100515,1.239973236,319,0.917459167,23.79,0.005048756,48.30144791,0.074235991,9567,0.989287315,43.52864188,0.479757556,44
"KCAE20140802_105207",502.8,"2014","08","02",0.552437836,461.32,0.098315094,940.0889274,0.468358594,9562,1.655893356,935.5797459,1.065664289,565,0.918503764,41.48,0.009576539,91.62832403,0.106340254,9568,1.085913244,86.87305955,0.431724799,80
"KCAE20140802_105640",810.89,"2014","08","02",0.548752276,718.08,0.153037834,1464.112961,0.563611722,9567,1.737784643,1459.7391,0.930267358,840,0.916462036,92.81,0.021307798,203.5746996,0.198235537,9554,1.308306166,198.8625373,0.889860686,152
"KCAE20140802_110113",1023.46,"2014","08","02",0.553987948,836.21,0.177282951,1697.306976,0.643983791,9574,1.844192483,1692.968699,1.119281368,918,0.916373146,187.25,0.043479997,415.6252939,0.284531304,9559,1.417171688,410.9797894,0.851291105,290
"KCAE20140802_110545",1840.06,"2014","08","02",0.553911561,1371.79,0.281161836,2689.031803,0.830773638,9564,2.018725584,2684.905027,1.207015544,1330,0.929179818,468.27,0.107766146,1030.352118,0.49926379,9561,1.729945144,1025.857471,1.102304628,593
"KCAE20140802_111007",2365.72,"2014","08","02",0.554583486,1758.28,0.347946147,3330.888464,0.923757118,9573,2.046067361,3326.905529,1.245284788,1626,0.929675636,607.44,0.137944303,1318.609593,0.585405783,9559,1.830332307,1314.178596,1.211310515,718
"KCAE20140802_111428",2873.76,"2014","08","02",0.553983615,2276.8,0.432562799,4138.3283,1.056411038,9567,2.184089904,4134.482189,1.347556924,1893,0.935215057,596.96,0.133845152,1280.764258,0.573493129,9569,1.823313183,1276.319228,1.190780937,700
"KCAE20140802_111848",5942.5,"2014","08","02",0.555844922,3772.02,0.582905142,5576.070585,3.083211307,9566,2.705004211,5572.308674,6.198275075,2060,0.917726408,2170.48,0.281100843,2689.572861,4.206603608,9568,2.788432134,2685.260145,12.9993345,963
"KCAE20140802_112310",12927.08,"2014","08","02",0.549401941,8939.32,1.004389236,9611.000603,15.77408855,9569,4.191689993,9607.353463,32.02812617,2292,0.919107998,3987.76,0.426051885,4075.186283,10.20131587,9565,3.967745269,4070.906646,30.93469483,1026
"KCAE20140802_112732",14544.51,"2014","08","02",0.549248108,8713.7,1.011205684,9678.249602,14.8757566,9571,3.994494886,9674.666615,29.37366791,2422,0.91528298,5830.81,0.558085362,5346.457771,14.67792423,9580,5.068486383,5342.184648,44.01092769,1054
"KCAE20140802_113153",11388.83,"2014","08","02",0.549431051,8548.85,1.046462462,10003.13467,12.92559856,9559,3.872826449,9999.637891,24.65261631,2582,0.919107581,2839.98,0.323464724,3092.646222,7.015487523,9561,3.292456807,3088.324485,22.18933104,938
"KCAE20140802_113613",5365.69,"2014","08","02",0.549148687,4491.39,0.783717364,7508.012345,2.211732148,9580,2.976784793,7504.474464,3.473431629,2521,0.928704374,874.3,0.190135899,1819.410414,0.716222889,9569,2.001178755,1815.06913,1.337934489,907
"KCAE20140802_114035",5184.46,"2014","08","02",0.554818743,4227.39,0.812881168,7789.027352,1.776107375,9582,2.971579422,7785.538086,2.263647815,2620,0.913295907,957.07,0.214364811,2057.259092,0.787302622,9597,2.107738557,2052.937354,1.455747797,974
"KCAE20140802_114456",6928.73,"2014","08","02",0.554039873,5354.2,1.000794157,9581.603257,2.086093956,9574,3.226100679,9578.292915,2.618379219,2969,0.933551166,1574.53,0.335869798,3210.915265,1.146916721,9560,2.526997574,3206.759921,2.091942852,1269
"KCAE20140802_114917",8296.46,"2014","08","02",0.556327275,6103.84,1.124280067,10744.7446,2.498997864,9557,3.427417189,10741.52547,3.339572049,3134,0.912434711,2192.62,0.457821838,4378.608063,1.416964329,9564,2.793486314,4374.599568,2.396044683,1566
"KCAE20140802_115339",9178.96,"2014","08","02",0.55407185,7129.53,1.286085281,12310.40831,2.923309797,9572,3.673817886,12307.28992,3.955891875,3350,0.933453611,2049.43,0.424868242,4060.040916,1.452113734,9556,2.686098254,4056.008364,2.697241572,1510
"KCAE20140802_115800",10435.64,"2014","08","02",0.555039026,7596.96,1.365664131,13077.59972,2.979787128,9576,3.752740094,13074.54649,3.930632914,3484,0.929387652,2838.68,0.56951901,5447.449328,2.844863287,9565,3.152009856,5443.521022,6.058244124,1727
"KCAE20140802_120221",12686.57,"2014","08","02",0.554011082,9328.22,1.608675636,15377.33041,5.48387071,9559,4.282545633,15374.33882,8.284641095,3590,0.926538747,3358.35,0.645778643,6177.518495,3.034331428,9566,3.408962887,6173.631788,6.263556802,1811
"KCAE20140802_120643",16245.72,"2014","08","02",0.54846775,11153.41,1.869109951,17887.38223,7.433315738,9570,4.921410893,17884.40718,11.42411435,3634,0.929572759,5092.31,0.840365196,8048.177485,9.518493137,9577,4.407831387,8044.292281,21.44591719,1825
"KCAE20140802_121104",17052.56,"2014","08","02",0.549953195,10725.79,1.825398489,17447.15876,7.232149883,9558,4.659253433,17444.24485,10.97005017,3744,0.921578301,6326.77,0.992128593,9493.678504,16.25872118,9569,5.13240094,9489.809338,36.70680685,1849
"KCAE20140802_121527",17961.63,"2014","08","02",0.549257303,13506.94,2.17090826,20782.10477,16.57080509,9573,5.436740565,20779.22244,25.88671098,3822,0.917192869,4454.69,0.78150987,7482.175491,6.12390402,9574,3.84491102,7478.351934,13.14884634,1945
"KCAE20140802_121948",14505.2,"2014","08","02",0.548384705,11430.58,1.9096283,18267.50432,8.367164788,9566,4.713458597,18264.65206,12.63476468,3875,0.92944669,3074.62,0.623572325,5965.092859,1.749449439,9566,3.154098278,5961.245746,2.740950165,1890
"KCAE20140802_122410",12757.72,"2014","08","02",0.551028647,9587.03,1.679578589,16087.00373,3.141548882,9578,4.079173101,16084.17954,3.766652541,3943,0.92867675,3170.69,0.63773894,6103.799394,2.173678433,9571,3.167169168,6099.967818,3.933874229,1926
"KCAE20140802_122830",13574.04,"2014","08","02",0.54944773,9981.25,1.749267364,16719.49746,3.849859463,9558,4.36465448,16716.62666,5.057332852,3830,0.922834927,3592.79,0.722933052,6922.806908,1.909250618,9576,3.156526524,6919.106141,2.871628567,2192
"KCAE20140802_123251",14888.43,"2014","08","02",0.552494365,10232.75,1.773549985,16983.51465,3.311752557,9576,4.178334673,16980.75211,3.974618613,4064,0.931414335,4655.68,0.921110259,8818.709619,2.361831422,9574,3.633605578,8815.127133,3.487407208,2426
"KCAE20140802_123712",15796.82,"2014","08","02",0.55246872,10748.12,1.794361697,17175.63016,3.175604651,9572,4.159094745,17172.9022,3.680360412,4129,0.92505061,5048.7,0.960527462,9178.800427,2.186735121,9556,3.422362836,9175.354764,2.936218392,2681
"KCAE20140802_124132",23137.95,"2014","08","02",0.554248792,13055.02,1.938899863,18584.35518,6.154979959,9585,4.459236801,18581.63975,8.712776963,4167,0.92053785,10082.93,1.382979402,13224.04904,13.25450354,9562,5.1064327,13220.55426,25.10005493,2589
"KCAE20140802_124553",51845.41,"2014","08","02",0.54899737,30706.34,3.546779077,33893.02086,32.98203181,9556,8.080670839,33890.3335,49.41928748,4194,0.913909724,21139.07,2.258073821,21580.41151,25.40274257,9557,8.93820693,21576.83153,49.95792831,2414
"KCAE20140802_125015",82086.63,"2014","08","02",0.549355293,46624.05,4.883821769,46567.24057,39.42409367,9535,10.88212347,46564.60633,58.29711255,4279,0.914626779,35462.58,3.542968989,33817.639,35.30595308,9545,13.75115396,33814.08759,68.55336112,2459
"KCAE20140802_125438",107431.51,"2014","08","02",0.547954229,60594.88,6.31783725,60114.22143,45.44563011,9515,14.15389244,60111.58118,67.20707379,4247,0.917696493,46836.63,4.76908482,45406.45657,44.63221785,9521,18.47900537,45402.91618,86.41832222,2457
"KCAE20140802_125859",100914.67,"2014","08","02",0.549024567,60443.38,6.494518884,61671.95133,46.81968875,9496,14.58592977,61669.31107,69.32513904,4228,0.928327098,40471.29,4.226802679,40171.53266,39.97180431,9504,18.24982848,40167.87249,81.51997083,2201
"KCAE20140803_100204",1041610.32,"2014","08","03",0.554228841,414878.03,41.89496449,389748.8546,132.043258,9303,118.2481323,389745.844,200.4744688,3296,0.922860247,626732.29,62.07131413,569318.0932,173.1391677,9172,162.1057109,569315.2565,249.1624859,3512
"KCAE20140803_100638",1412367.61,"2014","08","03",0.554568779,655208.77,64.70610893,591931.4845,175.8902628,9148,165.3432106,591928.6938,249.8473683,3580,0.920809573,757158.84,77.81639826,690698.3509,193.5872646,8876,188.405821,690695.7398,264.403015,3666
"KCAE20140803_101112",1711128.81,"2014","08","03",0.553590064,887067.58,89.30109959,796655.1095,207.1082636,8921,210.6431872,796652.5339,275.0036606,3782,0.916431841,824061.23,92.11041305,772161.5926,218.5299274,8383,211.2032887,772159.2235,290.4436555,3656
"KCAE20140803_101548",1748156.67,"2014","08","03",0.551191609,992786.5,109.7023484,919086.2748,241.4705991,8378,242.6944742,919083.9738,311.0128037,3787,0.935319397,755370.17,93.99479222,739551.0252,224.4910532,7868,202.2283059,739548.9147,294.1922264,3657
"KCAE20140803_102020",1767174.38,"2014","08","03",0.554140619,986973.05,118.1508691,944498.0474,249.7154953,7994,243.1135104,944495.9881,312.9539561,3885,0.917581144,780201.33,104.4993789,783431.8436,231.3546379,7497,208.9703828,783429.9652,291.9123479,3749
"KCAE20140803_102501",1965999.97,"2014","08","03",0.554184744,1015210.26,130.3804414,997801.5179,257.9506454,7653,250.766443,997799.6766,312.7233239,3979,0.924099325,950789.71,132.9997795,970499.3911,259.3760976,7297,245.5712841,970497.7146,310.7763482,3952
"KCAE20140803_102934",2487111.41,"2014","08","03",0.553518102,1281755.61,168.5630113,1256131.56,289.4435068,7452,297.3088622,1256129.943,330.8996976,4225,0.919953369,1205355.8,175.2965868,1232159.709,292.2158968,7029,302.2959344,1232158.229,329.9521453,4076
"KCAE20140803_103413",2920818.69,"2014","08","03",0.553162453,1556432.47,208.6247673,1515033.06,310.9270982,7262,343.3888557,1515031.631,335.9345982,4412,0.925628137,1364386.22,208.365166,1392921.135,307.4389577,6685,350.1558014,1392919.778,330.4435715,3978
"KCAE20140803_103846",3125294.56,"2014","08","03",0.55372826,1637175.52,229.5499134,1608685.793,314.367981,7008,367.3634335,1608684.475,327.923898,4379,0.923071238,1488119.04,233.1107333,1512655.548,321.3883683,6489,383.6302998,1512654.272,335.0279934,3943
"KCAE20140803_104319",3293983.93,"2014","08","03",0.553813596,1755505.83,243.9571404,1707456.026,318.8112713,6999,377.6719274,1707454.784,326.8817057,4521,0.916911102,1538478.1,245.8151062,1580345.318,324.3021195,6429,384.0447528,1580344.158,333.5095772,4115
"KCAE20140803_104758",3280864.23,"2014","08","03",0.548488136,1745513.02,254.248208,1723294.354,323.4990271,6778,377.6667201,1723293.244,329.9123828,4563,0.920724183,1535351.21,257.9409245,1609809.31,327.9686812,6241,385.4904873,1609808.275,334.0428779,4176
"KCAE20140803_105229",3278254.26,"2014","08","03",0.552784321,1803370.18,275.2362828,1836101.243,333.2283019,6671,390.9091448,1836100.253,335.3966879,4697,0.914528713,1474884.08,267.7937774,1584267.987,337.6877614,5916,394.2924429,1584267.036,343.5445888,4018
"KCAE20140803_105708",3368435.5,"2014","08","03",0.552224278,1910653.31,298.4271144,1936195.118,346.5314709,6488,413.4516791,1936194.213,344.690512,4683,0.926772609,1457782.19,277.7859674,1567546.214,347.1888181,5643,394.5495537,1567545.377,353.7509828,3973
"KCAE20140803_110142",3259745.04,"2014","08","03",0.55258848,1888411.8,313.247653,1913943.16,355.6865199,6110,433.1166128,1913942.312,350.7236586,4419,0.922162987,1371333.24,276.7770478,1477159.104,349.267125,5337,399.447886,1477158.282,356.4474027,3698
"KCAE20140803_110615",3152786.76,"2014","08","03",0.550858421,1804260.39,310.1647371,1812602.724,361.4186599,5844,433.4294335,1812601.891,359.3169134,4182,0.919426582,1348526.37,277.8164658,1434088.597,362.4340537,5162,403.8546295,1434087.789,374.2377637,3551
"KCAE20140803_111053",2851229.81,"2014","08","03",0.552256153,1598251.64,289.2492748,1616324.947,358.7383942,5588,409.2996014,1616324.126,364.6517488,3949,0.919540019,1252978.17,255.8521971,1293588.709,354.4868328,5056,377.2493127,1293587.893,373.4861677,3429
"KCAE20140803_111534",2796258.97,"2014","08","03",0.554971882,1616328.51,281.2772393,1580215.53,360.3906999,5618,399.9530992,1580214.695,370.4294596,3951,0.926326514,1179930.46,243.4509163,1209951.054,348.2236184,4970,366.0968894,1209950.22,370.7462832,3305
"KCAE20140803_112008",2774000.19,"2014","08","03",0.555205239,1622529.58,284.1911776,1588060.3,360.5344022,5588,410.5634536,1588059.438,368.6513496,3868,0.922489648,1151470.61,242.3874157,1208543.655,349.6295629,4986,371.5163806,1208542.786,373.3565361,3253
"KCAE20140803_112440",2722977.16,"2014","08","03",0.551007668,1609241.46,285.5183451,1596904.104,359.662048,5593,423.2449489,1596903.192,365.3276721,3773,0.923888788,1113735.7,242.7961037,1194556.83,349.6895891,4920,382.2578978,1194555.931,373.1181726,3125
"KCAE20140803_112912",2392907.85,"2014","08","03",0.554406656,1432033.12,272.8819212,1462101.334,354.1995902,5358,419.6614222,1462100.395,362.4132406,3484,0.926234991,960874.73,225.7038482,1073673.206,332.2298686,4757,359.9303777,1073672.317,357.3677936,2983
"KCAE20140803_113346",2183023.89,"2014","08","03",0.552638937,1280195.32,266.0469092,1349922.018,353.3721699,5074,405.0168452,1349921.145,365.8094994,3333,0.921940246,902828.57,227.4844666,1038694.074,331.790696,4566,361.7879571,1038693.225,355.6602506,2871
"KCAE20140803_113818",1919075.6,"2014","08","03",0.554277387,1081344.71,255.7935532,1197369.622,347.5764788,4681,382.9129656,1197368.844,363.5589559,3127,0.922851563,837730.89,234.2779436,1011612.161,332.0510151,4318,342.919144,1011611.475,352.3311551,2950
"KCAE20140803_114251",1928769.06,"2014","08","03",0.551472579,1089714.63,274.9926169,1249841.444,357.0589389,4545,372.9754836,1249840.845,369.2900287,3351,0.918863088,839054.43,244.7856033,1025896.464,332.1463485,4191,317.0259533,1025895.985,346.3810906,3236
"KCAE20140803_114735",2002191.01,"2014","08","03",0.553874736,1093570.06,285.1589085,1257550.787,354.4488446,4410,345.0069693,1257550.403,362.4295947,3645,0.918978499,908620.95,262.6320562,1093074.618,339.7543327,4162,309.5650812,1093074.302,348.6174799,3531
"KCAE20140803_115218",2113598.07,"2014","08","03",0.555364883,1195435.46,300.8392283,1322790.087,364.6351711,4397,340.1362386,1322789.832,370.0827509,3889,0.921065747,918162.61,261.5519335,1069224.304,342.1496763,4088,291.4211213,1069224.094,348.9013683,3669
"KCAE20140803_115700",2231038.19,"2014","08","03",0.553056989,1263973.57,308.3726877,1359923.553,369.2527888,4410,333.5598199,1359923.386,372.9389376,4077,0.932595278,967064.62,265.9020888,1092591.683,343.7741439,4109,284.5290489,1092591.548,348.0809355,3840
"KCAE20140803_120143",2335546.99,"2014","08","03",0.555309938,1371849.6,320.9004298,1458492.454,374.1687341,4545,338.7903213,1458492.333,376.4926782,4305,0.920302557,963697.39,269.4287818,1101155.431,351.0872432,4087,284.6833819,1101155.321,354.8226641,3868
"KCAE20140803_120615",2421647.43,"2014","08","03",0.553535339,1420438.75,324.8364298,1481578.956,376.9523572,4561,341.3776142,1481578.845,379.0544544,4340,0.924870264,1001208.68,275.7379365,1134110.133,361.721598,4113,290.5739245,1134110.027,365.4753354,3903
"KCAE20140803_121049",2759081.66,"2014","08","03",0.552778166,1601193.98,346.2202736,1658048.89,381.2247937,4789,364.2462152,1658048.772,382.5355194,4552,0.925311856,1157887.68,295.960073,1272036.394,368.8932651,4298,318.806075,1272036.239,373.2347918,3990
"KCAE20140803_121521",2917118.87,"2014","08","03",0.551533381,1702351.99,348.1034042,1736687.884,374.5457878,4989,391.4103239,1736687.607,375.2152453,4437,0.925160803,1214766.88,303.6956574,1327453.719,364.589325,4371,355.3140794,1327453.4,370.3766091,3736
"KCAE20140803_121952",3287501.02,"2014","08","03",0.550889914,1849009.5,360.0600282,1891755.388,377.4082868,5254,422.2667411,1891755,375.2031284,4480,0.924319613,1438491.52,329.4572465,1561297.891,376.2561223,4739,394.4662708,1561297.5,379.2888209,3958
"KCAE20140803_122438",3601575.07,"2014","08","03",0.55533379,2016291.96,363.3700061,2059944.565,373.0546857,5669,425.1690716,2059944.152,369.5445298,4845,0.920615522,1585283.11,332.3953543,1695216.307,372.6338689,5100,398.3120028,1695215.884,374.3490822,4256
"KCAE20140803_122916",3804387.02,"2014","08","03",0.553450174,2130987.55,362.2460827,2148119.27,365.7524585,5930,435.3706468,2148118.771,359.0850036,4934,0.922493648,1673399.47,330.2321923,1763770.139,359.3704168,5341,404.3488419,1763769.648,357.9992813,4362
"KCAE20140803_123402",4038816.46,"2014","08","03",0.553378433,2227114.98,356.318164,2216298.98,358.6818346,6220,438.9578913,2216298.393,349.5913386,5049,0.917796161,1811701.48,333.2801659,1884032.778,356.7904512,5653,421.955696,1884032.182,351.7840483,4465
"KCAE20140803_123840",4138033.94,"2014","08","03",0.552219595,2254910.14,345.1519256,2227610.528,350.7117533,6454,435.5053483,2227609.857,340.3622741,5115,0.922261524,1883123.8,331.6221391,1928051.117,353.5575233,5814,427.6004575,1928050.463,346.612189,4509
"KCAE20140803_124312",4171601.49,"2014","08","03",0.553997267,2170612.45,331.2506477,2135904.176,346.8941561,6448,424.8863068,2135903.464,338.475443,5027,0.925709992,2000989.04,329.827894,2008651.874,355.6329731,6090,425.0214115,2008651.191,350.0248762,4726
"KCAE20140803_124744",4176731.66,"2014","08","03",0.555037585,2185748.65,325.2144866,2146740.826,344.1788662,6601,423.8381157,2146740.056,335.5311516,5065,0.930319534,1990983.01,327.2244658,2000650.384,355.2588708,6114,432.4793856,2000649.638,348.2580033,4626
"KCAE20140803_125216",3942888.15,"2014","08","03",0.554228296,2095727.84,312.3395086,2045511.442,341.555525,6549,418.3903886,2045510.61,334.5132577,4889,0.92337303,1847160.31,314.1863144,1871607.875,354.4589318,5957,435.3586983,1871607.044,348.3430732,4299
"KCAE20140803_125649",3926377.17,"2014","08","03",0.556649293,2020298.7,299.4016351,1992218.48,342.1659479,6654,413.2374116,1992217.561,338.4525098,4821,0.923464522,1906078.47,305.2751632,1928728.481,357.5207971,6318,427.1821877,1928727.578,356.0729705,4515
"KCAE20140804_100058",53.52,"2014","08","04",0.546697185,49.4,0.009512548,91.08265124,0.207441863,9575,1.961496266,86.30583572,2.379979676,44,1.499747393,4.12,0.000501187,4.798366575,0,9574,NA,0,NA,0
"KCAE20140804_100648",21.63,"2014","08","04",0.547890169,17.51,0.002791342,26.71593645,0.062891107,9571,1.289858448,21.92759362,0.77624176,17,1.498968595,4.12,0.000501187,4.796863013,0,9571,NA,0,NA,0
"KCAE20140804_101237",30.77,"2014","08","04",0.547811465,19.33,0.002652605,25.40134166,0.085372628,9576,2.575747776,20.60598221,1.548105405,8,1.503082585,11.44,0.001090025,10.4326265,0.040732063,9571,2.818382931,5.636765863,0,2
"KCAE20140804_101826",19.71,"2014","08","04",0.547287971,10.88,0.001693156,16.20180656,0.051963087,9569,1.901492174,11.40895305,0.912814199,6,1.499893003,8.83,0.001134446,10.8543774,0.044434023,9568,3.030010162,6.060020324,0.732737607,2
"KCAE20140804_102419",26.26,"2014","08","04",0.545780207,13.26,0.002141794,20.49482609,0.0594286,9569,1.962871868,15.70297495,0.655790808,8,1.499388979,13,0.001179553,11.28831759,0.048109406,9570,3.246479069,6.492958137,1.03887087,2
"KCAE20140804_103008",876.73,"2014","08","04",0.547969801,24.24,0.003286249,31.45597821,0.106423406,9572,3.332827938,26.6626235,1.675010341,8,1.497796325,852.49,0.115417553,1104.661402,6.038225218,9571,183.3112577,1099.867546,171.7167196,6
"KCAE20140804_103558",89.44,"2014","08","04",0.549200519,85.32,0.012041154,115.2940452,0.228294241,9575,2.695505516,110.5157261,2.249835307,41,1.503222825,4.12,0.000501187,4.7973642,0,9572,NA,0,NA,0
"KCAE20140804_104148",651.15,"2014","08","04",0.547159321,645.81,0.098395854,941.6483209,1.08514572,9570,4.548326231,936.9552036,5.884649763,206,1.502775117,5.34,0.000725667,6.94754055,0.015756239,9574,1.075088175,2.15017635,0.259985114,2
"KCAE20140804_104738",786.24,"2014","08","04",0.547276925,782.12,0.123913048,1185.476131,1.267304696,9567,3.796903995,1180.837142,5.964126559,311,1.49812159,4.12,0.000501187,4.796361826,0,9570,NA,0,NA,0
"KCAE20140804_105328",887.05,"2014","08","04",0.546272617,881.64,0.14004768,1340.816489,0.916812243,9574,3.129349249,1336.232129,3.084404675,427,1.499534764,5.41,0.000802735,7.681371517,0.022331768,9569,1.443256627,2.886513253,0.780653931,2
"KCAE20140804_105918",928.36,"2014","08","04",0.546271757,924.24,0.147705532,1414.132761,0.848359138,9574,2.634771084,1409.60253,2.517618702,535,1.494391749,4.12,0.000501187,4.796361826,0,9570,NA,0,NA,0
"KCAE20140804_110508",969.95,"2014","08","04",0.548297911,959.34,0.161424728,1545.8032,0.88887401,9576,2.625720661,1541.298028,2.535646669,587,1.49995025,10.61,0.001879416,17.99164978,0.042592212,9573,1.09998322,13.19979864,0.511360652,12
"KCAE20140804_111058",905.07,"2014","08","04",0.548817445,882.39,0.150477212,1439.615487,0.869977149,9567,2.571864322,1435.100291,2.600189497,558,1.49889758,22.68,0.002820593,27.00153398,0.092307512,9573,1.586477515,22.21068521,1.889178198,14
"KCAE20140804_111648",621.88,"2014","08","04",0.547134167,608.64,0.105262279,1008.202107,0.663763962,9578,2.296614998,1003.620754,2.152794436,437,1.498913224,13.24,0.002370649,22.69896011,0.049695528,9575,1.053447796,17.90861253,0.549431966,17
"KCAE20140804_112237",444.78,"2014","08","04",0.547734676,430.81,0.079135627,757.5653614,0.511313641,9573,2.176129789,752.9409068,1.63651302,346,1.497905129,13.97,0.002449647,23.45781609,0.119811927,9576,2.665993636,18.66195545,3.824276658,7
"KCAE20140804_112826",367.63,"2014","08","04",0.548141719,363.51,0.062200872,595.2623405,0.507682352,9570,2.400769393,590.5892708,2.104884524,246,1.500909234,4.12,0.000501187,4.7973642,0,9572,NA,0,NA,0
"KCAE20140804_113416",280.67,"2014","08","04",0.547892624,270.34,0.04694927,449.4923101,0.401704694,9574,2.08826618,444.8006964,1.733414367,213,1.499168806,10.33,0.001222703,11.70737879,0.040399863,9575,1.727628943,6.910515774,1.110449942,4
"KCAE20140804_114005",159.83,"2014","08","04",0.54817795,150.81,0.027623151,264.436422,0.279724564,9573,1.855062306,259.7087228,1.405271253,140,1.500330332,9.02,0.001039785,9.954904175,0.038205223,9574,2.578769988,5.157539975,0.825204464,2
"KCAE20140804_114555",132.73,"2014","08","04",0.546026935,128.61,0.023965208,229.3949723,0.282964353,9572,1.81177222,224.6597553,1.722169051,124,1.491846306,4.12,0.000501187,4.796863013,0,9571,NA,0,NA,0
"KCAE20140804_115144",174.07,"2014","08","04",0.547793969,169.95,0.028536632,273.2667875,0.319761556,9576,1.852000625,268.5400907,1.843680433,145,1.498654937,4.12,0.000501187,4.796863013,0,9571,NA,0,NA,0
"KCAE20140804_115734",115.62,"2014","08","04",0.549267068,108.5,0.02065943,197.8140395,0.220683103,9575,1.804381297,193.0687988,1.072724877,107,1.501494405,7.12,0.000875184,8.375514959,0.026038934,9570,1.790077754,3.580155507,0.290174789,2
"KCAE20140804_120323",89.18,"2014","08","04",0.546614864,85.06,0.018074591,173.0461319,0.221121466,9574,1.829281245,168.2938746,1.339745414,92,1.500091792,4.12,0.000501187,4.799870136,0,9577,NA,0,NA,0
"KCAE20140804_120913",108.17,"2014","08","04",0.546482613,95.26,0.016752697,160.3903214,0.219428411,9574,1.729300686,155.6370617,1.478193693,90,1.503096733,12.91,0.001387904,13.27668999,0.054211786,9566,2.82794549,8.48383647,1.437871006,3
"KCAE20140804_121504",117.01,"2014","08","04",0.545619956,109.03,0.021196377,202.870523,0.274242934,9571,1.869120621,198.1267858,1.835436374,106,1.498554785,7.98,0.001264207,12.09972492,0.035610456,9571,1.461073568,7.305367842,0.607242641,5
"KCAE20140804_122053",95.32,"2014","08","04",0.547599004,91.2,0.016138066,154.5703922,0.192903494,9578,1.628436197,149.8161301,1.12368645,92,1.500275586,4.12,0.000501187,4.795860639,0,9569,NA,0,NA,0
"KCAE20140804_122643",113.13,"2014","08","04",0.548716542,106.87,0.020982959,200.8908469,0.494989607,9574,2.109022481,196.1390907,4.587408308,93,1.500861089,6.26,0.000978431,9.369456626,0.025433931,9576,1.143023106,4.572092426,0.569993635,4
"KCAE20140804_123232",70.51,"2014","08","04",0.547111966,66.39,0.012483717,119.4691683,0.157942142,9570,1.52947194,114.7103955,0.935402072,75,1.503181266,4.12,0.000501187,4.795359451,0,9568,NA,0,NA,0
"KCAE20140804_123822",84.25,"2014","08","04",0.547109039,80.13,0.015355832,146.970667,0.212841583,9571,1.800169592,142.2133978,1.518188749,79,1.49894822,4.12,0.000501187,4.796863013,0,9571,NA,0,NA,0
"KCAE20140804_124411",55.06,"2014","08","04",0.547784184,41.77,0.009196287,88.04525474,0.115040276,9574,1.189742447,83.28197127,0.641723504,70,1.500548072,13.29,0.001247904,11.93620288,0.051975245,9565,3.571674683,7.143349366,0.578974822,2
"KCAE20140804_125000",39.61,"2014","08","04",0.54777902,30.88,0.006275082,60.07763773,0.105981484,9574,1.31667431,55.30032102,0.925080604,42,1.501687914,8.73,0.000968896,9.273302916,0.032353138,9571,2.238721139,4.477442277,0,2
"KCAE20140804_125549",35.38,"2014","08","04",0.547154667,23.9,0.004112588,39.36158082,0.084239138,9571,1.280675921,34.57824986,0.95649385,27,1.50147154,11.48,0.001247436,11.93921,0.051958952,9571,3.571674683,7.143349366,0.578974822,2
"KCAE20140805_100355",275.65,"2014","08","05",0.546898978,270.07,0.044126121,422.3311033,0.492741925,9571,2.643122961,417.6134278,2.808510944,158,1.483388873,5.58,0.000818582,7.830559524,0.02226853,9566,1.518602411,3.037204822,0.367238734,2
"KCAE20140805_100856",194.97,"2014","08","05",0.54992918,187.82,0.028731027,275.0708542,0.482263478,9574,3.180177512,270.3150886,4.045456758,85,1.485298468,7.15,0.000912828,8.735760837,0.031001395,9570,1.970200693,3.940401386,1.199510825,2
"KCAE20140805_101356",130.34,"2014","08","05",0.553541497,124.47,0.018342855,175.4860977,0.392579902,9567,2.667551803,170.7233154,4.027889678,64,1.491400354,5.87,0.000813904,7.793127702,0.022800424,9575,1.497631157,2.995262315,0.703756732,2
"KCAE20140805_101857",29.7,"2014","08","05",0.544692229,25.58,0.003689737,35.34767784,0.104059243,9580,2.35021689,30.55281957,1.634186953,13,1.486166066,4.12,0.000501187,4.796361826,0,9570,NA,0,NA,0
"KCAE20140805_102357",81.87,"2014","08","05",0.552468231,77.75,0.010308057,98.64810128,0.248162438,9570,3.236768065,93.86627389,3.198739206,29,1.480278457,4.12,0.000501187,4.792352328,0,9562,NA,0,NA,0
"KCAE20140805_102856",230.47,"2014","08","05",0.545785455,223.85,0.029671819,283.9593068,0.432559842,9570,3.20927067,279.2065483,3.240030214,87,1.482514996,6.62,0.000866486,8.294008376,0.02624396,9572,1.748823275,3.49764655,0.692820203,2
"KCAE20140805_103356",1012.71,"2014","08","05",0.550811908,1006.49,0.127246247,1218.255573,1.138205243,9574,4.973686458,1213.579496,5.180281017,244,1.482204319,6.22,0.000852367,8.154595483,0.025594029,9567,1.680369796,3.360739593,0.789628041,2
"KCAE20140805_103857",2413.47,"2014","08","05",0.552429505,2405.26,0.314470486,3011.683848,2.07497975,9577,5.497546851,3007.158127,6.853376885,547,1.484461728,8.21,0.001111058,10.63393918,0.030782955,9571,1.45977023,5.839080919,0.429780888,4
"KCAE20140805_104358",3798.2,"2014","08","05",0.546207057,3794.08,0.505821178,4840.708672,2.513266715,9570,5.256927612,4836.373403,6.385063677,920,1.48839845,4.12,0.000501187,4.798366575,0,9574,NA,0,NA,0
"KCAE20140805_104858",7473.09,"2014","08","05",0.552419616,7468.97,1.01042354,9672.784551,4.504271195,9573,6.201903808,9668.768036,9.614186652,1559,1.480818454,4.12,0.000501187,4.795860639,0,9569,NA,0,NA,0
"KCAE20140805_105357",8304.47,"2014","08","05",0.545905689,8295.36,1.139309743,10912.30872,4.413149306,9578,5.918845379,10908.43203,8.54151715,1843,1.483123601,9.11,0.001275649,12.21306303,0.04145998,9574,1.8541753,7.416701201,0.951600082,4
"KCAE20140805_105858",7164.49,"2014","08","05",0.55017534,7142.44,1.020451254,9772.861659,3.501447346,9577,4.994397807,9769.042111,6.340116383,1956,1.485428339,22.05,0.003957545,37.88557806,0.076913402,9573,1.43909739,33.09923998,0.644533392,23
"KCAE20140805_110358",5925.84,"2014","08","05",0.548265086,5916.72,0.894592811,8558.569426,3.169610604,9567,4.661958717,8554.694246,5.901729038,1835,1.480697463,9.12,0.001526935,14.6188742,0.039483576,9574,1.403430848,9.824015939,0.439022938,7
"KCAE20140805_110858",4425.18,"2014","08","05",0.549364652,4329.78,0.686910141,6569.608586,3.154338548,9564,3.964761593,6565.645197,6.67012741,1656,1.48623117,95.4,0.019257221,184.1568036,0.213900224,9563,1.57386917,179.4210854,1.184904196,114
"KCAE20140805_111400",3787.42,"2014","08","05",0.546628659,3729.49,0.621054659,5943.493088,2.006653744,9570,2.943363787,5939.708122,3.50222061,2018,1.549791486,57.93,0.011729074,112.2472342,0.134390075,9570,1.053941112,107.5019934,0.776104591,102
"KCAE20140805_112340",2029.18,"2014","08","05",0.544702608,1986.58,0.337108185,3226.125329,1.322146995,9570,2.374361885,3222.009078,2.737891429,1357,1.550180193,42.6,0.008392415,80.34897655,0.128369385,9574,1.162818264,75.58318715,1.049799145,65
"KCAE20140805_113320",1001.64,"2014","08","05",0.54476669,986.15,0.184550772,1767.073643,0.803531275,9575,1.843884843,1762.75391,1.846851089,956,1.549000818,15.49,0.002844752,27.22996341,0.054995646,9572,1.020164788,22.44362533,0.540130426,22
"KCAE20140805_114300",492.45,"2014","08","05",0.540433562,483.42,0.099188839,949.3363741,0.498156251,9571,1.440348003,944.8682899,1.300680994,656,1.549646037,9.03,0.001435314,13.73452169,0.041446737,9569,1.49027803,8.941668179,0.790943315,6
"KCAE20140805_115241",403.34,"2014","08","05",0.544186642,398.61,0.084765137,811.7109482,0.411522063,9576,1.306183354,807.2213129,1.01524335,618,1.550629981,4.73,0.000584085,5.593195997,0.00811211,9576,0.794328235,0.794328235,NA,1
"KCAE20140805_120223",373.64,"2014","08","05",0.544174096,364.76,0.077917846,745.9854573,0.376485518,9574,1.178859042,741.5023374,0.928053999,629,1.54961923,8.88,0.001364476,13.06622493,0.035037556,9576,1.181480613,8.27036429,0.577164113,7
"KCAE20140805_121204",325.4,"2014","08","05",0.544386276,319.61,0.069482512,665.0171187,0.336399858,9571,1.110115062,660.5184621,0.816435823,595,1.548879382,5.79,0.000912011,8.727035116,0.019658095,9569,0.786736083,3.933680413,0.389952904,5
"KCAE20140805_122146",316.77,"2014","08","05",0.543771891,302.4,0.064048029,613.1958304,0.335842004,9574,1.154955578,608.6615895,0.889345324,527,1.54758727,14.37,0.002948339,28.23623788,0.086134895,9577,1.674527455,23.44338437,1.56575639,14
"KCAE20140805_123128",293.65,"2014","08","05",0.544139736,277.03,0.060902366,582.9574509,0.333194903,9572,1.140856388,578.4141886,0.930568955,507,1.547777899,16.62,0.002965917,28.38382204,0.064181923,9570,1.123713578,23.59798514,0.805672851,21
"KCAE20140805_124110",304.44,"2014","08","05",0.543327359,293.79,0.062488991,598.0821325,0.325059913,9571,1.163805637,593.540875,0.838429896,510,1.551281467,10.65,0.001881918,18.01560156,0.047920104,9573,1.017250124,13.22425161,0.844574003,13
"KCAE20140805_125051",277.51,"2014","08","05",0.544150893,268.6,0.059560051,570.1683636,0.297703264,9573,1.077397374,565.6336215,0.721645545,525,1.548284373,8.91,0.001441557,13.80434886,0.036541296,9576,0.900999178,9.009991779,0.721470435,10
"KCAE20140806_100052",26722.32,"2014","08","06",0.555828306,24665.31,3.586951459,34205.16911,15.33978423,9536,11.50029601,34201.88032,25.7614066,2974,0.926281632,2057.01,0.310598893,2971.810211,2.925081708,9568,3.775329243,2967.408785,9.548823984,786
"KCAE20140806_100513",24655.89,"2014","08","06",0.555611614,22855.66,3.186035898,30483.99147,14.26067812,9568,10.20103536,30480.69366,24.07860117,2988,0.929260924,1800.23,0.227040795,2171.191121,1.337378913,9563,3.511681524,2166.7075,4.026411285,617
"KCAE20140806_100934",37526.15,"2014","08","06",0.554918917,34141.59,4.412531316,42227.92469,25.69417052,9570,15.18867685,42224.52163,45.92952401,2780,0.917055232,3384.56,0.444104297,4248.745806,6.159235755,9567,5.1136951,4244.366933,20.3432556,830
"KCAE20140806_101354",30070.51,"2014","08","06",0.555438237,28796.27,3.815254747,36553.95573,19.36159254,9581,13.44263206,36550.51658,34.52289251,2719,0.915598026,1274.24,0.180412632,1726.909713,2.351748286,9572,3.364001868,1722.368956,9.636446509,512
"KCAE20140806_101815",26380.47,"2014","08","06",0.554376549,24861.89,3.29032049,31471.91549,16.69365535,9565,13.41359651,31468.29742,31.63442073,2346,0.91285896,1518.58,0.191704716,1835.956061,0.974179041,9577,2.963537095,1831.465925,2.550051166,618
"KCAE20140806_102235",29237.31,"2014","08","06",0.552238882,27286.15,3.625491729,34703.20683,18.41825931,9572,14.62267121,34699.59878,34.75527232,2373,0.925809641,1951.16,0.244578866,2340.864331,3.501466397,9571,3.87457659,2336.369684,13.44675948,603
"KCAE20140806_102655",41440.05,"2014","08","06",0.553726678,38953.06,5.68881857,54396.48317,33.29819436,9562,19.62232327,54393.0801,59.60013721,2772,0.932954293,2486.99,0.335159938,3209.826724,2.417521408,9577,3.890096884,3205.439833,7.359242087,824
"KCAE20140806_103117",37349.92,"2014","08","06",0.549014417,34322.33,4.938709704,47298.02284,24.68297448,9577,14.59717494,47294.84681,40.74556277,3240,0.928486761,3027.59,0.385131312,3686.476921,2.108430145,9572,3.700681647,3682.178238,5.524854481,995
"KCAE20140806_103538",67139.64,"2014","08","06",0.554420196,61734.92,8.848340734,84634.37912,38.06397749,9565,19.11719088,84631.80402,54.17063456,4427,0.928528999,5404.72,0.687953567,6583.027686,3.513959263,9569,4.201160079,6579.016684,7.792603734,1566
"KCAE20140806_103958",72046.62,"2014","08","06",0.554220443,66039.95,9.525431002,91082.17124,39.45065976,9562,19.36630576,91079.73598,54.5349326,4703,0.926939993,6006.67,0.79615596,7615.231761,2.945919385,9565,3.801918722,7611.441282,5.481577847,2002
"KCAE20140806_104421",57733.97,"2014","08","06",0.554919847,50132.53,7.164688027,68523.07629,27.48573311,9564,14.6693693,68520.62398,37.90642411,4671,0.926996665,7601.44,0.969186514,9284.806805,3.257625978,9580,3.971406378,9281.176706,5.620448995,2337
"KCAE20140806_104841",47764.86,"2014","08","06",0.553746683,40812.48,5.709771697,54665.35423,18.91239178,9574,11.80113933,54662.87736,25.83563206,4632,0.913724203,6952.38,0.843306954,8076.3507,2.346856643,9577,3.621654543,8072.667977,3.688773493,2229
"KCAE20140806_105301",38260.83,"2014","08","06",0.555123613,32511.93,4.613063689,44137.79338,16.66811483,9568,10.11115365,44135.1857,23.52580465,4365,0.915951696,5748.9,0.728743037,6979.172065,1.898144492,9577,3.114060203,6975.494854,2.82477582,2240
"KCAE20140806_105722",33453.2,"2014","08","06",0.554032095,28343.16,4.044567919,38678.20301,9.482580211,9563,9.093708373,38675.54171,12.50156274,4253,0.916666803,5110.04,0.702591129,6724.4997,1.867737802,9571,3.015172716,6720.819983,2.83005738,2229
"KCAE20140806_110143",34466.78,"2014","08","06",0.548292826,30295,4.621003863,44204.52295,19.3224263,9566,10.87909548,44201.76492,28.47920152,4063,0.916799611,4171.78,0.608009465,5818.650576,1.801047699,9570,3.078242963,5814.800957,2.97215936,1889
"KCAE20140806_110604",33214.89,"2014","08","06",0.553706458,29360.97,4.664646032,44622.00395,17.56711666,9566,11.86678033,44619.09405,26.45326044,3760,0.922912356,3853.92,0.594415618,5693.312785,2.210890324,9578,3.292464389,5689.378465,4.268414386,1728
"KCAE20140806_111025",20827.04,"2014","08","06",0.550674051,18064.6,2.904822252,27790.43448,8.631832156,9567,8.141620327,27787.35018,12.89374899,3413,0.926654103,2762.44,0.445380772,4265.41165,1.523755318,9577,2.979949984,4261.328477,2.82880208,1430
"KCAE20140806_111445",30067.07,"2014","08","06",0.553975889,26757.35,4.541042943,43430.5347,21.67450623,9564,12.07326776,43427.54412,34.03465344,3597,0.929467637,3309.72,0.533193276,5103.192849,2.4316354,9571,3.296167629,5099.171322,5.243072435,1547
"KCAE20140806_111905",26034.55,"2014","08","06",0.556326143,24163,4.202342954,40237.43378,14.3344249,9575,11.48241754,40234.39107,21.86251989,3504,0.921745237,1871.55,0.31631197,3026.47293,1.259638527,9568,2.59421584,3022.261454,2.669794889,1165
"KCAE20140806_112326",29061.47,"2014","08","06",0.553527104,27500,4.534431816,43331.03044,17.97442426,9556,11.88372694,43328.06842,27.56019164,3646,0.916034641,1561.47,0.263378581,2519.216123,2.537237054,9565,2.962129299,2514.847775,8.037584065,849
"KCAE20140806_112746",37646.56,"2014","08","06",0.554526361,36286.97,6.117084929,58552.73694,25.75312981,9572,15.29515625,58549.85812,38.96477482,3828,0.913108282,1359.59,0.239837016,2296.199592,1.22039304,9574,2.879145942,2291.80017,3.213556124,796
"KCAE20140806_113206",34856.09,"2014","08","06",0.553045816,33299.02,5.567552235,53320.44775,21.85019816,9577,14.0977111,53317.54337,32.99832027,3782,0.921667083,1557.07,0.257539741,2466.973183,1.178519881,9579,2.860167053,2462.603832,2.831478897,861
"KCAE20140806_113627",13918.91,"2014","08","06",0.552786816,12576.72,2.181957808,20872.6084,8.747001204,9566,8.350966989,20869.0665,15.53792206,2499,0.919302041,1342.19,0.226894502,2171.607279,1.325295449,9571,2.920730859,2167.182297,3.847952315,742
"KCAE20140806_114048",26138.21,"2014","08","06",0.553184775,24865.16,4.357740032,41664.35245,25.81457116,9561,13.78592825,41661.07519,44.48362803,3022,0.928619413,1273.05,0.214587175,2053.384677,1.8708926,9569,2.948110995,2048.937142,6.339394873,695
"KCAE20140806_114508",29235.39,"2014","08","06",0.555227703,27612.39,4.58540203,43854.78501,23.39714045,9564,14.27458701,43851.53131,39.57674922,3072,0.927262801,1623,0.257665004,2465.338756,1.528783252,9568,3.268155101,2460.920791,4.459084471,753
"KCAE20140806_114929",28020.86,"2014","08","06",0.553443023,26803.21,4.535997691,43414.0339,24.26732762,9571,13.5489522,43410.84284,40.46466777,3204,0.91528381,1217.65,0.207382376,1982.575518,1.326330791,9560,2.913290831,1978.124474,4.1120092,679
"KCAE20140806_115349",30843.51,"2014","08","06",0.553612659,29669.16,4.851315847,46422.24134,20.21563508,9569,14.07919257,46419.0979,32.50204573,3297,0.914420982,1174.35,0.191359321,1831.500062,1.026425528,9571,2.53056102,1827.065056,2.838569359,722
"KCAE20140806_115809",32860.3,"2014","08","06",0.554339907,31009.37,5.093137737,48787.16638,21.00219171,9579,13.81204295,48784.1357,32.80284858,3532,0.917405496,1850.93,0.313400936,2997.366554,4.016075044,9564,3.645535535,2992.984674,13.2641374,821
"KCAE20140806_120230",28569.14,"2014","08","06",0.55218555,27298.45,4.078260938,39024.87892,14.43784779,9569,11.4098822,39021.79712,22.35337321,3420,0.921595187,1270.69,0.202743455,1940.863091,1.014164324,9573,2.438870489,1936.463168,2.637348022,794
"KCAE20140806_120650",13756.74,"2014","08","06",0.55495319,12157.57,1.817145886,17375.54896,6.905303274,9562,6.834001033,17372.03063,12.04662059,2542,0.924108142,1599.17,0.244297224,2339.878815,1.437772415,9578,2.783669774,2335.49894,4.068013638,839
"KCAE20140806_121112",31863.06,"2014","08","06",0.54563555,31843.25,4.387976497,42001.71103,18.59840564,9572,10.72494288,41998.87632,27.88629758,3916,1.546640423,19.81,0.002830831,27.09954822,0.089262929,9573,2.027926899,22.30719589,1.763672465,11
"KCAE20140806_122051",25800.62,"2014","08","06",0.544224754,25749.73,3.534709684,33827.17167,12.62684998,9570,8.950587271,33824.2693,18.85048908,3779,1.546889232,50.89,0.006696215,64.09617128,0.146295383,9572,2.37245347,59.31133676,1.640061034,25
"KCAE20140806_123031",39059.29,"2014","08","06",0.544999242,39012.83,5.09203818,48735.89742,23.46097725,9571,12.16502953,48733.10831,35.05950133,4006,1.549512476,46.46,0.006646203,63.6108098,0.15116316,9571,1.782741999,58.83048597,1.889263886,33
"KCAE20140806_124011",73252.17,"2014","08","06",0.544975349,73183.98,9.210142402,88177.90336,28.76074545,9574,17.24538775,88175.66756,37.5556608,5113,1.548566339,68.19,0.009653185,92.39063823,0.175197169,9571,2.136934729,87.61432389,1.638638291,41
"KCAE20140806_124953",101473.41,"2014","08","06",0.543944993,101432.59,12.35575254,118182.773,42.0434729,9565,21.89342063,118180.6846,54.0703719,5398,1.551995334,40.82,0.005513544,52.7701285,0.12054548,9571,1.845626783,47.98629635,1.425306491,26
"KCAE20140806_125934",76693.75,"2014","08","06",0.543797697,76678.96,9.187814602,87918.19793,32.67768215,9569,16.88743973,87916.01125,42.81207043,5206,1.549372117,14.79,0.002082784,19.93641064,0.053790406,9572,1.376778136,15.1445595,0.829531762,11
"KCAE20140807_100517",111.82,"2014","08","07",0.544739248,107.7,0.021508053,205.9180951,0.37578775,9574,3.244367776,201.1508021,3.396440371,62,1.547806158,4.12,0.000501187,4.796863013,0,9571,NA,0,NA,0
"KCAE20140807_101458",155.85,"2014","08","07",0.541698549,151.73,0.024465285,234.2551,0.364404399,9575,2.341891312,229.5053486,2.761273119,98,1.550557176,4.12,0.000501187,4.7973642,0,9572,NA,0,NA,0
"KCAE20140807_102441",530.9,"2014","08","07",0.540210194,526.78,0.064402439,616.5245494,0.647637409,9573,3.170069498,611.8234132,3.318983342,193,1.5490384,4.12,0.000501187,4.796361826,0,9570,NA,0,NA,0
"KCAE20140807_103423",5005.64,"2014","08","07",0.540901951,5000.52,0.599078383,5735.576436,2.379189144,9574,4.150231868,5731.470209,4.951759043,1381,1.548362165,5.12,0.000725384,6.944097531,0.017180859,9573,1.073617259,2.147234518,0.723053359,2
"KCAE20140807_104404",12508.18,"2014","08","07",0.539079276,12502.17,1.395035659,13353.28133,3.836437624,9572,4.45444979,13349.98602,5.778218191,2997,1.548651414,6.01,0.00085986,8.232294887,0.018940415,9574,0.858983265,3.435933061,0.403103528,4
"KCAE20140807_105347",12310.92,"2014","08","07",0.539941004,12305.4,1.464965362,14019.71851,3.948498423,9570,4.143250863,14016.61767,5.745717285,3383,1.549629847,5.52,0.000841087,8.050048365,0.024107036,9571,1.627093863,3.254187727,0.520668817,2
"KCAE20140807_110329",7286.86,"2014","08","07",0.539989561,7277.6,1.001468579,9587.058703,2.537733956,9573,2.936242865,9583.896713,3.634591546,3264,1.548536319,9.26,0.001431088,13.69980428,0.039617579,9573,1.272206743,8.905447202,0.786488998,7
"KCAE20140807_111311",4532.28,"2014","08","07",0.540206479,4528.16,0.70590091,6755.471708,1.835283839,9570,2.509113356,6752.024041,2.730663203,2691,1.548037742,4.12,0.000501187,4.796863013,0,9571,NA,0,NA,0
"KCAE20140807_112253",2693.2,"2014","08","07",0.539561463,2687.3,0.43054689,4120.764284,1.314826087,9571,2.133126794,4116.934712,2.223460248,1930,1.547509718,5.9,0.000792545,7.585451188,0.021944217,9571,1.394795275,2.78959055,0.849188632,2
"KCAE20140807_113235",1608.51,"2014","08","07",0.54034531,1601.31,0.259296628,2481.209431,1.126465406,9569,1.918714642,2477.060603,2.495214416,1291,1.548833008,7.2,0.000908415,8.697160877,0.023785021,9574,1.300099288,3.900297864,0.418586069,3
"KCAE20140807_114216",1051.65,"2014","08","07",0.540420293,1047.53,0.15741805,1506.49074,0.76431563,9570,1.827379993,1502.106354,1.937585948,822,1.548901572,4.12,0.000501187,4.798366575,0,9574,NA,0,NA,0
"KCAE20140807_115157",1148.78,"2014","08","07",0.538976485,1140.08,0.144593428,1384.192891,0.728632652,9573,2.002525897,1379.740343,1.913464015,689,1.550255603,8.7,0.001244398,11.91137382,0.032684518,9572,1.186169457,7.117016745,0.599152374,6
"KCAE20140807_120139",885.34,"2014","08","07",0.540901609,877.19,0.118223814,1131.52012,0.756773736,9571,1.9364518,1127.014948,2.430500869,582,1.549402464,8.15,0.001455012,13.93028814,0.040690122,9574,1.30506141,9.135429873,0.810910112,7
"KCAE20140807_121121",621.4,"2014","08","07",0.53916885,597.18,0.078818586,754.924419,0.557022223,9578,1.799359815,750.3330428,2.010114099,417,1.550037397,24.22,0.00443884,42.51964411,0.080469027,9579,1.1792128,37.7348096,0.755817232,32
"KCAE20140807_122101",387.21,"2014","08","07",0.537834431,334.37,0.047994411,459.3065163,0.370299192,9570,1.525703048,454.6595082,1.46850433,298,1.549514439,52.84,0.00901414,86.28334816,0.154251909,9572,1.852455368,81.5080362,1.342632053,44
"KCAE20140807_123043",495.42,"2014","08","07",0.539223327,456.42,0.068943689,660.1358249,0.557438693,9575,1.825952321,655.5168833,2.256939598,359,1.549957186,39,0.006028095,57.70092857,0.150317621,9572,2.30065616,52.91509168,2.076562347,23
"KCAE20140807_124026",638.21,"2014","08","07",0.540271627,619.94,0.099277427,950.0849801,2.521996838,9570,2.399710878,945.4860861,12.22027944,394,1.548908102,18.27,0.002816447,26.95340033,0.071540266,9570,1.583146794,22.16405512,1.036220744,14
"KCAE20140807_125006",933.54,"2014","08","07",0.53713157,837.42,0.163158671,1561.428481,0.920703604,9570,2.327305551,1556.967414,2.664586486,669,1.548913335,96.12,0.013177446,126.1608642,0.729118125,9574,9.336077924,121.369013,18.16058704,13
"KCAE20140807_125948",995.7,"2014","08","07",0.540095041,989.01,0.145977943,1397.300874,2.695534846,9572,2.877574554,1392.746084,11.66636337,484,1.550058807,6.69,0.000937287,8.966089303,0.022181823,9566,1.043434244,4.173736976,0.34509902,4
"KCAE20140808_100408",2226.08,"2014","08","08",0.539647278,2221.96,0.318593369,3049.894326,12.52940403,9573,5.692270272,3045.364595,52.75741773,535,1.548908475,4.12,0.000501187,4.798867762,0,9575,NA,0,NA,0
"KCAE20140808_101602",2037.65,"2014","08","08",0.544571006,2033.53,0.277050611,2651.928445,7.952381141,9572,4.902595782,2647.401722,33.16985904,540,1.549165234,4.12,0.000501187,4.7973642,0,9572,NA,0,NA,0
"KCAE20140808_102543",7316.84,"2014","08","08",0.542396867,7312.72,0.894161108,8558.910127,3.721436118,9572,5.803834134,8554.851513,7.840557813,1474,1.548462807,4.12,0.000501187,4.7973642,0,9572,NA,0,NA,0
"KCAE20140808_103525",30333.54,"2014","08","08",0.544437738,30329.42,3.49145598,33427.19955,8.84199026,9574,9.373019747,33424.18842,12.44171529,3566,1.548848143,4.12,0.000501187,4.796863013,0,9571,NA,0,NA,0
"KCAE20140808_104507",40261.14,"2014","08","08",0.54438593,40236.2,4.640140098,44415.42102,8.480286208,9572,7.911192968,44413.43732,9.835919148,5614,1.550112855,24.94,0.003479012,33.2871896,0.164598731,9568,2.849684202,28.49684202,4.44850375,10
"KCAE20140808_105449",30844.97,"2014","08","08",0.543612232,30613.75,3.820280485,36548.6234,5.948210064,9567,6.009022815,36546.87676,6.519568953,6082,1.549254759,231.22,0.03920715,375.2908425,0.312073447,9572,1.393333812,370.6267941,1.274455897,266
"KCAE20140808_110429",24320.19,"2014","08","08",0.543546691,23725.05,3.010206177,28819.71394,5.310470297,9574,5.045129264,28817.77836,6.083135926,5712,1.550601078,595.14,0.105842447,1013.123902,0.468334595,9572,1.430751596,1008.679875,1.041289745,705
"KCAE20140808_111412",18302.75,"2014","08","08",0.54190761,11946.74,1.516687492,14513.18261,4.172133806,9569,4.641699763,14509.95346,6.227896562,3126,0.931033945,6356.01,0.862848375,8262.636034,2.771810907,9576,3.790238069,8258.928752,4.762022793,2179
"KCAE20140808_111832",12912.46,"2014","08","08",0.5524113,7404.72,1.010317017,9663.682266,2.862775115,9565,4.088054471,9660.072716,4.538575888,2363,0.923269321,5507.74,0.737013816,7050.274163,2.647881195,9566,3.654795692,7046.446095,4.912607844,1928
"KCAE20140808_112255",8223.93,"2014","08","08",0.553173217,4640.45,0.627905225,6008.425096,2.161360508,9569,3.601958437,6004.464715,4.013901461,1667,0.938099501,3583.48,0.474159644,4534.388678,1.998709124,9563,3.484805668,4530.247368,4.348345482,1300
"KCAE20140808_112715",6213.85,"2014","08","08",0.555393144,2948.76,0.3928961,3761.194368,1.616212116,9573,3.298478801,3756.967355,3.518579701,1139,0.940463654,3265.09,0.409028059,3916.034639,1.839266607,9574,3.380999262,3911.816146,4.237788884,1157
"KCAE20140808_113136",5371.81,"2014","08","08",0.548863809,2375.37,0.313859353,3003.634006,1.306377611,9570,3.108104963,2999.321289,2.871952908,965,0.922224666,2996.44,0.369814919,3540.238224,1.786669124,9573,3.641531422,3535.927011,4.424469351,971
"KCAE20140808_113558",4191.28,"2014","08","08",0.552729392,1887.38,0.251294993,2403.887906,1.277746561,9566,3.025839836,2399.49099,3.363457314,793,0.923004326,2303.9,0.295861481,2835.240571,1.670822274,9583,3.382147177,2830.857187,4.64196879,837
"KCAE20140808_114018",3247.07,"2014","08","08",0.549416005,1530.82,0.208086271,1991.177528,1.061050263,9569,2.854497836,1986.730494,2.816992537,696,0.924709536,1716.25,0.212008732,2026.167448,1.068468111,9557,2.934285805,2021.72292,2.803291784,689
"KCAE20140808_114439",2638.66,"2014","08","08",0.552658473,1229.64,0.172322946,1648.441302,0.995191462,9566,2.721770963,1643.949662,2.959886987,604,0.921831576,1409.02,0.177565386,1697.880222,0.986255962,9562,2.870141645,1693.38357,2.837184683,590
"KCAE20140808_114901",2372.28,"2014","08","08",0.554539452,1188.81,0.165693469,1583.698179,0.852661582,9558,2.563663252,1579.216563,2.267504411,616,0.928667567,1183.47,0.151441786,1449.449336,0.860282284,9571,2.675783545,1444.923114,2.524765168,540
"KCAE20140808_115322",2271,"2014","08","08",0.554199983,953.03,0.146240275,1400.83559,0.958592372,9579,2.580972014,1396.30586,3.162935756,541,0.938859277,1317.97,0.164748038,1576.803469,0.960062147,9571,2.874370668,1572.280755,2.890336708,547
"KCAE20140808_115743",2127.57,"2014","08","08",0.554378559,1136.47,0.165933486,1587.153792,0.858197863,9565,2.524201245,1582.674181,2.300261045,627,0.926977033,991.1,0.133191847,1274.512788,0.822307191,9569,2.613087457,1269.960504,2.616762786,486
"KCAE20140808_120205",1820.39,"2014","08","08",0.550803612,1007,0.148451162,1420.97452,0.948759963,9572,2.556777642,1416.454814,3.067850949,554,0.92812068,813.39,0.113389315,1084.228625,0.663882166,9562,2.347101781,1079.666819,1.981812943,460
"KCAE20140808_120625",1593.67,"2014","08","08",0.553603117,890.69,0.132072645,1264.331431,0.901662122,9573,2.581512592,1259.778145,3.105546578,488,0.924298146,702.98,0.095569288,913.2601154,0.709351626,9556,2.423089908,908.6587154,2.683579432,375
"KCAE20140808_121048",1619.6,"2014","08","08",0.54822489,864.03,0.125708318,1203.280016,0.680988773,9572,2.327651967,1198.740763,1.871098492,515,0.929888279,755.57,0.10395811,994.4632808,0.824851166,9566,2.426160314,989.8734081,3.216059993,408
"KCAE20140808_121507",1702.29,"2014","08","08",0.554460793,1052.92,0.166422356,1592.329102,0.862061631,9568,2.496623423,1587.852497,2.317494464,636,0.931670502,649.37,0.102616059,982.9592318,0.590164612,9579,2.169366729,978.3843947,1.70903031,451
"KCAE20140808_121929",1833.63,"2014","08","08",0.55478114,1199.1,0.188797643,1805.660653,0.989581333,9564,2.606676727,1801.213619,2.694732178,691,0.929313078,634.53,0.096846596,926.5313878,0.622065178,9567,2.184710973,921.9480306,2.054626406,422
"KCAE20140808_122350",1899.27,"2014","08","08",0.554376655,1425.47,0.223358396,2135.529628,1.129509062,9561,2.73572298,2131.128202,2.965822707,779,0.925673114,473.8,0.073059358,698.593581,0.593495205,9562,2.253102579,693.9555943,2.45826206,308
"KCAE20140808_122811",1476.73,"2014","08","08",0.553181201,1028.78,0.178796284,1710.54405,0.88377638,9567,2.516355452,1706.088997,2.268640784,678,0.924746727,447.95,0.074930701,716.9369477,0.512982796,9568,2.171664566,712.3059776,1.769947538,328
"KCAE20140808_123231",1463.93,"2014","08","08",0.552736933,1142.74,0.178357455,1706.702489,0.905805942,9569,2.533100336,1702.243426,2.39312299,672,0.920620306,321.19,0.053508776,511.9184602,0.4401953,9567,1.981452757,507.2519059,1.853365901,256
"KCAE20140808_123652",1153.69,"2014","08","08",0.551888438,874.96,0.141574244,1354.440793,0.748509997,9567,2.368301073,1349.931612,2.03407846,570,0.922908974,278.73,0.044492795,425.7070591,0.346049615,9568,1.814775755,421.0279751,1.31675624,232
"KCAE20140808_124113",1137.11,"2014","08","08",0.554995336,901.31,0.144694515,1384.147727,0.826074035,9566,2.522170968,1379.62752,2.438909147,547,0.938201528,235.8,0.038739354,370.5806641,0.348875599,9566,1.935878473,365.8810314,1.581557022,189
"KCAE20140808_124533",1090.45,"2014","08","08",0.55302003,812.01,0.135830441,1300.033155,0.680541422,9571,2.210802027,1295.529988,1.726930493,586,0.937250667,278.44,0.043425057,415.5343746,0.365108696,9569,1.975205581,410.8427609,1.52594226,208
"KCAE20140808_124953",1052.18,"2014","08","08",0.554374812,840.02,0.139087524,1331.206697,0.777861802,9571,2.339848337,1326.694007,2.252364047,567,0.92548936,212.16,0.034354532,328.7385167,0.2995771,9569,1.830685685,324.0313662,1.254051707,177
"KCAE20140808_125414",972.59,"2014","08","08",0.554447399,771.1,0.129349605,1236.970271,0.685610632,9563,2.181346173,1232.460588,1.867180349,565,0.920332452,201.49,0.033230957,318.1864106,0.318975458,9575,1.95917333,313.4677328,1.526585298,160
"KCAE20140808_125834",804.03,"2014","08","08",0.551557757,683.98,0.115808371,1106.780602,0.583784316,9557,1.961338831,1102.272423,1.476474301,562,0.924874468,120.05,0.021396561,204.7222975,0.233397293,9568,1.652789932,199.9875817,1.274742169,121
"KCAE20140809_100252",70.54,"2014","08","09",0.555198323,37.22,0.006973661,65.82439087,0.128376806,9439,1.56700592,61.11323088,1.259028707,39,0.923907301,33.32,0.003688212,35.32938614,0.124673556,9579,2.181109304,30.53553025,2.517663314,14
"KCAE20140809_100713",39.81,"2014","08","09",0.554154283,30.76,0.006263089,59.93149866,0.111583669,9569,1.575805131,55.15317958,0.979085012,35,0.916147355,9.05,0.001217253,11.6527644,0.03963949,9573,1.71422594,6.856903759,1.048471606,4
"KCAE20140809_101133",52.45,"2014","08","09",0.551757206,26.69,0.004184406,40.02802553,0.083930512,9566,1.258846489,35.2477017,0.926416382,28,0.922288705,25.76,0.002619231,25.07652168,0.122730343,9574,3.380193705,20.28116223,3.891133563,6
"KCAE20140809_101556",51.34,"2014","08","09",0.549612736,39.29,0.006351382,60.6938106,0.105642912,9556,1.398112822,55.92451289,0.859817822,40,0.914841536,12.05,0.002115274,20.23259308,0.048597058,9565,1.188096356,15.44525262,0.597006477,13
"KCAE20140809_102015",48.36,"2014","08","09",0.552608515,29.1,0.005035863,48.17306377,0.091694632,9566,1.446458077,43.39374231,0.785528252,30,0.930945318,19.26,0.003183597,30.48612804,0.070804774,9576,1.60592363,25.69477809,0.674947098,16
"KCAE20140809_102641",58.32,"2014","08","09",0.555217407,19.87,0.003399305,32.50755786,0.066263126,9563,1.320249013,27.72522928,0.523867708,21,0.92423333,38.45,0.006202149,59.28634036,0.137282564,9559,1.703485299,54.51152958,1.681402939,32
"KCAE20140809_103102",67.96,"2014","08","09",0.555500599,39.23,0.00540155,51.61180719,0.128609869,9555,2.128817695,46.83398929,1.670518688,22,0.932207654,28.73,0.004456411,42.70579025,0.08342474,9583,1.516617707,37.91544267,0.624913523,25
"KCAE20140809_103524",790.23,"2014","08","09",0.555307905,768.58,0.097761422,935.3812883,1.54162023,9568,6.89373029,930.6535891,11.06717333,135,0.927669201,21.65,0.002858548,27.35915819,0.057030938,9571,1.187990407,22.57181774,0.493704633,19
"KCAE20140809_103945",4603.31,"2014","08","09",0.553205364,4429.08,0.552532333,5287.181892,5.751792151,9569,15.7688177,5282.55393,26.59076262,335,0.925932099,174.23,0.022905577,219.0918481,0.320142423,9565,3.061901076,214.3330753,2.18351839,70
"KCAE20140809_104410",6513.22,"2014","08","09",0.554359895,5408.02,0.675342708,6459.653002,4.565107067,9565,12.55859291,6455.116757,15.45987643,514,0.935926154,1105.2,0.145814995,1396.178577,1.428613044,9575,5.414430018,1391.508515,6.905972802,257
"KCAE20140809_104831",12726.64,"2014","08","09",0.553572834,8249.3,1.009652792,9666.415831,6.685381961,9574,13.57018864,9661.97431,20.76266487,712,0.926916286,4477.34,0.595856095,5697.575981,10.75151826,9562,10.74160237,5693.049258,44.49777807,530
"KCAE20140809_105251",25181.67,"2014","08","09",0.553420066,10425.88,1.256347936,12024.50609,9.288911206,9571,14.39536254,12020.12772,28.29718771,835,0.923827277,14755.79,1.831180254,17520.73267,28.46814673,9568,26.74239021,17516.26559,105.774355,655
"KCAE20140809_105711",36097.24,"2014","08","09",0.552450545,22178.67,2.733795089,26077.67135,34.76336762,9539,27.04706812,26073.37367,106.3540825,964,0.919545331,13918.57,1.72365295,16402.28147,25.19438473,9516,20.52304458,16397.91262,84.74826211,799
"KCAE20140809_110131",43451.72,"2014","08","09",0.551883505,22133.04,2.714214225,25793.17778,32.80167605,9503,27.49348093,25788.88511,101.1389696,938,0.921576022,21318.68,2.696201154,25568.07555,32.81296205,9483,28.27851312,25563.77586,102.8670411,904
"KCAE20140809_110552",75884.23,"2014","08","09",0.554753388,30723.84,3.993732799,37876.56186,46.34976844,9484,37.46025252,37872.3153,137.534518,1011,0.924137024,45160.39,5.589058075,53045.75019,56.95382855,9491,54.96526121,53041.47707,170.9265582,965
"KCAE20140809_111013",82106.85,"2014","08","09",0.548205413,37071.76,4.74589366,44924.62939,50.26171954,9466,51.8112107,44920.31968,158.6486569,867,0.938727334,45035.09,5.644418111,53514.72811,53.446041,9481,57.60004516,53510.44196,161.8164648,929
"KCAE20140809_111433",87224.99,"2014","08","09",0.553968105,45998,5.422330411,51344.04666,58.26599641,9469,62.15461852,51339.7149,188.2312136,826,0.925480645,41226.99,5.061013115,47912.61116,49.75480975,9467,53.05461682,47908.31899,153.0698463,903
"KCAE20140809_111855",109174.1,"2014","08","09",0.555040022,52161.63,6.156853964,58336.19131,56.07083983,9475,75.55936461,58331.82948,182.7067359,772,0.929195004,57012.47,6.734083913,63778.50874,58.37163067,9471,68.94510875,63774.22559,175.0052582,925
"KCAE20140809_112315",122521.98,"2014","08","09",0.555177732,57402.86,7.093156776,67257.31255,62.20607746,9482,89.55118068,67252.93669,203.7715294,751,0.923996454,65119.12,7.50930482,71248.28413,64.4033074,9488,94.73923638,71243.90576,210.051917,752
"KCAE20140809_112736",129654.56,"2014","08","09",0.553282695,61173.29,6.58569618,62537.77092,59.82221885,9496,114.7399721,62533.2848,223.6747066,545,0.915287371,68481.27,6.925367204,66026.45093,60.19449323,9534,108.7676719,66021.97683,214.2523026,607
"KCAE20140809_113157",112936.37,"2014","08","09",0.553710591,51788.1,5.359067221,51002.24274,52.49033434,9517,113.3282188,50997.69848,214.7804819,450,0.923604216,61148.27,5.956611303,56820.11522,55.88643169,9539,120.3719724,56815.57095,222.3662746,472
"KCAE20140809_113616",106427.62,"2014","08","09",0.553249914,51936.29,5.015156202,47894.74173,50.12606247,9550,110.6008601,47890.17241,209.3670695,433,0.940686384,54491.33,4.997307903,47759.27163,49.28667436,9557,102.919643,47754.71433,200.0916532,464
"KCAE20140809_114039",61545.29,"2014","08","09",0.553738553,31669.27,2.928685675,28021.66454,35.66025672,9568,88.38179198,28017.02806,175.8504152,317,0.936641047,29876.02,2.621320105,25070.30548,37.55523236,9564,81.91393952,25065.66549,194.1784023,306
"KCAE20140809_114500",16795.25,"2014","08","09",0.55231795,8565.37,0.743753588,7114.746822,18.3052575,9566,39.28200652,7110.04318,127.6074386,181,0.919668318,8229.88,0.697002867,6668.226432,16.20894779,9567,40.88044949,6663.513268,117.7336244,163
"KCAE20140809_114920",1121.27,"2014","08","09",0.553847407,488.28,0.045023279,431.3230098,1.045016258,9580,6.664901752,426.5537121,11.01032096,64,0.931349034,632.99,0.056727963,542.8866039,1.15375207,9570,7.579236992,538.1258264,11.14189436,71
"KCAE20140809_115340",48.51,"2014","08","09",0.555306311,34.67,0.003580196,34.22667558,0.127338262,9560,3.271092924,29.43983632,2.71153093,9,0.926404763,13.84,0.001886927,18.03524721,0.074811641,9558,2.649481113,13.24740557,2.14600342,5
"KCAE20140809_115802",24.83,"2014","08","09",0.554032458,13.25,0.001970541,18.86004908,0.066285727,9571,2.344365532,14.06619319,1.3496004,6,0.921691237,11.58,0.001517173,14.50872326,0.069183725,9563,3.239124435,9.717373304,2.675001847,3
"KCAE20140809_120223",47.2,"2014","08","09",0.554885314,42.12,0.004113,39.37374566,0.144266446,9573,4.322486222,34.57988978,2.670169552,8,0.921449279,5.08,0.000687381,6.576858953,0.012877674,9568,0.891250938,1.782501876,0,2
"KCAE20140809_120644",16.15,"2014","08","09",0.55437448,4.12,0.000501187,4.796361826,0,9570,NA,0,NA,0,0.924896792,12.03,0.001233204,11.80299529,0.055131442,9571,3.503567326,7.007134651,2.133065402,2
"KCAE20140809_121104",9.21,"2014","08","09",0.55100882,4.12,0.000501187,4.792352328,0,9562,NA,0,NA,0,0.928075347,5.09,0.000632629,6.056790799,0.012861166,9574,1.258925412,1.258925412,NA,1
"KCAE20140809_121527",14.54,"2014","08","09",0.551937348,10.42,0.001733292,16.5962728,0.055204304,9575,2.359982195,11.79991098,0.582171147,5,0.927264339,4.12,0.000501187,4.798366575,0,9574,NA,0,NA,0
"KCAE20140809_121947",8.24,"2014","08","09",0.552130426,4.12,0.000501187,4.796863013,0,9571,NA,0,NA,0,0.926703501,4.12,0.000501187,4.790848766,0,9559,NA,0,NA,0
"KCAE20140809_122407",10.27,"2014","08","09",0.552297991,5.09,0.000632657,6.055788425,0.01286251,9572,1.258925412,1.258925412,NA,1,0.936046799,5.18,0.00071128,6.812638342,0.014633504,9578,1.006634696,2.013269392,0.163177276,2
"KCAE20140809_122829",14.4,"2014","08","09",0.554307213,9.06,0.001581834,15.11759143,0.041679,9557,1.475893335,10.33125335,0.478502447,7,0.940594178,5.34,0.000666901,6.376243146,0.01620358,9561,1.584893192,1.584893192,NA,1
"KCAE20140809_123250",18.13,"2014","08","09",0.55505308,10.47,0.001857477,17.78719971,0.045970964,9576,1.181213075,12.99334382,0.701274479,11,0.928667837,7.66,0.000900207,8.623985655,0.028015777,9580,1.911807166,3.823614331,0.462326174,2
"KCAE20140809_123711",37.21,"2014","08","09",0.555559029,15.44,0.002010229,19.24995719,0.065242506,9576,2.408932561,14.45359537,1.093192893,6,0.926575664,21.77,0.001831645,17.52884159,0.083611113,9570,4.244661109,12.73398333,2.537065224,3
"KCAE20140809_124131",26.81,"2014","08","09",0.553243665,8.03,0.001153911,11.03253981,0.027063813,9561,1.040615966,6.243695797,0.32101789,6,0.925025234,18.78,0.001775003,16.98500643,0.067244864,9569,3.047787636,12.19115055,1.430265291,4
"KCAE20140809_124554",8.24,"2014","08","09",0.553962349,4.12,0.000501187,4.796361826,0,9570,NA,0,NA,0,0.923928845,4.12,0.000501187,4.796863013,0,9571,NA,0,NA,0
"KCAE20140809_125015",8.24,"2014","08","09",0.552973248,4.12,0.000501187,4.790848766,0,9559,NA,0,NA,0,0.925106884,4.12,0.000501187,4.794357077,0,9566,NA,0,NA,0
"KCAE20140809_125435",14.48,"2014","08","09",0.552028857,5.19,0.000771017,7.383259767,0.019142447,9576,1.292446596,2.584893192,0.413581943,2,0.923355322,9.29,0.001112644,10.65245077,0.036395929,9574,1.951862584,5.855587753,0.794087701,3
"KCAE20140809_125858",8.24,"2014","08","09",0.548846475,4.12,0.000501187,4.789345205,0,9556,NA,0,NA,0,0.923333011,4.12,0.000501187,4.794858264,0,9567,NA,0,NA,0
"KCAE20140810_100253",44.03,"2014","08","10",0.552666169,31.1,0.004012495,38.42364965,0.103149641,9576,1.528877583,33.63530682,1.552326314,22,0.927132628,12.93,0.001725867,16.5268977,0.052628773,9576,1.675862437,11.73103706,1.071387922,7
"KCAE20140810_100713",19.87,"2014","08","10",0.552142554,15.75,0.002751773,26.31245045,0.062798813,9562,1.537651053,21.52711474,0.599643868,14,0.938527912,4.12,0.000501187,4.7973642,0,9572,NA,0,NA,0
"KCAE20140810_101133",34.09,"2014","08","10",0.553914033,24.82,0.003191974,30.55357768,0.084480695,9572,1.981748378,25.76272892,1.202358427,13,0.92615832,9.27,0.001464769,14.00465809,0.037550481,9561,1.152102056,9.216816447,0.641356787,8
"KCAE20140810_101554",142.38,"2014","08","10",0.553157316,65.29,0.006998598,66.97658316,0.190446152,9570,3.454957928,62.18924271,2.793587589,18,0.94021805,77.09,0.009879854,94.47116718,0.415906335,9562,5.27572559,89.68733504,8.593633588,17
"KCAE20140810_102015",112.68,"2014","08","10",0.555375769,74.24,0.007237842,69.23719457,0.21186428,9566,3.222643062,64.45286124,3.419212593,20,0.939769739,38.44,0.003853251,36.88716933,0.190799027,9573,3.565979404,32.09381463,5.410123722,9
"KCAE20140810_102436",87.06,"2014","08","10",0.553346832,64.12,0.00623401,59.62831037,0.163734419,9565,3.917247936,54.8414711,1.796204925,14,0.939216339,22.94,0.002020697,19.35221679,0.096661813,9577,3.638587852,14.55435141,3.49059823,4
"KCAE20140810_102856",82.29,"2014","08","10",0.556103277,68.49,0.006417068,61.45625997,0.185516883,9577,3.333230001,56.66491002,2.969504672,17,0.925640898,13.8,0.001921611,18.3936633,0.062761882,9572,1.94282963,13.59980741,1.373045146,7
"KCAE20140810_103534",81.61,"2014","08","10",0.550556993,36.24,0.005550459,53.07348535,0.150804376,9562,3.018072001,48.28915202,2.190706505,16,0.923389399,45.37,0.007338811,70.23242543,0.16703884,9570,2.337503459,65.45009684,2.059460443,28
"KCAE20140810_103954",165.36,"2014","08","10",0.555240655,70.06,0.00909378,86.9092566,0.224551386,9557,3.422143279,82.1314387,2.960373655,24,0.939537895,95.3,0.013650359,130.6885377,0.282585446,9574,3.147755464,125.9102186,3.079687083,40
"KCAE20140810_104414",378.19,"2014","08","10",0.553266627,238.96,0.03828416,366.3028389,1.033198943,9568,5.021438402,361.5435649,10.88436371,72,0.939221938,139.23,0.021304604,203.7785405,0.381232707,9565,3.827129737,199.0107463,3.522241153,52
"KCAE20140810_104834",705.24,"2014","08","10",0.554073612,385.73,0.057011872,546.1737317,0.903613289,9580,3.426908516,541.4515456,6.180433076,158,0.925796769,319.51,0.048796266,466.9314706,1.380814125,9569,12.16196461,462.1546551,18.48657531,38
"KCAE20140810_105256",899.14,"2014","08","10",0.555164329,746.5,0.106945573,1024.217752,1.573609947,9577,3.376057088,1019.569241,8.22845776,302,0.92323889,152.64,0.021866204,209.3251741,0.570372749,9573,4.648849113,204.549361,7.100060983,44
"KCAE20140810_105717",1233.9,"2014","08","10",0.55249172,1135.29,0.143202598,1370.592063,0.853509985,9571,2.587234521,1366.059827,2.6257735,528,0.93599196,98.61,0.012695736,121.4093202,0.260286404,9563,2.43001091,116.6405237,2.790246309,48
"KCAE20140810_110137",1271.68,"2014","08","10",0.553937198,1105.22,0.136896986,1309.830362,0.995116097,9568,2.813076623,1305.267553,3.594233294,464,0.924160442,166.46,0.020851579,199.6121676,0.480718861,9573,2.865417397,194.848383,4.974318142,68
"KCAE20140810_110556",5293.34,"2014","08","10",0.552463561,3088.3,0.375293176,3589.679232,3.472529672,9565,3.628927681,3585.380549,10.24834614,988,0.935257288,2205.04,0.245979363,2351.808688,12.02323343,9561,18.62761894,2347.079987,103.4923696,126
"KCAE20140810_111019",11614.12,"2014","08","10",0.552853758,8015.33,0.900379916,8609.432757,20.63040596,9562,7.615227209,8605.206746,59.60835615,1130,0.926222263,3598.79,0.393125719,3764.571882,14.06985251,9576,18.79936375,3759.87275,95.79791623,200
"KCAE20140810_111439",9513.64,"2014","08","10",0.553916408,8656.88,0.964491865,9238.867576,16.893063,9579,7.317511253,9234.699201,46.05502242,1262,0.930476338,856.76,0.101528306,972.6411669,1.581904655,9580,4.264112611,967.9535627,9.3935557,227
"KCAE20140810_111859",2911.16,"2014","08","10",0.553355868,2762.4,0.346709001,3321.818939,1.370160924,9581,2.692885168,3317.634527,2.878901654,1232,0.929465458,148.76,0.02380743,227.8371096,0.228943256,9570,1.528177542,223.1139211,1.070041697,146
"KCAE20140810_112320",2304.98,"2014","08","10",0.554864686,2162.43,0.285793471,2734.471927,1.117950659,9568,2.376198809,2730.252432,2.33344808,1149,0.929022253,142.55,0.022224977,212.5374516,0.222752071,9563,1.453260614,207.8162678,1.116969087,143
"KCAE20140810_112740",1521.1,"2014","08","10",0.551828412,1349.98,0.197818683,1892.333523,0.726711329,9566,1.94441382,1888.025819,1.3449406,971,0.923521566,171.12,0.024461568,234.1461298,0.331178736,9572,1.927801738,229.4084068,2.279630488,119
"KCAE20140810_113201",1253.42,"2014","08","10",0.55185604,1110.91,0.173326722,1658.563403,0.645998306,9569,1.854500674,1654.214601,1.166588566,892,0.922772695,142.51,0.021744947,208.2513538,0.304677843,9577,1.817032292,203.5076167,2.172043259,112
"KCAE20140810_113621",1360.65,"2014","08","10",0.552054663,1187.45,0.190915109,1826.484849,0.672816586,9567,1.740415219,1822.214734,1.20056101,1047,0.937861866,173.2,0.027097985,259.219327,0.281427146,9566,1.600658231,254.5046587,1.503596586,159
"KCAE20140810_114040",1323.4,"2014","08","10",0.552593816,1160.81,0.199802502,1911.510538,0.684314325,9567,1.797594193,1907.247439,1.162743305,1061,0.928357364,162.59,0.028725114,274.6982689,0.245923012,9563,1.467378445,269.9976338,1.018923496,184
"KCAE20140810_114501",1188.21,"2014","08","10",0.554981375,1078,0.193033008,1848.484086,0.663059871,9576,1.759742329,1844.209961,1.123303272,1048,0.925949535,110.21,0.021893785,209.6329869,0.199364063,9575,1.366061981,204.9092972,0.840249956,150
"KCAE20140810_114921",1297.97,"2014","08","10",0.552670885,1134.35,0.204722554,1960.013736,0.716320292,9574,1.832942958,1955.750136,1.27338392,1067,0.925343523,163.62,0.032420252,310.1969724,0.24550913,9568,1.376184128,305.5128765,0.867358594,222
"KCAE20140810_115341",1328.84,"2014","08","10",0.552715678,1116.83,0.209826806,2006.993398,0.704220932,9565,1.844147175,2002.743832,1.164296625,1086,0.937079913,212.01,0.044955416,430.4031546,0.343076985,9574,1.606556991,425.7376026,1.323068045,265
"KCAE20140810_115803",1491.75,"2014","08","10",0.552167136,1264.69,0.241969015,2316.369379,0.791085873,9573,1.933253289,2312.170933,1.319564535,1196,0.923200663,227.06,0.052569797,502.9352436,0.454132521,9567,1.760714563,498.2822213,1.994639093,283
"KCAE20140810_120222",1569.19,"2014","08","10",0.553862097,1236.03,0.244073283,2336.269463,0.82200946,9572,1.993212383,2332.058488,1.429570218,1170,0.939751708,333.16,0.07299704,698.7276642,0.487339826,9572,1.901680091,694.1132334,1.660907123,365
"KCAE20140810_120643",2017.8,"2014","08","10",0.55450602,1459.06,0.281184206,2691.776401,0.863467068,9573,2.014727976,2687.647119,1.363618102,1334,0.924323551,558.74,0.122171317,1167.83562,0.601325975,9559,1.885500816,1163.354003,1.510393676,617
"KCAE20140810_121103",2347.08,"2014","08","10",0.55414977,1784.09,0.342568099,3277.006434,1.013404238,9566,2.196616675,3272.958846,1.588301233,1490,0.926477602,562.99,0.1221769,1169.110752,0.599189304,9569,1.887559358,1164.624124,1.496596307,617
"KCAE20140810_121524",2444.8,"2014","08","10",0.554519626,1870.98,0.353780518,3388.156018,1.236673168,9577,2.29585814,3384.094898,2.341284502,1474,0.924698986,573.82,0.127669649,1221.032522,0.601381786,9564,1.851702355,1216.568447,1.44076061,657
"KCAE20140810_121945",2716.3,"2014","08","10",0.553663989,2045.91,0.38770352,3710.710391,1.104084979,9571,2.322502145,3706.713423,1.678868938,1596,0.922620767,670.39,0.147213004,1408.534022,0.629637956,9568,1.85729836,1404.11756,1.357962238,756
"KCAE20140810_122406",3052.45,"2014","08","10",0.551113177,2226.84,0.41720498,3988.479609,1.22443714,9560,2.467181224,3984.497677,1.954378871,1615,0.923320855,825.61,0.179184462,1714.616114,0.702674613,9569,1.943478748,1710.261298,1.393789786,880
"KCAE20140810_122827",3439.31,"2014","08","10",0.552334461,2356.6,0.44153843,4225.964313,1.23072299,9571,2.433450726,4222.03701,1.873644596,1735,0.924675723,1082.71,0.228611058,2185.750325,0.842399287,9561,2.063848845,2181.488229,1.622973124,1057
"KCAE20140810_123247",3517.49,"2014","08","10",0.552376097,2275.36,0.442178836,4235.63107,1.293274887,9579,2.508402905,4231.675701,2.077664057,1687,0.924305365,1242.13,0.262504244,2511.90311,0.892773634,9569,2.091499727,2507.708173,1.593139623,1199
"KCAE20140810_123708",4004.98,"2014","08","10",0.553314384,2444.46,0.469664961,4492.345348,1.300692472,9565,2.438063106,4488.474178,1.998245948,1841,0.937996222,1560.52,0.315115196,3015.652429,0.957649124,9570,2.094281484,3011.576774,1.542449283,1438
"KCAE20140810_124129",4754.48,"2014","08","10",0.555192467,2906.45,0.535027015,5119.673507,1.37637251,9569,2.578564517,5115.872002,1.967100462,1984,0.936556625,1848.03,0.367255283,3513.53129,1.02145536,9567,2.20033594,3509.535825,1.492156531,1595
"KCAE20140810_124549",4932,"2014","08","10",0.553851901,2860.65,0.514528441,4918.377364,1.260414862,9559,2.442641602,4914.594904,1.685094815,2012,0.922251411,2071.35,0.404285783,3870.632085,1.149812886,9574,2.266523296,3866.688744,1.789030177,1706
"KCAE20140810_125010",5087.11,"2014","08","10",0.555056699,2970.5,0.536783035,5130.572245,1.362985677,9558,2.569815421,5126.781765,1.917747524,1995,0.92706383,2116.61,0.417212835,3993.561259,1.147521268,9572,2.30747857,3989.630447,1.71177119,1729
"KCAE20140811_100309",54.39,"2014","08","11",0.55470826,44.23,0.008220933,78.67433145,0.132500031,9570,1.508214853,73.9025278,1.091437588,49,0.935396987,10.16,0.001277444,12.21747535,0.038059798,9564,1.485325316,7.42662658,0.84183077,5
"KCAE20140811_100729",74.15,"2014","08","11",0.553613034,36.11,0.006722741,64.35007547,0.110573686,9572,1.610033924,59.5712552,0.773496522,37,0.925814965,38.04,0.004326003,41.37389401,0.14157283,9564,3.658555118,36.58555118,2.538509133,10
"KCAE20140811_101149",35.68,"2014","08","11",0.553048956,31.56,0.005147506,49.24104711,0.106868861,9566,1.709989265,44.4597209,1.157010741,26,0.937539581,4.12,0.000501187,4.799368949,0,9576,NA,0,NA,0
"KCAE20140811_101609",49.39,"2014","08","11",0.550296529,27.45,0.00495963,47.44878003,0.091393117,9567,1.580276067,42.66745382,0.699134693,27,0.925422855,21.94,0.002974685,28.43203981,0.090881918,9558,2.627355879,23.64620291,1.453076467,9
"KCAE20140811_102029",111.41,"2014","08","11",0.551515682,51.25,0.009126023,87.29040579,0.275232344,9565,3.928908325,82.50707484,4.478457738,21,0.924132575,60.16,0.006308763,60.46318013,0.184004119,9584,3.976201307,55.6668183,2.821526334,14
"KCAE20140811_102450",81.34,"2014","08","11",0.553049117,41.14,0.006044693,57.84771224,0.117647031,9570,1.829858098,53.06588484,1.12895464,29,0.926203076,40.2,0.004761864,45.57580167,0.100807145,9571,2.03944812,40.78896241,0.866899004,20
"KCAE20140811_102911",136.82,"2014","08","11",0.553856112,97.44,0.017772882,169.8732103,0.385899669,9558,4.026912472,165.1034114,4.362838483,41,0.92443974,39.38,0.005504843,52.6648377,0.109724473,9567,1.995083664,47.88200793,0.930833573,24
"KCAE20140811_103543",148.33,"2014","08","11",0.550813394,82.86,0.015935914,152.5066926,0.497212381,9570,4.476571817,147.72687,7.303183444,33,0.921436056,65.47,0.010666749,102.0167842,0.224275002,9564,2.860013818,97.24046982,2.48625731,34
"KCAE20140811_104004",463.82,"2014","08","11",0.554944991,275.68,0.04404835,421.6748521,0.91724252,9573,4.581566975,416.9225947,8.274230694,91,0.924199931,188.14,0.035422399,339.6299592,0.696821742,9588,5.773338704,334.8536448,6.925510309,58
"KCAE20140811_104424",3125.85,"2014","08","11",0.554033188,1043.47,0.188586054,1806.654393,3.145846444,9580,12.60087195,1801.924689,22.5850537,143,0.927835484,2082.38,0.37292467,3568.14324,12.10418,9568,38.31606979,3563.394491,117.3284025,93
"KCAE20140811_104845",6639.32,"2014","08","11",0.555011829,4044.23,0.730340324,6982.053501,18.0485264,9560,34.54140292,6977.363391,119.6580734,202,0.935383902,2595.09,0.476710291,4559.733934,14.36038594,9565,32.76985427,4555.009744,115.0047664,139
"KCAE20140811_105307",9069.79,"2014","08","11",0.552291655,4408.3,0.821948879,7858.653232,13.71078563,9561,23.44486352,7854.029279,69.63260101,335,0.929262647,4661.49,0.88794289,8491.397861,19.05807772,9563,47.41170235,8486.69472,131.5035859,179
"KCAE20140811_105728",13785.08,"2014","08","11",0.553495251,8591.23,1.636024358,15658.38913,25.55024732,9571,37.62932876,15653.80076,117.0317263,416,0.940229743,5193.85,1.020476844,9764.942919,20.71873514,9569,50.31053757,9760.244288,137.0703596,194
"KCAE20140811_110150",15144.16,"2014","08","11",0.549285984,10594.7,2.01364809,19270.61222,31.16719059,9570,40.64568232,19266.05342,134.4552027,474,0.936655148,4549.46,0.892666256,8533.889404,18.00948032,9560,50.17166621,8529.183256,125.930239,170
"KCAE20140811_110611",11177.36,"2014","08","11",0.552728479,6987.24,1.297164578,12420.35083,21.86237537,9575,23.07773532,12415.8216,89.54264432,538,0.918375067,4190.12,0.822267484,7874.855695,19.20744895,9577,45.49215335,7870.14253,135.9993543,173
"KCAE20140811_111034",9754.68,"2014","08","11",0.552854454,6149.02,1.171903341,11208.08356,19.50683205,9564,18.6106178,11203.59192,75.69432658,602,0.923423851,3605.66,0.731891812,7000.54518,19.22017643,9565,42.14358145,6995.834521,140.2029031,166
"KCAE20140811_111454",5445.35,"2014","08","11",0.550568453,3818.92,0.736972348,7053.562347,15.4850169,9571,16.94464898,7048.973978,72.48606845,416,0.938554278,1626.43,0.327484115,3131.075626,8.846429646,9561,20.30104518,3126.360957,66.94627908,154
"KCAE20140811_111916",4235.14,"2014","08","11",0.552005786,2757.37,0.55039438,5259.018298,10.14943215,9555,12.10702067,5254.446969,46.18082915,434,0.927731501,1477.77,0.304605628,2911.420589,6.505566581,9558,16.99833886,2906.715945,45.7584858,171
"KCAE20140811_112338",2948.41,"2014","08","11",0.552866481,2104.36,0.41785324,3995.094823,6.128544526,9561,7.501070684,3990.569604,24.95949302,532,0.936905457,844.05,0.178039362,1704.726892,2.897531055,9575,8.854292979,1700.024252,18.53697213,192
"KCAE20140811_112759",2352.17,"2014","08","11",0.553904473,1543.74,0.287038024,2746.379817,3.330274102,9568,4.415290973,2741.895695,12.36455768,621,0.936365297,808.43,0.175341765,1678.722056,4.169714367,9574,9.676360664,1674.010395,29.58405008,173
"KCAE20140811_113219",2564.88,"2014","08","11",0.553371144,1994.26,0.379093733,3628.685212,6.974208454,9572,4.768774671,3624.26875,24.33900189,760,0.937128163,570.62,0.12008696,1148.992033,2.464016662,9568,6.851978272,1144.280371,17.4214704,167
"KCAE20140811_113640",2072.8,"2014","08","11",0.553111204,1518.78,0.258906611,2479.54861,2.454058083,9577,3.121243608,2475.146181,7.992021576,793,0.925953774,554.02,0.123640839,1183.119187,4.363376078,9569,8.927193054,1178.389483,36.21313151,132
"KCAE20140811_114101",2668.57,"2014","08","11",0.552277489,2024.56,0.381027871,3644.531588,5.917204156,9565,4.544493362,3640.139183,19.99103945,801,0.925485716,644.01,0.142427797,1360.470317,3.311741678,9552,11.48933997,1355.742116,27.63761938,118
"KCAE20140811_114521",2958.65,"2014","08","11",0.553502849,2108.54,0.403511089,3862.408143,6.318387291,9572,4.571130073,3858.033781,20.83706724,844,0.92839324,850.11,0.198125376,1895.663599,4.425652677,9568,13.5067029,1890.938406,34.16194375,140
"KCAE20140811_114941",2562.7,"2014","08","11",0.552094879,1693.08,0.331240198,3166.656291,4.997994454,9560,3.880090073,3162.273409,16.72006637,815,0.926161465,869.62,0.206145926,1973.022662,11.79315242,9571,15.37726524,1968.289951,101.2178021,128
"KCAE20140811_115403",1542.56,"2014","08","11",0.554186782,1127.1,0.236517596,2263.473391,6.08458223,9570,4.806196994,2258.912587,27.08052576,470,0.923317557,415.46,0.092490001,884.7593449,1.473486993,9566,5.677694657,880.0426719,10.14581941,155
"KCAE20140811_115823",2262.8,"2014","08","11",0.553917577,1767.75,0.271825564,2601.370644,2.013766115,9570,2.380495946,2597.121078,5.529686846,1091,0.935086598,495.05,0.113716824,1086.791691,1.898842949,9557,7.514402885,1082.074015,13.59956835,144
"KCAE20140811_120244",2477.72,"2014","08","11",0.55538005,2193.65,0.317298714,3030.837313,1.816993333,9552,2.394528064,3026.683473,4.470939881,1264,0.929281394,284.07,0.063608353,608.7955467,0.998483103,9571,4.409250703,604.0673463,7.131241516,137
"KCAE20140811_120706",2730.68,"2014","08","11",0.553313262,2564.81,0.324594984,3105.400212,1.076448194,9567,2.293848343,3101.282959,1.919674166,1352,0.936953193,165.87,0.036699678,350.7388263,0.468630923,9557,2.601621337,346.0156378,3.029286789,133
"KCAE20140811_121126",2718.73,"2014","08","11",0.553313967,2598.93,0.330766447,3164.111833,1.013695781,9566,2.315019484,3160.001596,1.615519751,1365,0.926605617,119.8,0.028159582,269.4590388,0.414004031,9569,2.262579633,264.7218171,3.00657347,117
"KCAE20140811_121547",3298.19,"2014","08","11",0.552721571,3210.89,0.367607386,3516.899858,1.218813303,9567,2.45995847,3512.820695,2.192839277,1428,0.925729714,87.3,0.017819566,170.3728666,0.268791877,9561,1.971703752,165.6231151,2.103282029,84
"KCAE20140811_122007",3481.29,"2014","08","11",0.552929681,3385.93,0.374468079,3587.404199,1.172146399,9580,2.450981916,3583.335561,1.978931489,1462,0.928907878,95.36,0.015141367,144.887743,0.223305579,9569,1.773816154,140.1314762,1.719928105,79
"KCAE20140811_122427",2315.08,"2014","08","11",0.550035366,2265.88,0.269337106,2575.401405,0.98056234,9562,2.421037018,2571.141313,1.857746384,1062,0.922811091,49.2,0.008952746,85.66882847,0.127553255,9569,1.371229456,80.90253788,0.885694747,59
"KCAE20140811_122849",3250.09,"2014","08","11",0.553421198,3177.94,0.319144291,3051.338562,1.212311409,9561,2.907511407,3047.071955,2.426521058,1048,0.924578232,72.15,0.010472792,100.1198948,0.148358491,9560,1.423315289,95.36212439,1.071049354,67
"KCAE20140811_123312",2865.16,"2014","08","11",0.553795726,2820.58,0.317065437,3038.121019,1.02120039,9582,2.530374951,3033.919566,1.654122965,1199,0.924316693,44.58,0.006328874,60.567328,0.12162387,9570,1.507824597,55.7895101,1.267195954,37
"KCAE20140811_123733",4933.52,"2014","08","11",0.550767068,4811.52,0.474328905,4537.904633,1.538572999,9567,3.224619092,4533.814444,2.69140369,1406,0.924876719,122,0.015170555,145.2580641,0.185409603,9575,1.692780661,140.5007949,1.067747567,83
"KCAE20140811_124154",5747.14,"2014","08","11",0.555155188,5644.36,0.550640434,5272.932797,1.650987738,9576,3.230503289,5268.950864,2.711176798,1631,0.924275365,102.78,0.01364117,130.5459954,0.197145628,9570,1.87736139,125.7832131,1.443640361,67
"KCAE20140811_124617",6571.24,"2014","08","11",0.55409342,6397.23,0.624895906,5977.129342,1.768205562,9565,3.316623056,5973.238124,2.771525383,1801,0.924126167,174.01,0.022736005,217.6745158,0.236797585,9574,1.851598137,212.9337858,1.137350811,115
"KCAE20140811_125039",7090.35,"2014","08","11",0.553412307,6730.51,0.657675085,6291.977536,2.168195668,9567,3.683677917,6288.038204,3.899787058,1707,0.928772803,359.84,0.048091428,459.7540507,0.772343306,9560,2.542192253,455.0524132,5.065501415,179
"KCAE20140811_125459",8991.42,"2014","08","11",0.554960324,8721.75,0.851508234,8144.676259,2.46230025,9565,3.878482323,8140.934395,3.986785721,2099,0.939081287,269.67,0.037490704,358.6735629,0.883668064,9567,3.976666408,353.9233103,8.309225998,89
"KCAE20140811_125920",8706.23,"2014","08","11",0.553798973,8457.39,0.837814112,8003.638211,2.703901706,9553,3.890992612,7999.88081,4.700963331,2056,0.926521423,248.84,0.034897063,333.8602052,0.462817581,9567,2.531773086,329.1305012,3.084599035,130
"KCAE20140812_100257",457.31,"2014","08","12",0.555966434,353.14,0.06332386,606.325963,0.638205101,9575,2.58216254,601.6438718,3.20586447,233,0.937579445,104.17,0.020242529,193.6197919,1.155943028,9565,4.496356805,188.8469858,17.06104629,42
"KCAE20140812_100718",536.17,"2014","08","12",0.553578532,494.11,0.084368545,807.153866,0.914322109,9567,2.825708961,802.501345,4.526128525,284,0.941205747,42.06,0.007744649,74.09305337,0.21581574,9567,3.013466192,69.30972241,3.283976832,23
"KCAE20140812_101139",618.71,"2014","08","12",0.552790109,524.48,0.080118145,766.5704097,0.719575559,9568,2.953117661,761.9043565,3.28011808,258,0.935966046,94.23,0.01614232,154.3528651,0.480647024,9562,5.157760247,149.5750472,7.170908824,29
"KCAE20140812_101600",804.81,"2014","08","12",0.553532157,647.06,0.085637476,819.3793667,0.775823815,9568,3.28511412,814.7083017,3.572363321,248,0.925146124,157.75,0.023625774,225.9569046,0.588668237,9564,4.706108631,221.1871057,7.037592636,47
"KCAE20140812_102020",974.8,"2014","08","12",0.553630086,895.95,0.11430864,1094.276614,1.034941864,9573,3.87764976,1089.619582,4.687572344,281,0.923486537,78.85,0.010114388,96.77446395,0.332504596,9568,3.407134687,91.99263655,5.353884278,27
"KCAE20140812_102440",1102.49,"2014","08","12",0.549284836,929.81,0.114822412,1098.850487,1.224862089,9570,4.466028228,1094.176916,6.271125917,245,0.927314471,172.68,0.032392805,309.6752174,1.85136965,9560,8.469497506,304.9019102,29.37044214,36
"KCAE20140812_102900",558.51,"2014","08","12",0.553663676,485.92,0.070231682,670.993494,1.014024982,9554,3.621181357,666.2973697,6.383542454,184,0.921347345,72.59,0.011230834,107.4341621,0.172026921,9566,1.86667946,102.6673703,1.309627177,55
"KCAE20140812_103321",1089.92,"2014","08","12",0.554038761,973.94,0.125215248,1199.311648,1.10945747,9578,3.598426719,1194.677671,4.804171011,332,0.931622156,115.98,0.018401487,176.2310422,0.262327085,9577,2.317138648,171.46826,1.904939562,74
"KCAE20140812_103740",2392.28,"2014","08","12",0.555068579,2229.61,0.297534984,2845.922124,1.670184869,9565,3.690278159,2841.514182,4.707259535,770,0.926009227,162.67,0.023127127,221.1184565,0.321429794,9561,2.515926831,216.3697075,2.296935806,86
"KCAE20140812_104409",4462.77,"2014","08","12",0.554495085,3769.6,0.530917097,5081.938456,1.902546852,9572,3.360621036,5077.898386,3.664506185,1511,0.920195089,693.17,0.106168138,1016.135253,0.828320233,9571,2.771291298,1011.521324,3.260980403,365
"KCAE20140812_104830",7264.11,"2014","08","12",0.554887585,6520.54,0.908718984,8701.892986,2.365824886,9576,3.673260316,8698.280429,3.53323409,2368,0.934224931,743.57,0.107815848,1032.121112,1.344927727,9573,2.769566542,1027.509187,6.277296726,371
"KCAE20140812_105250",9478.7,"2014","08","12",0.554658896,8454.88,1.113093071,10652.30069,2.786684483,9570,3.796402909,10648.91016,4.03879956,2805,0.924973895,1023.82,0.154128311,1475.624452,1.078728702,9574,2.867608567,1471.083195,3.736595219,513
"KCAE20140812_105711",10477.31,"2014","08","12",0.551534523,9363.78,1.168572803,11175.06172,2.902832508,9563,3.885812096,11171.70978,4.180233709,2875,0.926177051,1113.53,0.151497476,1451.194323,0.996262811,9579,2.798167435,1446.652564,3.31733119,517
"KCAE20140812_110131",9757.07,"2014","08","12",0.548580135,7968,1.021526243,9766.812414,2.637325107,9561,3.571101247,9763.390808,3.901711406,2734,0.92741838,1789.07,0.238880071,2284.171236,4.800576831,9562,4.049131531,2279.661052,19.40637627,563
"KCAE20140812_110551",7235.7,"2014","08","12",0.550675169,5965.85,0.800960853,7646.773266,2.123473694,9547,3.290207787,7643.152689,3.216389126,2323,0.940336413,1269.85,0.196559661,1881.07596,1.493763502,9570,3.122430635,1876.580812,5.141633823,601
"KCAE20140812_111012",5330.91,"2014","08","12",0.551825877,4083.29,0.588713121,5632.807145,1.945978472,9568,2.95638973,5628.966046,3.469203292,1904,0.944922414,1247.62,0.169946966,1625.712677,1.931677517,9566,3.275083652,1621.166408,7.877793563,495
"KCAE20140812_111432",4377.25,"2014","08","12",0.552660009,3480.97,0.549522162,5258.377564,1.933139,9569,2.755394582,5254.537467,3.560829333,1907,0.938476103,896.28,0.137930608,1319.582123,0.763610174,9567,2.378055011,1315.064421,2.18387218,553
"KCAE20140812_111855",5094.53,"2014","08","12",0.551874193,4072.03,0.620281929,5928.654677,7.416366213,9558,3.330385577,5924.755942,16.92975778,1779,0.938705996,1022.5,0.148214013,1417.815247,1.425679038,9566,2.691969549,1413.284013,5.499317023,525
"KCAE20140812_112315",3541.3,"2014","08","12",0.553380854,2725.43,0.450290472,4306.578076,1.502378934,9564,2.642875095,4302.600654,2.73305545,1628,0.930350486,815.87,0.128122186,1226.001194,1.261846714,9569,2.714290818,1221.430868,5.186171713,450
"KCAE20140812_112736",3159.49,"2014","08","12",0.552767203,2433.35,0.405428378,3881.976716,1.274939794,9575,2.508378192,3877.952684,2.18981956,1546,0.926629225,726.14,0.113871219,1089.861436,0.922496137,9571,2.559615747,1085.277077,3.602688402,424
"KCAE20140812_113156",3198.4,"2014","08","12",0.554083852,2512.81,0.412398774,3942.53228,2.089355606,9560,2.58771599,3938.503737,4.669419337,1522,0.931899245,685.59,0.112372932,1075.746073,1.761450465,9573,2.746522233,1071.143671,8.312359709,390
"KCAE20140812_113618",2708.62,"2014","08","12",0.551728956,2088.85,0.35605642,3407.816,1.207788779,9571,2.475424196,3403.708269,2.216128544,1375,0.923479779,619.77,0.092875084,888.443051,0.793103224,9566,2.554399146,883.8221047,3.336831865,346
"KCAE20140812_114039",3221.85,"2014","08","12",0.550161243,2702.78,0.435103699,4158.721158,6.805533719,9558,3.079767911,4154.606912,17.89454492,1349,0.93564195,519.07,0.079637519,761.65323,1.048292328,9564,2.656149872,757.0027137,5.489709509,285
"KCAE20140812_114459",2935.49,"2014","08","12",0.549545934,2300.17,0.348788752,3338.954724,3.592573148,9573,2.835668584,3334.746255,9.903799132,1176,0.929800774,635.32,0.099412766,951.8772348,1.487206547,9575,2.853146871,947.2447612,7.48969311,332
"KCAE20140812_114920",2086.46,"2014","08","12",0.552939966,1412.36,0.232405058,2224.34881,1.716175311,9571,2.413057652,2220.01304,5.040213096,920,0.924129163,674.1,0.105973267,1012.892488,0.915793854,9558,2.974253815,1008.272043,3.893451314,339
"KCAE20140812_115342",2528.84,"2014","08","12",0.551096189,1822.99,0.29333299,2807.49005,1.138595686,9571,2.444000042,2803.268049,2.359284028,1147,0.929405586,705.85,0.106896448,1022.892109,0.814733724,9569,2.459670868,1018.30374,3.094868778,414
"KCAE20140812_115802",2425.42,"2014","08","12",0.554937572,1783.84,0.285869853,2735.774492,1.035784879,9570,2.307070554,2731.571535,2.003009095,1184,0.926109932,641.58,0.09681851,925.3913154,0.909611093,9558,2.60843594,920.7778869,3.986907252,353
"KCAE20140812_120221",3022.31,"2014","08","12",0.553139871,2340.19,0.365440703,3497.998412,5.829207343,9572,3.022301402,3493.78042,16.53903583,1156,0.924498479,682.12,0.101551333,971.94781,0.838959342,9571,2.62862876,967.3353839,3.419692032,368
"KCAE20140812_120642",2787.48,"2014","08","12",0.554536089,2202.25,0.347745297,3328.270238,1.867793172,9571,2.655032637,3324.100861,4.534104286,1252,0.925589817,585.23,0.086986265,832.0236232,0.620864795,9565,2.273110438,827.4121995,2.274688653,364
"KCAE20140812_121102",2758.47,"2014","08","12",0.55257903,1938.53,0.316449973,3030.008487,1.230572726,9575,2.46202244,3025.825578,2.553529548,1229,0.929280918,819.94,0.113740219,1088.493898,1.118992263,9570,2.779212819,1083.892999,4.834855462,390
"KCAE20140812_121523",2557.56,"2014","08","12",0.550123819,1944.27,0.311975224,2985.290914,1.136508445,9569,2.427614423,2981.110511,2.221050082,1228,0.939494798,613.29,0.094000787,898.7415257,0.654456502,9561,2.384366986,894.1376198,2.339616471,375
"KCAE20140812_121945",2461.14,"2014","08","12",0.551631645,1856.55,0.302209909,2890.33557,1.294470419,9564,2.531678569,2886.113569,2.901824993,1140,0.931163051,604.59,0.096322365,921.9013557,0.730737402,9571,2.446113168,917.2924379,2.81095909,375
"KCAE20140812_122406",3713.11,"2014","08","12",0.552455973,3124.5,0.485494761,4638.416943,7.506849908,9554,3.526854764,4634.28716,19.98182196,1314,0.940101374,588.61,0.094283122,900.5923833,0.6428085,9552,2.357882879,895.995494,2.250039903,380
"KCAE20140812_122827",3573.12,"2014","08","12",0.549826998,2593.73,0.430948489,4126.33178,1.606969569,9575,2.726382743,4122.290707,3.178218653,1512,0.921192307,979.39,0.154624411,1479.910233,0.856423433,9571,2.35315409,1475.427614,2.456048855,627
"KCAE20140812_123248",3619.08,"2014","08","12",0.553180276,2705.84,0.446263642,4270.743058,1.447892827,9570,2.663389262,4266.749598,2.573376764,1602,0.938927863,913.24,0.133926168,1281.807356,1.463876731,9571,2.82574564,1277.237029,6.152245647,452
"KCAE20140812_123708",3151.74,"2014","08","12",0.554099089,2434.05,0.421167568,4028.046616,1.358994212,9564,2.561451703,4024.040626,2.400990697,1571,0.925567704,717.69,0.109294097,1045.288742,1.235999955,9564,2.641352425,1040.692855,5.519975472,394
"KCAE20140812_124129",3095.25,"2014","08","12",0.550477451,2456.48,0.439214069,4205.913929,1.458691797,9576,2.666183014,4201.904431,2.644882292,1576,0.922684763,638.77,0.089393404,852.2767182,0.692607553,9534,2.435841415,847.6728123,2.729082854,348
"KCAE20140812_124549",2907.29,"2014","08","12",0.553752574,2367.87,0.412435627,3944.946775,1.326770629,9565,2.560704514,3940.924246,2.333004483,1539,0.924630452,539.42,0.077034989,736.8396741,0.719264564,9565,2.440653914,732.1961743,3.280415627,300
"KCAE20140812_125011",3112,"2014","08","12",0.553154685,2507.19,0.430897025,4129.286188,1.40066393,9583,2.507785875,4125.307764,2.494817476,1645,0.926944171,604.81,0.091087217,871.7046648,0.787308929,9570,2.651596915,867.0721912,3.374238714,327
"KCAE20140812_125431",3106.28,"2014","08","12",0.551489037,2412.97,0.406611422,3889.644866,1.227809529,9566,2.356383849,3885.676967,2.037991472,1649,0.922048839,693.31,0.094904683,908.9021528,0.803005719,9577,2.667469573,904.2721851,3.374511645,339
"KCAE20140812_125853",2944.4,"2014","08","12",0.553149274,2294.69,0.387685189,3708.208833,3.440298735,9565,2.737688902,3704.093084,8.791350694,1353,0.916280368,649.71,0.086251395,825.5983503,0.87713607,9572,2.549572573,820.9623684,4.079323159,322
"KCAE20150619_100339",8023.71,"2015","06","19",0.558583331,7002.5,0.857289956,8969.824813,6.414017126,10463,7.483456856,8965.181313,17.60519997,1198,0.914287485,1021.21,0.120869287,1265.138829,1.850988354,10467,3.829962895,1260.057792,9.750720379,329
"KCAE20150619_100834",4932.86,"2015","06","19",0.558909887,3903.43,0.502594819,5258.649588,2.432436393,10463,4.537120933,5253.986041,5.931472883,1158,0.911550792,1029.43,0.134749029,1411.226585,0.873583962,10473,2.935736367,1406.21772,2.912090685,479
"KCAE20150619_101329",3364.66,"2015","06","19",0.558697565,3226.97,0.411396597,4305.265385,1.967409638,10465,3.92030106,4300.570263,4.815449111,1097,0.911094637,137.69,0.017813564,186.3476898,0.209866152,10461,1.906867189,181.1523829,1.123167739,95
"KCAE20150619_101825",3788.86,"2015","06","19",0.557878524,3550.34,0.463938912,4857.904343,2.116256896,10471,3.619186058,4853.328503,4.854526855,1341,0.916027748,238.52,0.030562257,319.8951401,0.291483888,10467,2.126509385,314.7233891,1.2501242,148
"KCAE20150619_101935",4097.2,"2015","06","19",0.553122178,4088.56,0.540692034,5647.528297,2.146523078,10445,2.83867694,5643.289757,4.206273349,1988,1.556440152,8.64,0.001462338,15.29898153,0.029724183,10462,0.6708719,10.0630785,0.423530059,15
"KCAE20150619_102913",3214.86,"2015","06","19",0.551593759,3201.86,0.453914198,4747.942506,1.913466268,10460,2.847259943,4743.535066,4.022696242,1666,1.556650248,13,0.00195444,20.44148355,0.04530891,10459,1.169698593,15.20608171,0.556776126,13
"KCAE20150619_103852",3414,"2015","06","19",0.551408565,3373.93,0.515318224,5391.774574,2.263836619,10463,3.253237088,5387.360618,4.846240533,1656,1.555719882,40.07,0.005998274,62.74794017,0.128489152,10461,1.513791201,57.52406564,1.524425546,38
"KCAE20150619_104831",3586.43,"2015","06","19",0.553227831,3575.01,0.545376688,5705.730914,2.360165236,10462,3.003919255,5701.438746,4.830105327,1898,1.555663905,11.42,0.00188246,19.67924036,0.029793121,10454,0.60216073,14.45185751,0.162919223,24
"KCAE20150619_105810",2814.43,"2015","06","19",0.548494321,2804.35,0.431652982,4516.816802,1.943799294,10464,2.984345353,4512.330174,4.305989797,1512,1.556453491,10.08,0.001644109,17.16285699,0.038276618,10439,0.918267607,11.93747889,0.602529884,13
"KCAE20150619_110749",1847.5,"2015","06","19",0.54756481,1831.29,0.29022446,3036.328296,1.323047238,10462,2.337498007,3031.734915,3.056318004,1297,1.55714844,16.21,0.002943022,30.78695016,0.055851826,10461,0.774562718,25.56056969,0.63538678,33
"KCAE20150619_111728",1321.27,"2015","06","19",0.548291723,1296.73,0.197842583,2069.235575,0.843155441,10459,2.014153536,2064.507374,1.897226074,1025,1.556312204,24.54,0.00433508,45.34927097,0.054820387,10461,0.668940376,40.13642255,0.284643132,60
"KCAE20150619_112708",1029.38,"2015","06","19",0.550748652,1008.39,0.146917901,1536.614324,0.74705914,10459,1.958777923,1531.764336,1.980037938,782,1.556587679,20.99,0.0035803,37.44277725,0.046298757,10458,0.657671823,32.22591934,0.167874294,49
"KCAE20150622_100058",6867.24,"2015","06","22",0.548551775,6758.42,0.968406747,10129.53458,2.259733041,10460,3.470100968,10125.75462,3.102626176,2918,1.557211883,108.82,0.017818818,186.2244705,0.119512487,10451,0.767393402,181.1048429,0.240539045,236
"KCAE20150622_101036",12748.12,"2015","06","22",0.547650395,12618.3,1.72608497,18058.30096,2.822694342,10462,3.857992114,18055.4031,3.096429021,4680,1.557363487,129.82,0.020562717,215.0448977,0.135130401,10458,0.801277835,209.9347927,0.322528478,262
"KCAE20150622_102015",11629.27,"2015","06","22",0.55111609,11406.4,1.542310172,16114.05667,2.449644511,10448,3.357904328,16111.22497,2.640381764,4798,1.558782409,222.87,0.034362755,359.125152,0.181894976,10451,0.876459712,354.0897238,0.344179011,404
"KCAE20150622_102955",8117.85,"2015","06","22",0.548384854,7195.93,1.00248892,10481.02166,1.835980738,10455,2.683159764,10477.73888,2.125196859,3905,1.557402899,921.92,0.149696926,1565.231057,0.523439374,10456,1.284444103,1560.599586,0.949446077,1215
"KCAE20150622_103934",4312.68,"2015","06","22",0.548198343,3329.85,0.532601522,5571.011917,1.345634262,10460,2.262089769,5567.002921,1.945654792,2461,1.557361156,982.83,0.162791635,1701.335382,0.604105062,10451,1.433015945,1696.690879,1.184297563,1184
"KCAE20150622_104914",2653.21,"2015","06","22",0.54770539,2156.64,0.378951542,3962.317318,1.146887825,10456,2.19157367,3957.982049,1.909201613,1806,1.557453071,496.57,0.081261401,849.6692102,0.434302399,10456,1.369105396,844.738029,1.198290605,617
"KCAE20150622_105853",1833.54,"2015","06","22",0.548511124,1686.66,0.304965424,3185.973783,1.027044457,10447,2.048626029,3181.516223,1.877794428,1553,1.558270531,146.88,0.023137508,241.9257869,0.187683531,10456,1.172210955,236.786613,0.692208327,202
"KCAE20150622_110833",1246.2,"2015","06","22",0.548961729,1191.25,0.226632546,2371.029697,0.794474229,10462,1.835866801,2366.432307,1.473304626,1289,1.558845428,54.95,0.008859631,92.54770257,0.115062406,10446,1.134427171,87.35089214,0.725559634,77
"KCAE20150622_111813",1275.64,"2015","06","22",0.54874986,1226.06,0.229411301,2398.953971,0.796330936,10457,1.83055704,2394.368609,1.463118459,1308,1.558740077,49.58,0.006539546,68.37095296,0.090939473,10455,1.018743775,63.16211404,0.608046401,62
"KCAE20150622_112754",1454.06,"2015","06","22",0.5483671,1432.4,0.252579877,2642.49067,0.908385299,10462,1.906026656,2637.940892,1.757432532,1384,1.558779569,21.66,0.00279438,29.22921102,0.045684072,10460,0.827631965,24.00132698,0.270124639,29
"KCAE20150622_113734",1213.63,"2015","06","22",0.548254349,1187.23,0.218285361,2281.736882,0.70013602,10453,1.631230393,2277.197629,1.169169068,1396,1.559367156,26.4,0.003538594,37.01015653,0.063324271,10459,0.963175104,31.78477843,0.598180408,33
"KCAE20150622_114715",1317.93,"2015","06","22",0.548707805,1287.72,0.232824012,2435.571991,0.765985957,10461,1.656038702,2431.064815,1.351200001,1468,1.559035002,30.21,0.004103337,42.86345963,0.058430419,10446,0.875572299,37.64960884,0.261348831,43
"KCAE20150622_115654",1271.36,"2015","06","22",0.546757867,1216.67,0.218967839,2289.965662,0.702399447,10458,1.630119051,2285.42691,1.175234039,1402,1.560489389,54.69,0.006711531,70.17576308,0.114584041,10456,0.969685506,64.96892891,1.06413927,67
"KCAE20150622_120851",1213.91,"2015","06","22",0.551781685,1160.96,0.215770037,2256.307274,0.762642131,10457,1.701987475,2251.72943,1.438574954,1323,1.55720386,52.95,0.007340382,76.80241758,0.079468734,10463,0.883939404,71.59909172,0.204399978,81
"KCAE20150622_121832",1209.04,"2015","06","22",0.549142742,1113.83,0.196885035,2058.236156,0.698385495,10454,1.644213553,2053.622727,1.305501646,1249,1.558676372,95.21,0.01278534,133.6835152,0.113561262,10456,0.973554986,128.5092582,0.295321305,132
"KCAE20150622_122813",1085.58,"2015","06","22",0.54783681,993.12,0.173443265,1812.655568,0.656554078,10451,1.599985842,1807.984001,1.306199973,1130,1.558984438,92.46,0.012638938,132.1780124,0.106697229,10458,0.907191161,127.0067625,0.198812952,140
"KCAE20150622_123753",1773.29,"2015","06","22",0.547688676,1670.08,0.269040461,2814.163225,1.007487909,10460,1.928380945,2809.651036,2.022412621,1457,1.557800982,103.21,0.013318429,139.2974531,0.131351599,10459,0.986203656,134.1236973,0.608664357,136
"KCAE20150622_124734",1227.81,"2015","06","22",0.54861148,1087.11,0.184104777,1922.422083,0.685425977,10442,1.636327711,1917.776077,1.345863129,1172,1.556526261,140.7,0.018975302,198.3867854,0.147357792,10455,0.975990444,193.2461079,0.462595897,198
"KCAE20150622_125715",1193.04,"2015","06","22",0.54822418,1069.18,0.188693115,1973.918671,0.782215101,10461,1.702035977,1969.255625,1.720218428,1157,1.558301728,123.86,0.016537241,172.6487922,0.128265393,10440,0.951730718,167.5046064,0.294480852,176
"KCAE20150623_100124",15394.1,"2015","06","23",0.557977754,15184.29,2.053784632,21474.37212,4.842819784,10456,6.096222852,21470.89688,6.707515214,3522,0.919661568,209.81,0.02494965,261.0232332,0.242897541,10462,1.895166464,255.8474727,1.017852174,135
"KCAE20150623_100546",23154.32,"2015","06","23",0.558761585,22370.99,3.015679253,31580.19314,6.440308704,10472,7.697952359,31577.00058,8.357840374,4102,0.915832286,783.33,0.108741724,1138.417104,0.570136451,10469,1.967810519,1133.458859,1.501327197,576
"KCAE20150623_101009",26638.4,"2015","06","23",0.558960947,25309.49,3.379322239,35354.46927,6.490813169,10462,7.840205301,35351.4857,7.923772053,4509,0.914315336,1328.91,0.203135576,2124.594992,0.757747027,10459,2.054137887,2119.870299,1.421005239,1032
"KCAE20150623_101432",27138.83,"2015","06","23",0.557872289,24693.72,3.252297932,34048.30705,6.033495737,10469,7.310584959,34045.39415,7.222989085,4657,0.916440332,2445.11,0.367452308,3842.081334,1.144376638,10456,2.398526762,3837.64282,1.920713655,1600
"KCAE20150623_101853",25718.07,"2015","06","23",0.559174383,22252.59,2.898623114,30325.39502,5.394821008,10462,6.364932673,30322.53925,6.469601279,4764,0.914449496,3465.48,0.501345706,5242.572046,1.358575892,10457,2.655002521,5238.319974,2.016604856,1973
"KCAE20150623_102314",24084.84,"2015","06","23",0.559188347,19649.34,2.55840582,26760.92487,4.698284677,10460,5.71386494,26758.02951,5.592686023,4683,0.917716876,4435.5,0.608023665,6363.575675,1.65453085,10466,2.855611313,6359.446394,2.539600417,2227
"KCAE20150623_102735",21913.34,"2015","06","23",0.558666233,17292.63,2.279250252,23843.23688,3.945061076,10461,5.102811539,23840.33551,4.52132238,4672,0.91664434,4620.71,0.611890484,6406.493369,1.794641627,10470,2.98198509,6402.321988,2.939777146,2147
"KCAE20150623_103159",19769.95,"2015","06","23",0.55808101,15250.94,2.033090356,21278.32367,3.558168552,10466,4.696544949,21275.34862,4.091925565,4530,0.914421574,4519.01,0.585782579,6131.386255,1.642764527,10467,2.90250987,6127.198335,2.58061853,2111
"KCAE20150623_103622",18506.45,"2015","06","23",0.557761674,14779.82,2.011093342,21044.08073,3.802130634,10464,4.789674032,21041.03802,4.596592562,4393,0.913933113,3726.63,0.483545475,5058.369217,1.485495499,10461,2.784592811,5054.035952,2.512873858,1815
"KCAE20150623_104046",16059.61,"2015","06","23",0.558292477,13371.71,1.841394238,19266.50791,3.889518748,10463,4.665375004,19263.33339,5.016431875,4129,0.91545078,2687.9,0.352799206,3691.338097,1.23534949,10463,2.565632833,3686.814381,2.331990091,1437
"KCAE20150623_104508",13408.53,"2015","06","23",0.557515955,10604.78,1.46389152,15303.52195,2.867202086,10454,4.054100165,15300.17402,3.50331252,3774,0.915548259,2803.75,0.34507249,3610.148395,1.453357846,10462,2.857002752,3605.537473,3.21586166,1262
"KCAE20150623_104930",9593.18,"2015","06","23",0.558790344,8236.16,1.145408811,11998.15729,2.352773299,10475,3.539275857,11994.60588,2.939263338,3389,0.914136992,1357.02,0.176220312,1843.96935,0.975915638,10464,2.550743804,1839.086283,2.788613811,721
"KCAE20150623_105353",7365.08,"2015","06","23",0.558359197,6434.17,0.915505408,9575.271063,1.99945158,10459,3.133080286,9571.560273,2.59633043,3055,0.915675323,930.91,0.121540693,1271.558732,0.89064551,10462,2.354247118,1266.584949,3.191840128,538
"KCAE20150623_105816",6504.12,"2015","06","23",0.558764102,5873.12,0.839988209,8783.756702,1.855718711,10457,3.052836301,8779.957202,2.401573467,2876,0.917097169,631,0.080651602,844.5835766,0.487206978,10472,2.067829128,839.5386259,1.420832683,406
"KCAE20150623_110240",5894.59,"2015","06","23",0.559059059,5277.81,0.771959469,8080.871723,1.818940593,10468,3.075758344,8076.941412,2.470852779,2626,0.92062645,616.78,0.076364213,798.3878429,0.482170106,10455,2.098776135,793.3373792,1.480517004,378
"KCAE20150623_110701",5174.02,"2015","06","23",0.559135726,4780.76,0.689620755,7207.916132,1.725581819,10452,2.94517728,7203.903627,2.466395143,2446,0.915789223,393.26,0.046864316,490.2007498,0.369977344,10460,1.932606093,485.0841293,1.438270587,251
"KCAE20150623_111125",4861.92,"2015","06","23",0.558743239,4543.94,0.634432242,6634.892385,1.622704636,10458,2.833685362,6630.823747,2.353422695,2340,0.918409443,317.98,0.03707036,387.6818267,0.303370397,10458,1.941823069,382.5391445,1.09250911,197
"KCAE20150623_111547",5387.91,"2015","06","23",0.559753261,4952.13,0.681123679,7129.321543,1.694188892,10467,2.944334087,7125.288489,2.398585995,2420,0.91625735,435.78,0.044667214,467.308392,0.357406944,10462,2.221967395,462.1692181,1.263059516,208
"KCAE20150623_112009",4352.32,"2015","06","23",0.55839675,3926.05,0.549711235,5749.429806,1.564346449,10459,2.774131264,5745.225847,2.488147739,2071,0.915815496,426.27,0.042521954,445.1623358,0.390048953,10469,2.352989993,440.0091287,1.76002817,187
"KCAE20150623_112431",3896.61,"2015","06","23",0.55868537,3687.99,0.512240554,5363.670844,1.45151838,10471,2.730212299,5359.406743,2.2772275,1963,0.916686312,208.62,0.020325293,212.8058173,0.231557449,10470,2.185326313,207.6059998,1.091415467,95
"KCAE20150623_112853",3245.4,"2015","06","23",0.560452305,2913.44,0.411431859,4306.457267,1.245809677,10467,2.447151551,4302.092427,2.064361159,1758,0.915670029,331.96,0.02901439,304.0127735,0.298024358,10478,2.490178967,298.8214761,1.280922738,120
"KCAE20150623_113315",3229.27,"2015","06","23",0.558945325,2754.64,0.373451726,3907.425413,1.176711583,10463,2.501899579,3902.963343,1.991099511,1560,0.915471812,474.63,0.037769759,395.4116121,0.418163288,10469,3.279196002,390.2243242,2.189632824,119
"KCAE20150623_113737",3050.13,"2015","06","23",0.559122554,2566.28,0.363257197,3802.576335,1.144687623,10468,2.42226771,3798.115769,1.93978762,1568,0.916609283,483.85,0.038656715,404.5038674,0.366479249,10464,2.936232395,399.3276057,1.356384371,136
"KCAE20150623_114200",2985.22,"2015","06","23",0.559082876,2635.75,0.369537246,3869.794038,1.192337916,10472,2.503445232,3865.319438,2.074397018,1544,0.917832164,349.47,0.028501212,298.4076897,0.304833663,10470,2.665594454,293.2153899,1.353642164,110
"KCAE20150623_114624",3014.06,"2015","06","23",0.559119252,2479.89,0.350108169,3662.831663,1.226995382,10462,2.578082753,3658.299427,2.315125753,1419,0.922521563,534.17,0.043194578,451.9016753,0.422835665,10462,3.0598043,446.7314278,1.899053394,146
"KCAE20150623_115046",2629.78,"2015","06","23",0.556376042,2173.54,0.316394649,3306.32408,1.327163021,10450,2.543711259,3301.737215,2.919097128,1298,0.926053283,456.24,0.035840262,375.0325056,0.412485252,10464,3.331925353,369.8437142,2.259051611,111
"KCAE20150623_115509",2088.74,"2015","06","23",0.554884959,1771.23,0.265094107,2771.823984,1.013185239,10456,2.268192638,2767.195018,2.063547737,1220,0.922249583,317.51,0.026614866,278.4447272,0.36937754,10462,2.760110342,273.2509239,2.635127435,99
"KCAE20150623_115930",1620.84,"2015","06","23",0.556497976,1435.61,0.222907757,2330.500598,0.811720011,10455,2.074774769,2325.822516,1.518327315,1121,0.928853265,185.23,0.015414336,161.3418532,0.235049936,10467,2.739026213,156.1244941,1.65338285,57
"KCAE20150623_120351",1205.43,"2015","06","23",0.55899799,1062.17,0.161649588,1690.531387,0.672897288,10458,2.026090095,1685.706959,1.384419967,832,0.916303051,143.26,0.012552351,131.2599337,0.188919593,10457,2.423943857,126.0450806,1.165684639,52
"KCAE20150623_120815",860.03,"2015","06","23",0.559242259,789.58,0.122989952,1287.212838,0.542817773,10466,1.763867642,1282.331775,1.161819364,727,0.919438752,70.45,0.006785273,70.96716988,0.12066966,10459,1.878365547,65.74279415,0.927846925,35
"KCAE20150623_121450",630.28,"2015","06","23",0.560469146,558.41,0.082574422,864.0587549,0.451951965,10464,1.859406667,859.0458802,1.151448623,462,0.917538425,71.87,0.008689524,90.94455309,0.127080735,10466,1.53084275,85.72719399,0.837284062,56
"KCAE20150623_121911",855.84,"2015","06","23",0.554000051,656.26,0.098265476,1026.874227,0.485472613,10450,1.82811625,1021.916984,1.116333039,559,0.919504527,199.58,0.018106728,189.2515189,0.23154723,10452,2.140188512,184.0562121,1.413507518,86
"KCAE20150623_122334",683.38,"2015","06","23",0.556372444,572.17,0.085940698,898.9397033,0.425998237,10460,1.677231553,893.9644176,0.945815334,533,0.927367481,111.21,0.009961769,104.1801756,0.18665257,10458,2.748800063,98.95680226,1.633017037,36
"KCAE20150623_122756",584.08,"2015","06","23",0.556064295,541.66,0.084527991,884.0782585,0.468515584,10459,1.827603768,879.0774123,1.26138509,481,0.92351444,42.42,0.005211249,54.49924085,0.098233285,10458,1.589463276,49.27336156,0.873134621,31
"KCAE20150623_123217",475.96,"2015","06","23",0.551957199,431.11,0.066630774,697.157789,0.396045237,10463,1.725972177,692.114843,1.110025358,401,0.92104966,44.85,0.005153312,53.89333553,0.094241732,10458,1.431439994,48.66895981,0.843554928,34
"KCAE20150623_123639",498.07,"2015","06","23",0.552717811,444.71,0.068823865,720.2417486,0.403417775,10465,1.806048723,715.1952943,1.080158047,396,0.925888336,53.36,0.0051647,54.0640848,0.111598113,10468,2.123008006,48.82918414,1.107193895,23
"KCAE20150623_124100",413.1,"2015","06","23",0.557199112,385.31,0.060555017,633.5265826,0.36330731,10462,1.653877929,628.4736129,1.000939484,380,0.928850614,27.79,0.003152355,33.01460893,0.069592759,10473,1.461852505,27.77519759,0.753351575,19
"KCAE20150623_124522",309.12,"2015","06","23",0.556634673,286.05,0.045897038,480.0371229,0.317496795,10459,1.746071796,474.9315285,0.954646151,272,0.926746796,23.07,0.002606101,27.27545018,0.060461084,10466,1.296384987,22.03854478,0.780755777,17
"KCAE20150623_124944",261.1,"2015","06","23",0.558451554,233.86,0.037534692,392.7254865,0.271127376,10463,1.502367716,387.6108707,0.885390269,258,0.925212678,27.24,0.003053116,31.93559751,0.090135275,10460,2.053822652,26.69969448,1.587219898,13
"KCAE20150623_125407",252.29,"2015","06","23",0.558599428,216.14,0.034291027,358.3069379,0.262183219,10449,1.542291722,353.1848044,0.902642532,229,0.928204011,36.15,0.002978256,31.15851419,0.081183267,10462,2.356418764,25.92060641,0.891959722,11
"KCAE20150623_125828",245.22,"2015","06","23",0.557276852,186.43,0.029473133,308.6721172,0.23554793,10473,1.495196672,303.5249243,0.82137794,203,0.922592248,58.79,0.005649797,59.06298134,0.117575334,10454,2.153443987,53.83609968,1.097343255,25
"KCAE20150624_100206",3828.6,"2015","06","24",0.551340508,3643.06,0.416724469,4359.771394,1.840013816,10462,4.399014292,4355.024149,4.275201974,990,1.511849542,185.54,0.03687608,385.7975508,0.203261286,10462,1.034615671,380.7385668,0.37823578,368
"KCAE20150624_100759",6877.39,"2015","06","24",0.550857012,6698.64,0.798501114,8356.314155,2.487402048,10465,4.21821292,8352.061581,4.275994182,1980,1.509716664,178.75,0.035585366,372.3652673,0.200661033,10464,1.049417885,367.2962596,0.375053305,350
"KCAE20150624_101349",7255.19,"2015","06","24",0.550372421,7088.77,0.862964164,9031.782939,2.141385767,10466,3.5389322,9027.816042,3.057159839,2551,1.508826324,166.42,0.032214065,337.1846134,0.189676425,10467,1.025003306,332.1010712,0.38142496,324
"KCAE20150624_101940",7583.63,"2015","06","24",0.55027368,7442.22,0.923975451,9665.707196,2.01260701,10461,3.231425695,9661.962827,2.591781226,2990,1.510311501,141.41,0.02748017,287.6074591,0.170994178,10466,0.980924915,282.5063754,0.35793461,288
"KCAE20150624_102532",6914.29,"2015","06","24",0.550355732,6776.88,0.876125272,9161.641974,1.848184761,10457,3.083464507,9157.889585,2.285174489,2970,1.509873795,137.41,0.026121699,273.206845,0.171753336,10459,1.047239186,268.0932317,0.369838592,256
"KCAE20150624_103125",5755.93,"2015","06","24",0.551152973,5609.07,0.736903111,7710.95415,1.605475753,10464,2.828284573,7707.075462,1.996082084,2725,1.508760707,146.86,0.026546902,277.7071368,0.190420528,10461,1.103595184,272.5880104,0.590652967,247
"KCAE20150624_103717",4483.58,"2015","06","24",0.552838197,4281.96,0.591688376,6188.468726,1.387762884,10459,2.578994435,6184.428655,1.81001592,2398,1.510065708,201.62,0.032663536,341.7585731,0.222572543,10463,1.210985544,336.6539811,0.662969895,278
"KCAE20150624_104308",3434.17,"2015","06","24",0.551330409,3218.67,0.462390934,4838.458734,1.178185536,10464,2.357017185,4834.242246,1.618004939,2051,1.508101958,215.5,0.03408753,356.5896534,0.229125656,10461,1.306622874,351.4815532,0.617027861,269
"KCAE20150624_104901",2736.77,"2015","06","24",0.55303881,2498.32,0.370828743,3879.610314,1.005574882,10462,2.167373051,3875.263016,1.422792131,1788,1.506472941,238.45,0.038827206,406.2102267,0.245376494,10462,1.306581988,401.1206704,0.630191609,307
"KCAE20150624_105451",2011.12,"2015","06","24",0.552503428,1827.91,0.284918777,2981.390082,0.857483953,10464,2.051600883,2976.872882,1.295966704,1451,1.509052517,183.21,0.03009585,314.8025877,0.222405905,10460,1.295732021,309.6799529,0.726328029,239
"KCAE20150624_110042",1475,"2015","06","24",0.553042223,1345.45,0.225951566,2363.905283,0.751603785,10462,1.943385752,2359.270303,1.237853996,1214,1.504576377,129.55,0.019383033,202.8628205,0.187044679,10466,1.422209064,197.6870599,0.802634471,139
"KCAE20150624_110632",1078.95,"2015","06","24",0.552236191,948.78,0.160073288,1675.327029,0.606970383,10466,1.773411594,1670.553722,1.110779902,942,1.505803491,130.17,0.021775503,227.815314,0.171109603,10462,1.203592502,222.6646128,0.484785371,185
"KCAE20150624_111223",865.55,"2015","06","24",0.551663643,735.17,0.127532627,1334.11881,0.531645864,10461,1.73532611,1329.2598,1.035281542,766,1.506984611,130.38,0.02210667,231.2799802,0.170844208,10462,1.183938671,226.1322861,0.474155632,191
"KCAE20150624_111816",738.13,"2015","06","24",0.551904421,634.14,0.110234209,1153.270299,0.48939658,10462,1.664308257,1148.372697,1.0232316,690,1.505067365,103.99,0.017566713,183.8005192,0.157295536,10463,1.175215642,178.6327776,0.587641794,152
"KCAE20150624_112408",601.58,"2015","06","24",0.552530899,459.73,0.079507662,832.1271879,0.402771659,10466,1.644401311,827.1338595,0.896765659,503,1.51271025,141.85,0.023621225,247.0780151,0.185957725,10460,1.234356272,241.9338293,0.594316104,196
"KCAE20150624_113000",496.4,"2015","06","24",0.552155399,342.27,0.06241991,653.0370935,0.373814178,10462,1.640485169,647.9916416,1.05619815,395,1.50710756,154.13,0.024571056,256.9149644,0.190827133,10456,1.234199965,251.7767929,0.613019488,204
"KCAE20150624_113552",489.43,"2015","06","24",0.551880775,343.29,0.062577915,654.6275713,0.349812502,10461,1.56528348,649.5926444,0.857115114,415,1.507889291,146.14,0.023231121,242.9742911,0.181750261,10459,1.201169742,237.8316089,0.576294013,198
"KCAE20150624_114144",432.26,"2015","06","24",0.552791507,358.44,0.063144547,660.6182466,0.352531514,10462,1.583532167,655.5823173,0.857460186,414,1.509978635,73.82,0.01128483,118.0393248,0.117058149,10460,1.187837043,112.8445191,0.335872161,95
"KCAE20150624_114734",455.34,"2015","06","24",0.552083462,277.41,0.050656873,530.0735194,0.324546135,10464,1.590892388,524.994488,0.944845891,330,1.509398889,177.93,0.029143609,305.0461562,0.192036478,10467,1.185482331,299.9270298,0.394881075,253
"KCAE20150624_115325",465.98,"2015","06","24",0.550867544,291.53,0.050619148,529.6281466,0.331074049,10463,1.551933804,524.5536258,1.032806627,338,1.507226786,174.45,0.028217789,295.2709484,0.187638058,10464,1.165266348,290.1513208,0.394557158,249
"KCAE20150624_115917",387.9,"2015","06","24",0.551196393,206.77,0.03836278,401.2363125,0.263217129,10459,1.483626263,396.1282122,0.75654553,267,1.509196518,181.13,0.027995928,292.697423,0.198684699,10455,1.25031645,287.5727835,0.517437458,230
"KCAE20150624_120509",402.67,"2015","06","24",0.553193424,177.43,0.032494682,340.1218314,0.243674233,10467,1.450180428,334.9916789,0.798619089,231,1.504919089,225.24,0.03558504,372.3974426,0.221770848,10465,1.27533632,367.2968602,0.455190271,288
"KCAE20150624_121100",378.54,"2015","06","24",0.551662817,196.98,0.033708346,352.5892957,0.26744525,10460,1.623617436,347.4541313,0.958898369,214,1.508783022,181.56,0.02840939,297.1053994,0.195956284,10458,1.226820445,291.9832659,0.467346892,238
"KCAE20150624_121651",361.87,"2015","06","24",0.551137929,146.53,0.026618809,278.6723097,0.225600852,10469,1.478476217,273.5181002,0.859100853,185,1.514033261,215.34,0.032754511,342.6776986,0.217423979,10462,1.313475031,337.5630829,0.493575134,257
"KCAE20150624_122444",410.89,"2015","06","24",0.553327109,151.62,0.028174808,294.8775433,0.225547292,10466,1.493450248,289.729348,0.747986124,194,1.505004364,259.27,0.038431797,402.1118945,0.26987449,10463,1.412842726,397.0088061,0.87934882,281
"KCAE20150624_123035",352.72,"2015","06","24",0.551436391,144.87,0.026699039,279.3520469,0.216301051,10463,1.420750539,274.204854,0.747759864,193,1.50217764,207.85,0.029765195,311.3141787,0.21256052,10459,1.342923386,306.1865321,0.557653174,228
"KCAE20150624_123626",369.8,"2015","06","24",0.555131833,177.31,0.030696605,321.2706695,0.25050311,10466,1.557275788,316.126985,0.928802366,203,1.5057315,192.49,0.028094472,293.952457,0.207380305,10463,1.40199893,288.8117795,0.50979198,206
"KCAE20150624_124217",331.21,"2015","06","24",0.552627696,156.67,0.026570183,277.8444033,0.2800564,10457,1.623140999,272.6876878,1.518054816,168,1.521423252,174.54,0.026316663,275.4038772,0.197077589,10465,1.32480978,270.261195,0.523430246,204
"KCAE20150624_124807",280.38,"2015","06","24",0.550364748,83.85,0.015646581,163.7258276,0.161713132,10464,1.415513726,158.5375374,0.682908689,112,1.519682237,196.53,0.029170017,305.3225636,0.206742452,10467,1.316626787,300.1909075,0.518412917,228
"KCAE20150624_125359",242.53,"2015","06","24",0.551530156,79.02,0.013695666,143.3114451,0.148838574,10464,1.34095771,138.1186441,0.689805993,103,1.510150804,163.51,0.021391611,223.8418128,0.185953548,10464,1.438641908,218.67357,0.586774501,152
"KCAE20150624_125949",245.53,"2015","06","24",0.552518171,62.27,0.010489134,109.7478125,0.132092293,10463,1.432061331,104.5404771,0.687033291,73,1.517659021,183.26,0.026116647,273.2845994,0.203355694,10464,1.334034402,268.1409149,0.640732265,201
"KCAE20150625_100421",134287.3,"2015","06","25",0.556727668,53142.24,7.059915866,73959.67861,31.13684687,10476,17.91581809,73956.49707,47.6048683,4128,0.918496579,81145.06,10.3384662,108274.7565,41.25625297,10473,23.44053313,108271.8225,59.60315339,4619
"KCAE20150625_100855",99459.81,"2015","06","25",0.554557253,55395.4,7.538791171,78780.36774,26.8250562,10450,18.44037252,78777.27141,39.4891162,4272,0.921685202,44064.41,5.538900715,58042.14059,25.07273221,10479,14.12483525,58038.94803,38.49850117,4109
"KCAE20150625_101327",86050.39,"2015","06","25",0.555195497,55872.12,7.192687792,75350.59731,25.84282505,10476,15.88274125,75347.7245,36.56385588,4744,0.920489061,30178.27,3.394289388,35511.05558,13.93282851,10462,9.322058593,35507.72118,21.86341455,3809
"KCAE20150625_101800",112575.18,"2015","06","25",0.553837271,88552.57,12.58971573,131763.9648,42.04867289,10466,22.81586385,131761.6138,54.50868026,5775,0.923756421,24022.61,2.669260046,27944.48342,7.795826108,10469,7.557773704,27941.08938,11.62651986,3697
"KCAE20150625_102248",102654.95,"2015","06","25",0.554500141,81533.82,10.90792339,114249.5896,37.54284388,10474,19.62336964,114247.258,48.62945144,5822,0.922478735,21121.13,2.372248248,24816.08892,6.520182502,10461,6.276961091,24812.82719,9.381215191,3953
"KCAE20150625_102721",102988.01,"2015","06","25",0.552295523,83049.07,10.97878566,114892.9919,36.98964658,10465,18.5427457,114890.8524,46.59199681,6196,0.924405439,19938.94,2.296448109,24030.03302,5.644802216,10464,5.595468256,24026.94069,7.693956758,4294
"KCAE20150625_103155",82629.13,"2015","06","25",0.553680137,64037.14,8.297294931,86864.38063,29.78311181,10469,14.85583447,86862.06414,38.61217163,5847,0.919499005,18591.99,2.170879084,22709.56609,5.030999552,10461,5.200758442,22706.51136,6.700280289,4366
"KCAE20150625_103628",66005,"2015","06","25",0.554667967,49219.3,6.001344529,62858.0826,28.46543068,10474,12.3052845,62855.39323,39.80038734,5108,0.923263681,16785.7,1.994886845,20886.46527,5.672840773,10470,4.866783602,20883.36843,8.034533116,4291
"KCAE20150625_104103",40565.71,"2015","06","25",0.551903337,29712.41,3.527384601,36956.40846,11.77832709,10477,7.724405352,36953.5552,16.47507201,4784,0.92359032,10853.3,1.358280822,14210.33396,2.914887809,10462,3.773433601,14206.97751,3.807787644,3765
"KCAE20150625_104535",16356.1,"2015","06","25",0.554652608,11836.99,1.573563227,16465.7656,5.97339111,10464,4.786927817,16462.24476,9.654304643,3439,1.510083187,4519.11,0.705509971,7383.867353,2.03733802,10466,3.207203459,7379.775159,3.295484962,2301
"KCAE20150625_105124",9500.68,"2015","06","25",0.555418697,6493.59,0.881068612,9216.858747,2.397637825,10461,3.338043154,9212.999104,3.686635872,2760,1.502965063,3007.09,0.491991404,5149.182036,1.527134626,10466,2.689438255,5144.895381,2.617761943,1913
"KCAE20150625_105713",7617.61,"2015","06","25",0.552723512,5935.35,0.829653643,8679.836411,2.549374879,10462,3.40230236,8675.871018,4.232949328,2550,1.50382572,1682.26,0.287568967,3008.834101,1.130305163,10463,2.409154097,3004.215159,2.36917264,1247
"KCAE20150625_110302",5621.2,"2015","06","25",0.553886519,4707.53,0.707940108,7408.593226,2.196975894,10465,3.304092576,7404.471462,3.73726409,2241,1.510305142,913.67,0.155441779,1626.542775,0.700426928,10464,2.095201901,1621.686271,1.603761647,774
"KCAE20150625_110851",5073.69,"2015","06","25",0.555923319,4423.14,0.656883364,6874.941291,2.069789945,10466,3.138781619,6870.792964,3.563378384,2189,1.512142816,650.55,0.102350796,1070.589328,0.601349818,10460,1.999275876,1065.614042,1.819545653,533
"KCAE20150625_111440",5575.16,"2015","06","25",0.557200586,4197.11,0.60384095,6315.572497,2.187970218,10459,3.155666477,6311.332954,4.121820433,2000,1.509078135,1378.05,0.152082171,1590.931594,0.886626432,10461,2.802071284,1585.972347,2.667608232,566
"KCAE20150625_112032",8852.62,"2015","06","25",0.552828218,3865.83,0.539096971,5638.415225,1.903852203,10459,3.266108902,5634.037855,3.616225075,1725,1.519667326,4986.79,0.466388378,4879.821604,2.74537159,10463,7.850062671,4874.888919,8.314433805,621
"KCAE20150625_112622",17530.41,"2015","06","25",0.556157005,3166.7,0.421849941,4413.81593,1.65309157,10463,3.195118584,4409.263646,3.444733631,1380,1.506679814,14363.71,1.314292955,13750.1329,7.537410237,10462,14.95685535,13745.35007,21.05084118,919
"KCAE20150625_113211",43195.72,"2015","06","25",0.551591486,3017.01,0.393941649,4121.417529,1.970589691,10462,3.405111699,4116.780044,4.83399106,1209,1.50344624,40178.71,3.668400525,38378.8063,26.15148892,10462,27.58753417,38374.26003,66.98233109,1391
"KCAE20150625_113802",101858.79,"2015","06","25",0.550864542,8013.19,0.833154805,8716.465566,3.883754722,10462,5.934576218,8711.957888,8.790115331,1468,1.503742365,93845.6,8.75166244,91489.87914,57.56550093,10454,58.60693279,91485.42209,138.8552626,1561
"KCAE20150625_114352",111625.16,"2015","06","25",0.551880548,16120.26,1.576752409,16497.56045,8.577927877,10463,11.44555083,16493.03874,20.53187682,1441,1.504877646,95504.9,8.800842725,91916.00142,53.58895288,10444,48.60482008,91911.71476,118.0340309,1891
"KCAE20150625_114941",117610.6,"2015","06","25",0.555627271,25565.2,2.318350468,24256.90095,13.88701353,10463,16.21150187,24252.4068,33.52886051,1496,1.52058117,92045.4,8.168725532,85453.03779,41.64604611,10461,34.11139734,85449.05034,79.74852728,2505
"KCAE20150625_115535",97737.03,"2015","06","25",0.556352883,24093.91,1.979095074,20717.16724,12.42607413,10468,13.44107277,20712.69314,29.92177925,1541,1.504322608,73643.12,6.087309668,63709.78298,25.349692,10466,24.19516034,63705.85718,46.00832815,2633
"KCAE20150625_120124",101749.72,"2015","06","25",0.555414411,26353.87,2.033891382,21288.74109,12.40582334,10467,13.48814071,21284.28604,29.44183288,1578,1.501661247,75395.85,6.57520411,68809.51102,30.85013586,10465,26.24164005,68805.5802,57.30091279,2622
"KCAE20150625_120713",134741.21,"2015","06","25",0.554745763,45004.38,3.359424107,35139.57616,17.92611481,10460,20.03147823,35135.21282,39.78831634,1754,1.503486206,89736.83,8.397697878,87747.54513,42.87438541,10449,33.48993181,87743.62133,80.57638418,2620
"KCAE20150625_121305",121484,"2015","06","25",0.550265531,55487.73,4.081222305,42705.9102,27.05480901,10464,24.62602932,42701.53484,62.55406752,1734,1.50790898,65996.27,6.132681691,64153.98317,27.07661141,10461,25.71141912,64149.99072,50.70759629,2495
"KCAE20150625_121856",114903.53,"2015","06","25",0.552082158,51503.99,3.848120521,40247.49253,28.52922216,10459,23.5064887,40243.10865,67.17494609,1712,1.503470443,63399.54,5.791528033,60573.59169,29.78712124,10459,26.54228461,60569.49349,59.3042286,2282
"KCAE20150625_122447",69409.42,"2015","06","25",0.549853701,27656.47,2.288141008,23943.10751,11.61072326,10464,12.90500959,23938.79279,24.97420804,1855,1.521278421,41752.95,4.022038427,42062.47787,23.30784743,10458,19.35495883,42058.32553,48.15168032,2173
"KCAE20150625_123245",37128.11,"2015","06","25",0.558089087,15533.86,1.368808301,14320.47245,6.139135665,10462,9.159316944,14316.01238,13.45408978,1563,1.50498288,21594.25,2.24638728,23510.68928,17.95166443,10466,17.47666762,23506.11795,47.35944122,1345
"KCAE20150625_123834",18644.38,"2015","06","25",0.55645374,9661.13,0.866289243,9064.850644,4.350132197,10464,6.407577722,9060.314899,10.22729165,1414,1.503173881,8983.25,0.970742576,10160.76254,6.331644789,10467,9.841118059,10156.03384,17.87704053,1032
"KCAE20150625_124425",11903.89,"2015","06","25",0.553436542,4941.62,0.479050361,5010.866771,1.995086213,10460,4.613979854,5006.168141,4.394391716,1085,1.511264766,6962.27,0.780939083,8171.74656,7.007377713,10464,10.76005604,8166.882538,23.88057887,759
"KCAE20150625_125015",8588.46,"2015","06","25",0.552328067,4446.53,0.413353087,4325.740057,1.959445838,10465,4.84954174,4320.941691,4.858589407,891,1.508129452,4141.93,0.445032277,4656.817746,3.568313095,10464,7.651115206,4651.878045,12.81629637,608
"KCAE20150625_125604",5684.12,"2015","06","25",0.549730534,4112.12,0.393232493,4112.818643,1.701146383,10459,4.38893786,4108.045837,3.848984804,936,1.512742166,1572,0.158464491,1657.221648,1.087107559,10458,3.933787453,1652.19073,3.822229116,420
"KCAE20150626_100333",5443.75,"2015","06","26",0.551390324,5404.24,0.614885415,6432.316326,2.151950418,10461,3.696345584,6427.944971,4.058997094,1739,1.558217651,39.51,0.00517868,54.18452509,0.214408696,10463,3.059288879,48.94862206,4.70091861,16
"KCAE20150626_101313",13962.27,"2015","06","26",0.549017328,13955.58,1.616529002,16908.89336,3.147870843,10460,3.79566305,16905.88323,3.873240197,4454,1.557579631,6.69,0.000915896,9.578436567,0.01845032,10458,0.723337934,4.340027601,0.292079859,6
"KCAE20150626_102254",16038.23,"2015","06","26",0.552400173,16028.69,1.853673747,19387.57372,2.669919736,10459,3.346898252,19385.23468,2.806343218,5792,1.555894489,9.54,0.001274186,13.3318129,0.034931713,10463,1.155914169,8.09139918,0.755798392,7
"KCAE20150626_103233",12825.57,"2015","06","26",0.547962409,12744.94,1.540002026,16113.04119,2.226105924,10463,2.815565373,16110.66506,2.338973246,5722,1.558180044,80.63,0.010344402,108.274858,0.121859743,10467,1.241813612,103.0705298,0.589967111,83
"KCAE20150626_104214",9230.94,"2015","06","26",0.551663719,8931.11,1.193844419,12491.19415,1.787637513,10463,2.518845324,12488.43512,1.845831944,4958,1.556003778,299.83,0.040866547,427.0145466,0.280110645,10449,1.465006886,421.9219831,0.873736306,288
"KCAE20150626_105154",6933.73,"2015","06","26",0.547571785,6540.73,0.963945445,10067.44623,1.672177916,10444,2.418139782,10064.29777,1.871123208,4162,1.557780498,393,0.054623787,571.3101834,0.33869649,10459,1.426365837,566.2672375,1.033764683,397
"KCAE20150626_110135",5563.45,"2015","06","26",0.551341958,5353.58,0.828555545,8670.005219,1.620825822,10464,2.39474291,8666.574593,1.961237193,3619,1.558661132,209.87,0.030964011,323.6977673,0.251670753,10454,1.264224822,318.5846551,1.035873783,252
"KCAE20150626_111115",3829.83,"2015","06","26",0.55260432,3724.88,0.638147663,6673.110111,1.374096077,10457,2.191716828,6669.394309,1.756306954,3043,1.556216424,104.95,0.016324282,170.8172903,0.135431665,10464,0.915268409,165.663582,0.489153608,181
"KCAE20150626_112056",3417.91,"2015","06","26",0.547286986,3261.78,0.578364352,6051.426212,1.289047814,10463,2.180091054,6047.572583,1.666343475,2774,1.557425205,156.13,0.023319851,243.878998,0.154722387,10458,0.921881813,238.7673894,0.373022688,259
"KCAE20150626_113035",3199.92,"2015","06","26",0.548083885,2998.99,0.529279909,5535.209284,1.242768538,10458,2.133153662,5531.267446,1.676037373,2593,1.557049457,200.93,0.029825251,312.001947,0.178685959,10461,0.916199776,306.926925,0.4310915,335
"KCAE20150626_114016",2836.28,"2015","06","26",0.547882745,2697.03,0.465113746,4866.950235,1.120489014,10464,1.960866434,4862.948756,1.538053187,2480,1.562831174,139.25,0.021353163,223.3327269,0.141629579,10459,0.897994231,218.2125981,0.277153558,243
"KCAE20150626_114957",2589.36,"2015","06","26",0.548217458,2366.91,0.405334342,4238.58121,0.983856984,10457,1.822860333,4234.504553,1.332084711,2323,1.558288714,222.45,0.031934601,334.0678623,0.197610533,10461,1.044389894,328.9828166,0.490487991,315
"KCAE20150626_115938",2520.31,"2015","06","26",0.547870878,2269.53,0.387713053,4053.927682,0.958645357,10456,1.76309904,4049.838496,1.326434351,2297,1.557750855,250.78,0.035796544,374.1454762,0.206226117,10452,1.054521379,369.0824828,0.443540062,350
"KCAE20150626_120918",2372.13,"2015","06","26",0.545179855,2160.8,0.364936774,3816.143843,1.022586318,10457,1.780465189,3811.97597,1.608856584,2141,1.557882751,211.33,0.029584649,309.514595,0.180961412,10462,1.028444343,304.4195256,0.361927491,296
"KCAE20150626_121859",2210.41,"2015","06","26",0.548614777,1964.62,0.331716922,3465.778403,0.835029206,10448,1.661029978,3461.586473,1.135190913,2084,1.556979204,245.79,0.034479153,360.2381926,0.211221631,10448,1.076264182,355.1671801,0.540890126,330
"KCAE20150626_122840",2301.38,"2015","06","26",0.548285124,2045.33,0.340324395,3555.709274,0.966309984,10448,1.819390977,3551.451187,1.51931905,1952,1.555861879,256.05,0.036834753,385.1073385,0.247379159,10455,1.288187377,380.0152762,0.74778487,295
"KCAE20150626_124035",2121.46,"2015","06","26",0.549868139,1991.59,0.32446586,3393.58843,0.918266537,10459,1.805693789,3389.287241,1.42312095,1877,1.556795994,129.87,0.018042353,188.7049674,0.133233288,10459,0.941337342,183.5607816,0.28942339,195
"KCAE20150626_125017",2077.68,"2015","06","26",0.548098008,1923.65,0.313004982,3274.658121,0.879176132,10462,1.784142595,3270.333377,1.337255473,1833,1.559227713,154.03,0.020377978,213.1332751,0.150433098,10459,1.039957976,207.9915952,0.352335296,200
"KCAE20150626_125958",1796.51,"2015","06","26",0.54786553,1587.25,0.260405367,2724.100546,0.785386238,10461,1.636396269,2719.690599,1.277540577,1662,1.557005201,209.26,0.02868009,299.8790215,0.19285744,10456,1.138101989,294.7684152,0.49015368,259
"KCAE20150627_100415",7341.22,"2015","06","27",0.554278718,7282.76,0.782262112,8191.84884,3.595546435,10472,8.33716148,8187.092573,8.656996831,982,0.920496862,58.46,0.007122328,74.52804136,0.145233,10464,2.566561119,69.29715021,1.291465305,27
"KCAE20150627_100911",10859.37,"2015","06","27",0.552018384,10149.99,1.080447498,11310.12441,4.34568951,10468,8.676539548,11305.53103,9.266351533,1303,0.930549507,709.38,0.085709928,895.9258739,0.637749178,10453,3.204411129,890.8262938,2.306240856,278
"KCAE20150627_101406",13848.65,"2015","06","27",0.552014448,10938.45,1.145872165,11994.98982,4.207301392,10468,7.676393245,11990.52625,8.278509061,1562,0.929735996,2910.2,0.343314582,3592.787103,1.538644269,10465,4.424104367,3587.948642,3.536885378,811
"KCAE20150627_101903",13624.33,"2015","06","27",0.553529722,10049.03,1.03068754,10785.11442,3.936659489,10464,7.060010027,10780.63531,7.979035894,1527,0.919230161,3575.3,0.428648496,4482.805973,1.788789323,10458,4.505093296,4478.062737,3.913390301,994
"KCAE20150627_102358",10368.25,"2015","06","27",0.553077276,6551.2,0.664454835,6954.184303,2.799904269,10466,5.919529192,6949.527271,6.229676206,1174,0.928511289,3817.05,0.460679451,4823.774528,1.813665329,10471,4.409034212,4819.074394,3.757114902,1093
"KCAE20150627_102854",6937.28,"2015","06","27",0.554427065,3404.81,0.337113198,3526.878276,1.655243989,10462,4.884876853,3521.996211,4.190900605,721,0.920645163,3532.47,0.415544462,4348.257247,1.825065125,10464,4.250024498,4343.525037,4.22176866,1022
"KCAE20150627_103351",4850.06,"2015","06","27",0.553516567,1731.99,0.166967047,1747.811045,1.023353883,10468,4.129801227,1742.776118,3.103941373,422,0.924026228,3118.07,0.353735612,3695.475937,1.707182986,10447,4.174980863,3690.683083,4.302186828,884
"KCAE20150627_103847",3837.44,"2015","06","27",0.550044995,993.84,0.095156874,995.4360632,0.684085766,10461,3.334484835,990.3419961,2.387637604,297,0.932636918,2843.6,0.305013651,3189.222734,1.503514668,10456,4.45986018,3184.340168,3.820142747,714
"KCAE20150627_104344",3112.62,"2015","06","27",0.552030419,564.29,0.05249468,548.9368712,0.476852819,10457,3.180009704,543.7816593,1.995816273,171,0.921813592,2548.33,0.282163873,2953.691426,1.400743412,10468,4.242868091,2948.793323,3.572871458,695
"KCAE20150627_104839",2752.36,"2015","06","27",0.555209135,469.51,0.044395642,464.7779722,0.394143416,10469,2.81971004,459.6127366,1.471646749,163,0.922195964,2282.85,0.246469707,2578.319605,1.262280291,10461,4.137280424,2573.388424,3.273644992,622
"KCAE20150627_105333",2274.8,"2015","06","27",0.554705812,308.71,0.028635648,299.4143344,0.333856025,10456,2.699344496,294.2285501,1.874931586,109,0.927427799,1966.09,0.217935443,2280.258538,1.145026128,10463,3.902756102,2275.306808,3.027238508,583
"KCAE20150627_105828",1833.52,"2015","06","27",0.55643837,269.16,0.026271861,275.0663877,0.308477819,10470,2.671976013,269.8695773,1.680338894,101,0.923219383,1564.36,0.174705326,1828.99006,0.93417167,10469,3.415750495,1824.010764,2.4595588,534
"KCAE20150627_110324",1548.32,"2015","06","27",0.556019862,228.72,0.024863809,260.1748944,0.277002895,10464,2.236733391,254.9876066,1.45419549,114,0.921949335,1319.6,0.151448658,1584.607307,0.870905137,10463,3.486954575,1579.590422,2.42917256,453
"KCAE20150627_110819",1075.8,"2015","06","27",0.553285121,197.46,0.020326261,212.5517069,0.419382476,10457,2.879817743,207.3468775,4.189549719,72,0.92255555,878.34,0.102585604,1072.737657,0.720743222,10457,3.059231106,1067.671656,2.55703737,349
"KCAE20150627_111316",3346.35,"2015","06","27",0.551529419,1626.09,0.165765114,1734.731917,4.269180757,10465,18.20562743,1729.534606,41.19442172,95,0.921945319,1720.26,0.177155481,1851.806243,3.01595643,10453,8.393989064,1846.677594,19.10059698,220
"KCAE20150627_111812",20541.91,"2015","06","27",0.554989924,10100.24,1.013630216,10589.39486,21.27557028,10447,83.34033551,10584.22261,174.9608079,127,0.918922811,10441.67,1.041983521,10901.2316,23.49078937,10462,44.11381364,10896.11197,146.826171,247
"KCAE20150627_112308",20524.83,"2015","06","27",0.555745404,11351.75,1.128374602,11802.79833,23.57422383,10460,73.73522566,11797.63611,176.5487339,160,0.92188473,9173.08,0.910611357,9522.26296,19.62458918,10457,41.55954942,9517.136817,126.3524196,229
"KCAE20150627_112803",57689.97,"2015","06","27",0.556648252,34078.8,3.40086917,35515.27675,45.74031019,10443,169.9050124,35510.1476,276.7768842,209,0.927619229,23611.17,2.369946524,24754.09144,34.1564847,10445,104.8685374,24748.97482,202.6203977,236
"KCAE20150627_113259",65580.07,"2015","06","27",0.554392904,38336.47,3.850799359,40233.15171,48.40702767,10448,159.004119,40228.0421,269.0248197,253,0.923708323,27243.6,2.747131083,28674.55424,34.60293377,10438,97.51520476,28669.4702,182.69822,294
"KCAE20150627_113756",61816.92,"2015","06","27",0.552199237,33090.75,3.373435389,35157.94362,41.29819054,10422,114.5044759,35152.87411,212.8769598,307,0.921721128,28726.17,2.963205353,30915.12145,38.23775857,10433,93.95154241,30910.05745,194.7517227,329
"KCAE20150627_114252",74447.08,"2015","06","27",0.552331378,34289.5,3.558094712,37103.81166,41.24915803,10428,103.3391788,37098.7652,198.0331419,359,0.921330922,40157.58,4.123660052,43005.65069,49.80465057,10429,111.1127074,43000.61776,234.7201684,387
"KCAE20150627_114750",60937.42,"2015","06","27",0.553683849,29261.6,3.121605655,32536.49574,37.68315853,10423,56.18577211,32531.56205,150.392843,579,0.921141307,31675.82,3.393152849,35360.04584,36.00466817,10421,55.41558421,35355.14273,135.3440794,638
"KCAE20150627_115245",62193.43,"2015","06","27",0.553515498,32110.05,3.500007181,36526.07495,36.66134983,10436,47.74016727,36521.22796,127.4473582,765,0.920536338,30083.38,3.197236635,33366.36153,31.72050586,10436,40.93440442,33361.53961,106.5464288,815
"KCAE20150627_115742",66699.36,"2015","06","27",0.552482663,31735.9,3.488316436,36390.11706,34.14409415,10432,42.25937305,36385.32019,111.8032904,861,0.930140781,34963.46,3.712950029,38752.05946,34.94950287,10437,41.79859025,38747.29317,110.3280974,927
"KCAE20150627_120239",64441.69,"2015","06","27",0.550743913,34321.69,3.745605752,39089.14163,33.84112488,10436,37.01178077,39084.44049,100.4738374,1056,0.92361402,30120,3.360291964,35091.52898,28.36988227,10443,30.80497449,35086.86594,80.86371275,1139
"KCAE20150627_120734",75320.4,"2015","06","27",0.551885654,39304.07,4.435895329,46306.31133,40.48421775,10439,36.80581076,46301.70993,111.4339405,1258,0.920561295,36016.33,4.287585155,44698.07524,36.95377299,10425,33.32850295,44693.52246,98.25681579,1341
"KCAE20150627_121229",105989.41,"2015","06","27",0.554278322,53776.77,5.921488749,61749.28468,46.46288249,10428,39.7840439,61744.83614,114.7390454,1552,0.921573086,52212.64,5.890419951,61513.65555,44.61910672,10443,37.94524002,61509.23407,107.7748214,1621
"KCAE20150627_121726",127823.83,"2015","06","27",0.554325871,63255.42,6.882222358,71788.46141,48.54618302,10431,39.88007537,71784.13567,111.116475,1800,0.923240093,64568.41,7.413465489,77300.20465,49.74829364,10427,42.07724521,77295.89945,112.2261746,1837
"KCAE20150627_122224",165996.74,"2015","06","27",0.551904516,70202.74,8.526140296,88663.33294,47.55842646,10399,43.63146629,88659.1395,100.2357266,2032,0.929803371,95794,11.3556303,118393.8015,60.81325937,10426,56.16206482,118389.6326,125.620836,2108
"KCAE20150627_122720",192032.82,"2015","06","27",0.552407003,98996.41,11.85132614,123478.9671,61.55782425,10419,55.84570482,123474.8534,124.1176304,2211,0.919333492,93036.41,11.57474408,120655.1323,55.35581615,10424,52.13961436,120651.0676,108.1317603,2314
"KCAE20150627_123216",189287.53,"2015","06","27",0.553658144,90811.34,10.85014104,112895.7175,50.95649217,10405,45.59440372,112891.7436,96.59319164,2476,0.920762041,98476.19,11.62614407,121156.0474,56.87821726,10421,46.48968942,121152.1306,106.3913826,2606
"KCAE20150627_123711",173626.6,"2015","06","27",0.554603445,93210.48,10.625561,110718.3456,57.04038121,10420,42.19300242,110714.4383,107.6636107,2624,0.920171179,80416.12,9.342835048,97296.28419,44.60570163,10414,35.4952348,97292.43858,81.4423456,2741
"KCAE20150627_124423",155883.94,"2015","06","27",0.560881365,76186.16,8.455007506,88092.7232,46.72427697,10419,32.1609617,88088.87409,86.85719198,2739,0.924737992,79697.78,8.54772685,89033.12287,48.77497679,10416,32.26867897,89029.28527,90.65357988,2759
"KCAE20150627_124918",126597.87,"2015","06","27",0.554753195,61122.76,6.602570174,68838.39663,36.89499482,10426,27.48978683,68834.42623,71.38043105,2504,0.921983708,65475.11,6.473759686,67508.366,45.60615176,10428,27.07757284,67504.38908,90.24781961,2493
"KCAE20150627_125413",93494.55,"2015","06","27",0.554192878,46807.73,4.62933503,48348.77505,38.19375587,10444,22.8255912,48344.60217,82.34342415,2118,0.920437326,46686.82,4.399220137,45954.25355,36.97229446,10446,22.1339396,45950.05861,80.54903656,2076
"KCAE20150627_125909",66699.87,"2015","06","27",0.553113183,37648.54,3.478101521,36367.0295,34.79576756,10456,21.65731423,36362.63058,84.55631549,1679,0.921704832,29051.33,2.759397667,28835.70562,23.96534079,10450,17.64460658,28831.28715,58.41395036,1634
"KCAE20150628_100048",5222.78,"2015","06","28",0.553974385,5177.77,0.537223608,5619.896168,3.523909155,10461,9.664276142,5614.944438,11.64462083,581,0.925416492,45.01,0.004773863,49.94892355,0.11067516,10463,2.630207159,44.71352171,0.820782616,17
"KCAE20150628_100543",10257.88,"2015","06","28",0.551841739,10093.4,1.047995303,10967.27085,5.597892432,10465,10.26457041,10962.56119,14.58169473,1068,0.928020209,164.48,0.017507093,183.141703,0.264555797,10461,3.121532474,177.927351,1.792298261,57
"KCAE20150628_101040",12300.53,"2015","06","28",0.55138343,11650.33,1.162715853,12166.65868,4.839953209,10464,8.982343328,12162.09287,10.5292183,1354,0.923083683,650.2,0.066720746,697.8990034,0.537769412,10460,3.252410037,692.7633379,1.96443818,213
"KCAE20150628_101535",10265.67,"2015","06","28",0.552480809,8825.88,0.87323337,9127.035187,3.553722922,10452,6.673359108,9122.481901,7.608538814,1367,0.926679964,1439.79,0.147174068,1538.704883,0.911900551,10455,3.768228388,1533.668954,2.781180427,407
"KCAE20150628_102032",9681.75,"2015","06","28",0.552858114,7247.08,0.714358559,7474.333598,2.750898628,10463,5.719559132,7469.744227,5.658635246,1306,0.930513467,2434.67,0.239553417,2509.561599,1.244677097,10476,4.386335096,2504.59734,3.2017701,571
"KCAE20150628_102528",8185.38,"2015","06","28",0.554857373,6218.6,0.590806238,6178.060835,2.624359854,10457,5.627502026,6173.369723,6.110495863,1097,0.923072685,1966.78,0.190713384,1996.959839,1.278361741,10471,4.220229805,1991.948468,4.391781958,472
"KCAE20150628_103025",6410.93,"2015","06","28",0.553994855,4562.54,0.41786039,4375.416146,2.109854714,10471,5.317007531,4370.58019,5.539908459,822,0.92220821,1848.39,0.177405869,1857.084632,1.048972594,10468,4.161935353,1852.061232,3.053056188,445
"KCAE20150628_103520",5091.44,"2015","06","28",0.55086607,3655.87,0.330095473,3451.808362,1.947506318,10457,5.385762824,3446.888207,5.898544703,640,0.926865636,1435.57,0.131238986,1374.728383,0.813241334,10475,3.762804613,1369.660879,2.319963157,364
"KCAE20150628_104016",3486.04,"2015","06","28",0.553617756,2519.79,0.251819036,2633.523482,1.633563261,10458,4.179010036,2628.597312,5.291358374,629,0.930325962,966.25,0.091235523,954.4148023,0.672067678,10461,3.542187317,949.3062008,2.329563868,268
"KCAE20150628_104511",2899.3,"2015","06","28",0.550745763,2328.46,0.261386387,2733.840224,1.43102462,10459,3.595492368,2728.978708,4.031339224,759,0.927724116,570.84,0.05046991,528.4704249,0.465915684,10471,3.291208693,523.3021822,1.911280981,159
"KCAE20150628_105006",2342.94,"2015","06","28",0.553591027,1587.17,0.229008423,2394.054049,1.091336759,10454,2.982791621,2389.216089,2.709107746,801,0.931259841,755.77,0.063711599,667.6338508,0.638547645,10479,3.896865362,662.4671116,3.202551169,170
"KCAE20150628_105502",2337.03,"2015","06","28",0.552353192,1666.85,0.284729422,2983.110149,1.276939527,10477,3.089566758,2978.342355,3.010795453,964,0.928569934,670.18,0.059149374,618.9390469,0.652760713,10464,3.409915763,613.7848374,3.66311897,180
"KCAE20150628_105958",1168.85,"2015","06","28",0.549694665,1030.85,0.193470109,2022.923462,0.857845094,10456,2.399648689,2018.104547,1.964702395,841,0.927752147,138,0.011360805,119.004436,0.244415189,10475,3.346221766,113.77154,2.73223512,34
"KCAE20150628_110453",1729.47,"2015","06","28",0.551650279,1616.05,0.305381525,3192.763846,1.246193006,10455,2.866979545,3188.081254,2.695109372,1112,0.916988601,113.42,0.009567376,100.1225918,0.201375473,10465,2.711291683,94.89520891,2.222900032,35
"KCAE20150628_110951",1436.71,"2015","06","28",0.554056276,1356.08,0.256292795,2680.053756,1.070175781,10457,2.587360801,2675.331069,2.357217365,1034,0.92477144,80.63,0.007441041,77.8481701,0.16317087,10462,2.689565975,72.61828132,1.795146473,27
"KCAE20150628_111447",1237.74,"2015","06","28",0.551543691,1206.54,0.216482844,2265.925924,0.874837643,10467,2.323913312,2261.167652,1.827384281,973,0.928813073,31.2,0.003388727,35.47319164,0.09295265,10468,2.159555736,30.2337803,1.394024963,14
"KCAE20150628_111944",1096.43,"2015","06","28",0.552631319,1075.19,0.184455834,1929.039114,0.788092663,10458,2.209224147,1924.234232,1.728561289,871,0.927101531,21.24,0.002131951,22.30234348,0.060603798,10461,2.132929166,17.06343333,0.543471406,8
"KCAE20150628_112439",992.2,"2015","06","28",0.552943522,979.42,0.163551703,1711.568574,0.760919961,10465,2.130742947,1706.7251,1.837791659,801,0.926376999,12.78,0.001514494,15.85675097,0.041743509,10470,1.326666267,10.61333013,0.773072459,8
"KCAE20150628_112934",1194.08,"2015","06","28",0.553802884,1170.99,0.19591296,2048.269993,1.130588163,10455,2.576831679,2043.427521,3.275699406,793,0.926067112,23.09,0.003077724,32.19299546,0.076973869,10460,1.585829246,26.95909718,1.098671423,17
"KCAE20150628_113430",734.42,"2015","06","28",0.553025237,712.59,0.12335348,1290.770819,0.848971765,10464,2.60278134,1285.773982,2.971763428,494,0.925420167,21.83,0.001647772,17.24063669,0.058891006,10463,2.999679853,11.99871941,0.325195614,4
"KCAE20150628_113926",1011.77,"2015","06","28",0.553506751,997.02,0.164379608,1723.355812,0.879072941,10484,2.512345288,1718.444177,2.440176426,684,0.929414605,14.75,0.001681647,17.60516688,0.054128617,10469,2.060207476,12.36124486,1.022791958,6
"KCAE20150628_114422",965.91,"2015","06","28",0.546039082,961.33,0.154436085,1616.791377,0.878541522,10469,2.759995104,1611.837141,2.579971931,584,0.923754667,4.58,0.000501187,5.2449244,0,10465,NA,0,NA,0
"KCAE20150628_114919",1035.94,"2015","06","28",0.552949287,1031.37,0.157091493,1643.491196,1.119978572,10462,2.735472431,1638.547986,3.857353977,599,0.928399889,4.57,0.000501187,5.240413715,0,10456,NA,0,NA,0
"KCAE20150628_115417",1205.05,"2015","06","28",0.553006248,1193.7,0.187715997,1964.447911,1.065326217,10465,2.791388632,1959.55482,3.108746838,702,0.93691953,11.35,0.001253383,13.1204114,0.044668584,10468,2.625162334,7.875487001,0.334667892,3
"KCAE20150628_115912",1135.59,"2015","06","28",0.553814318,1122.13,0.180951202,1895.101943,1.145022728,10473,2.739418592,1890.198828,3.592944131,690,0.931028069,13.46,0.001630309,17.06444765,0.057452575,10467,1.970254667,11.821528,1.501993893,6
"KCAE20150628_120410",716.59,"2015","06","28",0.554872291,712.02,0.122483098,1281.908106,0.853439356,10466,2.665767743,1276.902749,3.025469835,479,0.929659806,4.57,0.000501187,5.237907779,0,10451,NA,0,NA,0
"KCAE20150628_120906",601.44,"2015","06","28",0.553440614,596.18,0.103410676,1081.158615,0.732562501,10455,2.562212383,1076.129201,2.659986157,420,0.92356973,5.26,0.000654037,6.838608063,0.011123706,10456,0.799598361,1.599196723,0.129616317,2
"KCAE20150628_121402",752.41,"2015","06","28",0.553527342,747.84,0.127854389,1338.124038,0.853561229,10466,2.45968682,1333.150256,2.889333335,542,0.921450433,4.57,0.000501187,5.241416089,0,10458,NA,0,NA,0
"KCAE20150628_121858",953.51,"2015","06","28",0.551213562,947.13,0.16417703,1716.799206,0.889244947,10457,2.49912643,1711.901605,2.49904916,685,0.921944516,6.38,0.000787352,8.244359886,0.020739175,10471,1.498715369,2.997430737,0.121873847,2
"KCAE20150628_122356",693.53,"2015","06","28",0.553384843,686.96,0.129211253,1352.324971,0.727046456,10466,2.26831187,1347.377251,2.114043704,594,0.929701895,6.57,0.000968956,10.15175633,0.020181434,10477,0.817304134,4.903824805,0.230678686,6
"KCAE20150628_122851",431.69,"2015","06","28",0.553480765,423.19,0.077558763,811.6524588,0.497546628,10465,1.953061803,806.6145247,1.61753972,413,0.93361338,8.5,0.000892304,9.34420996,0.02901587,10472,2.048389812,4.096779624,0.655483205,2
"KCAE20150628_123347",554.66,"2015","06","28",0.551855531,547.53,0.100162179,1047.596229,0.544715792,10459,2.001181247,1042.61543,1.468589801,521,0.930052906,7.13,0.000983786,10.29138912,0.025483708,10461,1.262618554,5.050474214,0.375766795,4
"KCAE20150628_123843",543.36,"2015","06","28",0.552364663,525.98,0.098806499,1033.614788,0.611777524,10461,2.009039993,1028.628476,1.953696886,512,0.926851368,17.38,0.00160289,16.7566089,0.059386042,10454,2.879800577,11.51920231,1.11293068,4
"KCAE20150628_124555",396.71,"2015","06","28",0.559067442,377.89,0.073192568,765.5210728,0.481985565,10459,1.949934919,760.4746185,1.60546206,390,0.920656184,18.82,0.003308816,34.67308387,0.066392735,10479,1.279681311,29.43267015,0.626485021,23
"KCAE20150628_125016",481.11,"2015","06","28",0.550803635,475.65,0.094278544,986.342127,0.682414391,10462,2.070329681,981.3362689,2.490096922,474,0.919748694,5.46,0.000684281,7.158263966,0.01343354,10461,0.958173345,1.916346689,0.231711976,2
"KCAE20150628_125437",477.59,"2015","06","28",0.550871893,473.02,0.091423906,956.4769015,0.543846456,10462,2.015826358,951.470041,1.637850545,472,0.925257251,4.57,0.000501187,5.241416089,0,10458,NA,0,NA,0
"KCAE20150628_125859",655.92,"2015","06","28",0.547988432,649.53,0.130932501,1368.899302,0.824199063,10455,2.207069779,1363.969123,2.630792883,618,0.926426108,6.39,0.000925264,9.683808043,0.035753109,10466,2.219692415,4.43938483,1.878699954,2
"KCAE20150629_100422",10720.5,"2015","06","29",0.548171253,10693.74,1.525116751,15955.77145,4.16115688,10462,4.610480385,15952.26213,6.175645451,3460,1.557449039,26.76,0.004690215,49.07372352,0.082568777,10463,1.124342251,43.8493478,0.765225022,39
"KCAE20150629_101405",22340.19,"2015","06","29",0.551257349,22296.97,2.81458689,29429.32052,5.934639052,10456,5.642702551,29426.6938,7.393402781,5215,1.558272252,43.22,0.00634239,66.36043088,0.131065806,10463,1.608830368,61.13555397,1.4867008,38
"KCAE20150629_102346",18794.56,"2015","06","29",0.552258666,18688.41,2.401561091,25113.12433,9.841085679,10457,4.663926784,25110.58181,13.32532586,5384,1.55645451,106.15,0.016090912,168.0695789,0.195811011,10445,1.441516039,162.8913124,1.225964294,113
"KCAE20150629_103328",11310.05,"2015","06","29",0.547848043,11031.6,1.440387054,15063.56782,9.503439173,10458,3.737986022,15060.34568,15.02918118,4029,1.558870002,278.45,0.040437464,422.7332436,0.303355732,10454,1.524201305,417.6311576,1.120033912,274
"KCAE20150629_104311",7615.02,"2015","06","29",0.552452431,7156.82,1.106745087,11575.44686,4.805302896,10459,4.25581746,11571.56767,8.685698138,2719,1.556957817,458.2,0.068114642,712.0023481,0.40832855,10453,1.625244723,706.9814544,1.216403248,435
"KCAE20150629_105252",6373.92,"2015","06","29",0.551545954,5899.27,0.947750175,9918.205579,3.77698599,10465,4.211614464,9914.140449,7.049124047,2354,1.559481872,474.65,0.072087532,754.2518479,0.500807509,10463,1.956135458,749.1998806,1.781807533,383
"KCAE20150629_110234",8928.37,"2015","06","29",0.551517242,8552.99,1.115537886,11671.8729,6.743768928,10463,4.238288683,11668.00875,12.63536082,2753,1.557857442,375.38,0.057671237,603.1834653,0.359086098,10459,1.487917973,598.1430253,1.109110002,402
"KCAE20150629_111217",4976.63,"2015","06","29",0.551535527,4696.43,0.68006816,7110.79268,3.53315763,10456,3.355341728,7106.613781,7.257416498,2118,1.555586062,280.2,0.045439184,474.5668362,0.463833054,10444,1.745231435,469.4672561,2.325195294,269
"KCAE20150629_112158",6359.93,"2015","06","29",0.547186624,6225.59,0.889720339,9306.474742,9.288470008,10460,3.460781069,9302.579514,18.08102399,2688,1.557926828,134.34,0.024079642,251.8248971,0.209381673,10458,1.291514177,246.6792078,0.876336945,191
"KCAE20150629_113140",5529.41,"2015","06","29",0.551363409,5288.02,0.745485161,7797.029296,6.537710906,10459,3.904202279,7792.787749,14.55058188,1996,1.555886058,241.39,0.038827718,406.0214423,0.320519932,10457,1.507194899,400.9138432,1.35379767,266
"KCAE20150629_114122",9040,"2015","06","29",0.548487076,8731.31,1.315406102,13761.77864,7.960560342,10462,5.864326942,13757.71101,16.00028824,2346,1.557384504,308.69,0.048619121,508.4101481,0.35600301,10457,1.602950975,503.326606,1.317226801,314
"KCAE20150629_115102",6487.89,"2015","06","29",0.547602814,6185.75,0.880375743,9201.687261,5.305595225,10452,4.562231768,9197.459245,11.36641605,2016,1.556199931,302.14,0.040907674,427.7715436,0.405337508,10457,1.821753897,422.6469041,2.04435978,232
"KCAE20150629_120045",8201.6,"2015","06","29",0.550801344,7799.06,1.219146196,12731.54373,8.553102261,10443,6.060648724,12727.36232,18.29142988,2100,1.557660492,402.54,0.054354299,568.0567793,0.553925971,10451,2.269932121,562.9431659,2.816554657,248
"KCAE20150629_121028",11248.44,"2015","06","29",0.54868056,11101.52,1.444289405,15110.15575,8.06455202,10462,5.391262191,15106.31666,14.88661624,2802,1.557707343,146.92,0.020882321,218.4917297,0.24038512,10463,1.692944105,213.3109573,1.408497706,126
"KCAE20150629_122009",22682.98,"2015","06","29",0.548593635,22437.36,2.914805832,30471.38016,11.72694243,10454,6.745274433,30468.40461,17.10184989,4517,1.556627401,245.62,0.03368219,352.2820244,0.373848105,10459,1.896895215,347.1318244,2.116166954,183
"KCAE20150629_122952",28629.24,"2015","06","29",0.550989107,28278.29,3.897551881,40741.10981,19.86758895,10453,8.623674537,40738.23851,28.85749563,4724,1.558722326,350.95,0.048038294,502.4805599,0.427612203,10460,1.883978996,497.3704549,1.9495065,264
"KCAE20150629_123934",43207.66,"2015","06","29",0.547288642,42739.73,5.94926203,62217.38231,23.47558578,10458,11.89574801,62214.7621,32.11467603,5230,1.556741174,467.93,0.061340755,641.9310012,0.611508228,10465,1.95953527,636.8489626,2.88909099,325
"KCAE20150630_100526",19202.84,"2015","06","30",0.548615118,19107.95,2.103469422,21995.97975,8.884515747,10457,5.242632018,21992.84131,13.4287349,4195,1.556756709,94.89,0.011815194,123.5987444,0.201815886,10461,2.076919165,118.3843924,1.80086822,57
"KCAE20150630_101507",37634.69,"2015","06","30",0.547529369,37517.57,4.009939225,41951.98417,16.72495837,10462,6.898501639,41949.78847,21.47914156,6081,1.556570403,117.12,0.015673715,163.6962814,0.20764224,10444,1.601126257,158.5114994,1.425064556,99
"KCAE20150630_102449",34623.92,"2015","06","30",0.548049501,34519.23,3.592403044,37562.16623,12.86242076,10456,6.132244178,37559.99559,16.33612735,6125,1.557158416,104.69,0.015278533,159.5537184,0.199286868,10443,1.160800586,154.386478,1.342571996,133
"KCAE20150630_103430",22034.82,"2015","06","30",0.548024748,21888.52,2.223490443,23228.80466,8.648618824,10447,4.131338746,23226.38643,11.4508705,5622,1.559720129,146.3,0.0222082,232.2977762,0.176906533,10460,1.014141177,227.1676237,0.676645465,224
"KCAE20150630_104411",14699.3,"2015","06","30",0.548568771,14361.58,1.478071422,15459.149,3.566365994,10459,3.208036903,15456.3218,4.697187636,4818,1.558519142,337.72,0.04699262,491.3078464,0.328021636,10455,1.296682344,486.2558791,1.176186866,375
"KCAE20150630_105354",12578.46,"2015","06","30",0.54877193,12423.41,1.300424451,13579.03212,7.914719028,10442,3.422179716,13575.78693,12.55600624,3967,1.556835521,155.05,0.021001006,219.7125288,0.202626478,10462,1.117527791,214.5653359,1.00868293,192
"KCAE20150630_110337",14262.47,"2015","06","30",0.547765157,14153.81,1.460611948,15250.24935,4.180227857,10441,3.582506933,15247.14951,5.939044453,4256,1.557639711,108.66,0.014728776,154.0629921,0.174569092,10460,0.973184675,148.8972553,1.07634083,153
"KCAE20150630_111319",10619.32,"2015","06","30",0.547788952,10442.02,1.138305107,11904.39481,6.099376221,10458,3.824136597,11900.71309,10.71332822,3112,1.558866185,177.3,0.0235004,245.8611867,0.25177388,10462,1.626296903,240.6919416,1.373862874,148
"KCAE20150630_112300",5986.83,"2015","06","30",0.547944298,5844.3,0.731815315,7649.665488,10.57017323,10453,4.442352772,7645.289121,25.73819441,1721,1.557532675,142.53,0.017580709,183.5953416,0.294092712,10443,2.02733577,178.4055478,2.502116875,88
"KCAE20150630_113242",2655.32,"2015","06","30",0.549720593,2647.47,0.330971118,3461.295951,8.340872907,10458,3.326828939,3456.575268,26.28474073,1039,1.558317813,7.85,0.000948535,9.917882272,0.025102844,10456,1.169868326,4.679473306,0.611190589,4
"KCAE20150630_114224",1652.52,"2015","06","30",0.5489061,1646.86,0.186647041,1951.581462,0.911203228,10456,2.132309564,1946.798632,2.31645831,913,1.557758873,5.66,0.000636246,6.651948885,0.013809688,10455,1.412537545,1.412537545,NA,1
"KCAE20150630_115206",2272.67,"2015","06","30",0.548422182,2261.53,0.251344986,2624.795692,6.37984628,10443,3.483961019,2619.938686,23.55114066,752,1.557742905,11.14,0.00097342,10.18197316,0.035465022,10460,2.470278535,4.94055707,0.978634548,2
"KCAE20150630_120148",2038.14,"2015","06","30",0.54662391,2033.57,0.233088437,2438.338141,6.095521924,10461,5.006869955,2433.338798,27.88157166,486,1.557445953,4.57,0.000501187,5.241416089,0,10458,NA,0,NA,0
"KCAE20150630_121130",1216.54,"2015","06","30",0.54807006,1211.97,0.131020983,1370.610506,2.284952989,10461,3.761844401,1365.549518,11.71182027,363,1.556423095,4.57,0.000501187,5.241917277,0,10459,NA,0,NA,0
"KCAE20150630_122113",2272.65,"2015","06","30",0.547188554,2266.36,0.265662585,2777.236661,11.75919911,10454,13.86048744,2772.097487,84.10758546,200,1.557927444,6.29,0.000737998,7.713550722,0.017778087,10452,1.238072065,2.476144131,0.490479142,2
"KCAE20150630_123055",194.78,"2015","06","30",0.547999444,190.2,0.020059161,209.7987603,0.353217642,10459,2.52589431,204.5974391,3.146789275,81,1.557587326,4.58,0.000501187,5.2449244,0,10465,NA,0,NA,0
"KCAE20150630_124036",91.81,"2015","06","30",0.548203069,80.19,0.008713846,91.14682563,0.157685339,10460,2.148111366,85.92445466,1.398496138,40,1.558175043,11.62,0.001043347,10.91758493,0.039470851,10464,2.837082046,5.674164092,0.459896048,2
"KCAE20150630_125018",50.5,"2015","06","30",0.547588768,45.93,0.005074785,53.10255434,0.171009654,10464,2.175870784,47.86915725,3.102171984,22,1.558858623,4.57,0.000501187,5.237907779,0,10451,NA,0,NA,0
"KCAE20150701_100854",8291.96,"2015","07","01",0.54683747,8278.81,0.855994521,8951.13471,3.281535144,10457,7.79988549,8946.468657,6.636658566,1147,1.555768356,13.15,0.001308532,13.68070634,0.061508664,10455,4.220898092,8.441796183,1.983455961,2
"KCAE20150701_101837",11812.24,"2015","07","01",0.551967816,11790.83,1.132564287,11831.89911,3.437319539,10447,6.121962474,11827.6315,5.775593213,1932,1.557527208,21.41,0.00166128,17.36535549,0.070050911,10453,3.032112523,12.12845009,2.201569298,4
"KCAE20150701_102818",7487.73,"2015","07","01",0.547963326,7459.83,0.677412601,7088.445457,2.219552286,10464,4.732098404,7083.951312,3.906057423,1497,1.557097484,27.9,0.003424445,35.81969613,0.085481973,10460,1.79916458,30.58579785,1.159655718,17
"KCAE20150701_103801",4500.79,"2015","07","01",0.549551985,4346.8,0.358498493,3749.177244,1.705265255,10458,5.108189902,3744.303198,4.153094819,733,1.556804231,153.99,0.018894076,197.6509326,0.579146803,10461,3.103856234,192.4390865,6.912601728,62
"KCAE20150701_104744",1990.25,"2015","07","01",0.550768426,1956.68,0.15274276,1598.60573,0.883213114,10466,3.456814211,1593.591351,2.510330033,461,1.556352375,33.57,0.004278784,44.76035589,0.082696086,10461,1.363171402,39.53197067,0.798038868,29
"KCAE20150701_105725",1784.89,"2015","07","01",0.547620081,1750.09,0.129537947,1354.707846,0.945306112,10458,4.028759187,1349.634328,3.496167773,335,1.556577033,34.8,0.004120566,43.08464157,0.084209531,10456,1.456048413,37.85725873,0.87617075,26
"KCAE20150701_110707",644.52,"2015","07","01",0.548233107,594.26,0.047463764,496.5184323,0.539793525,10461,3.03306608,491.356705,3.133718278,162,1.55709805,50.26,0.006883557,72.01577218,0.118152422,10462,1.553346567,66.79390239,1.009178524,43
"KCAE20150701_111650",566.3,"2015","07","01",0.550525795,512.4,0.044422552,464.8820043,0.514952734,10465,2.803166309,459.7192746,3.040406883,164,1.556972366,53.9,0.00589729,61.66206943,0.134582807,10456,2.01556032,56.43568896,1.677498189,28
"KCAE20150701_112631",401.11,"2015","07","01",0.547972781,353.42,0.032015025,334.9411915,0.365500434,10462,2.243343165,329.7714452,2.139678901,147,1.556679822,47.69,0.004947575,51.71700364,0.118234852,10453,2.324405862,46.48811723,1.419961588,20
"KCAE20150701_113613",113.82,"2015","07","01",0.548609407,74.07,0.010523793,110.0578261,0.150237118,10458,1.219296652,104.8595121,1.134111301,86,1.556729141,39.75,0.005314051,55.59028653,0.10995631,10461,1.67874675,50.36240249,1.206484645,30
"KCAE20150701_114556",103.89,"2015","07","01",0.551661049,91.59,0.014906322,155.8455916,0.15160631,10455,1.255548513,150.6658216,0.670080419,120,1.558318409,12.3,0.001578019,16.50291955,0.036496466,10458,1.126651533,11.26651533,0.373961,10
"KCAE20150701_115537",98.56,"2015","07","01",0.547082393,80.39,0.013379495,139.8023441,0.144566905,10449,1.201978318,134.6215717,0.725436148,112,1.558374409,18.17,0.002296663,24.02309789,0.11275004,10460,4.695671045,18.78268418,3.865058202,4
"KCAE20150701_120519",62.83,"2015","07","01",0.548725995,58.26,0.010573143,110.5210593,0.121925431,10453,1.108734336,105.3297619,0.650373741,95,1.556104377,4.57,0.000501187,5.243420838,0,10462,NA,0,NA,0
"KCAE20150701_121501",85.66,"2015","07","01",0.550592121,81.09,0.013138454,137.3888166,0.158465149,10457,1.348949163,132.197018,0.941802182,98,1.55629081,4.57,0.000501187,5.240914902,0,10457,NA,0,NA,0
"KCAE20150701_122443",64.48,"2015","07","01",0.547853296,59.91,0.010109677,105.7270041,0.135872543,10458,1.272470656,100.5251818,0.921267453,79,1.559048975,4.57,0.000501187,5.242418464,0,10460,NA,0,NA,0
"KCAE20150701_123425",50.01,"2015","07","01",0.547521675,42.62,0.007489694,78.34220242,0.098386472,10460,1.059918346,73.13436587,0.597909902,69,1.55582777,7.39,0.00080617,8.431731857,0.022198382,10459,1.595408477,3.190816955,0.258618553,2
"KCAE20150701_124408",43.88,"2015","07","01",0.551277237,35.25,0.005642453,58.99184607,0.104747459,10455,1.194988599,53.77448697,1.074201052,45,1.557842897,8.63,0.001037255,10.85072737,0.028559718,10461,1.402453117,5.609812467,0.47360563,4
"KCAE20150701_125350",40.01,"2015","07","01",0.550551633,35.44,0.005613059,58.73505153,0.096588508,10464,1.305150658,53.511177,0.838149751,41,1.556255594,4.57,0.000501187,5.243420838,0,10462,NA,0,NA,0
"KCAE20150702_100217",3583.06,"2015","07","02",0.553492683,3578.48,0.37452473,3911.910803,2.415723986,10445,7.330099502,3906.943035,7.96787584,533,0.923324378,4.58,0.000501187,5.243420838,0,10462,NA,0,NA,0
"KCAE20150702_100639",5194.06,"2015","07","02",0.555350954,5131.49,0.557834097,5832.71332,2.611402347,10456,5.371443958,5828.016694,6.31622685,1085,0.916286626,62.57,0.007005396,73.35350461,0.170997807,10471,3.243623715,68.11609802,2.070189246,21
"KCAE20150702_101101",8352.38,"2015","07","02",0.553332338,8183.6,0.936550699,9800.066514,3.324818133,10464,4.705026687,9795.865563,6.151647528,2082,0.917039151,168.78,0.017472941,182.6446495,0.282930259,10453,3.41215002,177.4318011,2.144041026,52
"KCAE20150702_101524",13248.13,"2015","07","02",0.558377239,12582.93,1.413603309,14786.29061,5.03376369,10460,5.163284348,14782.48309,8.557652782,2863,0.928952192,665.2,0.067614887,707.7250267,0.688756617,10467,3.818322383,702.5713184,3.568323657,184
"KCAE20150702_101945",15677.79,"2015","07","02",0.556429222,14550.68,1.636652342,17124.29345,4.577006371,10463,4.956798098,17120.78063,6.856490236,3454,0.921646995,1127.11,0.115061973,1203.433171,0.738140583,10459,3.204221118,1198.378698,2.313646272,374
"KCAE20150702_102408",14491.84,"2015","07","02",0.553621072,12943.95,1.485796999,15557.78038,4.165590064,10471,4.482499011,15554.27157,6.239909273,3470,0.918177624,1547.89,0.160665087,1681.681461,1.001407782,10467,3.598002334,1676.669087,3.190380071,466
"KCAE20150702_102830",15243.18,"2015","07","02",0.552957786,13068.44,1.480579334,15497.22389,4.13126553,10467,4.492231534,15493.70656,6.186639079,3449,0.915866107,2174.74,0.220136785,2304.171733,1.340713953,10467,3.794108128,2299.229525,4.185074932,606
"KCAE20150702_103252",13598.76,"2015","07","02",0.552901098,11561.98,1.31617242,13759.26648,3.419381588,10454,4.066131418,13755.72259,4.995422126,3383,0.923397309,2036.78,0.200333574,2096.090189,1.143435266,10463,3.740834403,2091.126431,3.353658024,559
"KCAE20150702_103714",10552.77,"2015","07","02",0.552393797,8963.03,1.02674098,10732.52346,2.889581045,10453,3.756553202,10728.71595,4.506751829,2856,0.917002467,1589.74,0.15937512,1666.426257,0.977598034,10456,3.784523609,1661.405864,3.010550838,439
"KCAE20150702_104136",8413.69,"2015","07","02",0.5514459,7205.68,0.818372223,8563.446939,2.659864304,10464,3.585839484,8559.398849,4.593259412,2387,0.916742065,1208.01,0.117737426,1231.415738,0.861487519,10459,3.493873896,1226.349738,3.216824932,351
"KCAE20150702_104558",5938.39,"2015","07","02",0.552540312,4841.11,0.596705026,6242.131272,1.728393383,10461,3.09880638,6237.897242,2.788278519,2013,0.920581517,1097.28,0.103512062,1082.83968,0.886134496,10461,3.690901053,1077.743107,3.865341853,292
"KCAE20150702_105020",6034.74,"2015","07","02",0.553567875,4776.33,0.559566955,5856.987319,2.129781529,10467,3.242463178,5852.646036,4.196783721,1805,0.920295205,1258.41,0.114866608,1202.423652,0.914955833,10468,4.14298293,1197.322067,3.698732415,289
"KCAE20150702_105442",6932.77,"2015","07","02",0.552096864,5152.01,0.644245272,6738.161298,1.939098584,10459,3.228171072,6733.964857,3.24283356,2086,0.916595532,1780.76,0.16204515,1694.830222,1.319477047,10459,3.705738697,1689.816846,5.182430294,456
"KCAE20150702_105904",6990.18,"2015","07","02",0.552173208,5331.81,0.697006667,7294.871781,2.176866035,10466,3.369090076,7290.710925,3.731169983,2164,0.921005465,1658.37,0.137781667,1442.298495,1.232952133,10468,4.290208849,1437.219964,5.456517115,335
"KCAE20150702_110325",5736.16,"2015","07","02",0.552030456,5177.64,0.708783462,7420.254068,2.16212315,10469,3.262712863,7416.146337,3.633650183,2273,0.920465446,558.52,0.057401955,600.0800349,0.523413775,10454,2.754392963,594.94888,2.420306305,216
"KCAE20150702_110747",4211.23,"2015","07","02",0.552149402,4065.42,0.584019697,6107.093974,1.788202903,10457,3.076031963,6102.847415,3.031931336,1984,0.927092917,145.81,0.015706237,164.4128849,0.21580401,10468,2.211146422,159.2025424,1.394264423,72
"KCAE20150702_111210",3471.98,"2015","07","02",0.55266981,3229.62,0.466503376,4879.62531,1.593450153,10460,2.854355339,4875.238919,2.95612997,1708,0.920946616,242.36,0.023851365,250.0100096,0.313186004,10482,2.523764744,244.8051802,2.082075375,97
"KCAE20150702_111631",2910.8,"2015","07","02",0.551775781,2811.67,0.395512733,4137.854217,1.426064018,10462,2.836884712,4133.341026,2.771626035,1457,0.928836855,99.13,0.010624652,111.2401085,0.191322652,10470,2.465447192,106.0142293,1.711430761,43
"KCAE20150702_112053",2446.32,"2015","07","02",0.555730784,2372.38,0.342959953,3589.075912,1.157412552,10465,2.564042666,3584.531648,2.082347197,1398,0.92691054,73.94,0.007121347,74.51777298,0.173140736,10464,3.464168675,69.28337351,1.975848638,20
"KCAE20150702_112515",2455.35,"2015","07","02",0.55426676,2379.99,0.329751674,3452.170275,1.110753508,10469,2.559464325,3447.598446,1.971093272,1347,0.922966244,75.36,0.008513897,89.10644148,0.269095956,10466,3.494710183,83.87304439,4.498513017,24
"KCAE20150702_112936",2461.73,"2015","07","02",0.552979828,2420.09,0.31627636,3309.515832,1.18567873,10464,2.803106284,3304.862309,2.347574092,1179,0.917886426,41.64,0.00417854,43.77438133,0.175429808,10476,4.815994171,38.52795337,4.424033011,8
"KCAE20150702_113358",2338.54,"2015","07","02",0.556316793,2309.18,0.304162307,3184.275191,1.186389643,10469,2.685491273,3179.621667,2.460784792,1184,0.928947993,29.36,0.002675653,28.00606418,0.084175087,10467,2.845518363,22.76414691,1.162065888,8
"KCAE20150702_113821",2184.5,"2015","07","02",0.556324492,2127.25,0.269790207,2825.243052,1.08512193,10472,2.776086442,2820.503825,2.276838126,1016,0.929778216,57.25,0.007153006,74.89913046,0.194680522,10471,2.580175222,69.66473099,2.892990272,27
"KCAE20150702_114242",2468.91,"2015","07","02",0.558706055,2344.38,0.305790327,3197.649445,1.293965411,10457,2.964668811,3192.948309,2.895121599,1077,0.925495758,124.53,0.011745744,122.8839709,0.343071248,10462,5.347798917,117.6515762,5.360798189,22
"KCAE20150702_114703",2958.48,"2015","07","02",0.558132197,2849.84,0.380117765,3976.411936,2.066923194,10461,3.571696346,3971.726337,5.367889311,1112,0.926836573,108.64,0.01088564,113.9508841,0.267959932,10468,3.74893071,108.7189906,3.511282199,29
"KCAE20150702_115125",3033.24,"2015","07","02",0.553945878,3016.85,0.38341594,4008.997073,2.395279075,10456,4.550224664,4004.197704,7.01868382,880,0.916809712,16.39,0.00221243,23.15750618,0.057571439,10467,1.628826588,17.91709246,0.74525302,11
"KCAE20150702_115546",2804.87,"2015","07","02",0.555651726,2785.17,0.327606592,3429.713409,2.406667896,10469,4.536218379,3424.844876,7.829324357,755,0.919954317,19.7,0.003217779,33.67083931,0.081782066,10464,1.67264331,28.43493628,1.186485468,17
"KCAE20150702_120007",1601.76,"2015","07","02",0.553347684,1590.04,0.187976844,1966.801714,4.045090697,10463,4.831924321,1961.761274,20.00480255,406,0.9179383,11.72,0.001402651,14.66191229,0.04171947,10453,1.885101614,9.425508072,0.332323153,5
"KCAE20150702_120430",1318.64,"2015","07","02",0.553291923,1308.88,0.142542714,1490.284075,1.722723002,10455,4.837778591,1485.198027,8.86582674,307,0.918331206,9.76,0.00147156,15.40576199,0.048580342,10469,2.032267755,10.16133877,1.00926716,5
"KCAE20150702_120852",341.13,"2015","07","02",0.554166496,292.52,0.03639925,380.8817572,0.423594518,10464,2.762540408,375.7054955,2.514196618,136,0.917709568,48.61,0.006626747,69.29589018,0.186382911,10457,3.050738105,64.06550021,2.900312183,21
"KCAE20150702_121313",564.96,"2015","07","02",0.552165093,520.75,0.064755886,677.6055961,1.280292414,10464,3.576890405,672.4553961,8.893003197,188,0.918403054,44.21,0.00692609,72.53001412,0.141845951,10472,1.869434004,67.29962415,1.561747287,36
"KCAE20150702_121736",347.85,"2015","07","02",0.552818476,301.31,0.039245593,410.6266432,0.381990381,10463,2.582556736,405.4614076,1.782330678,157,0.920273755,46.54,0.007557163,79.0781548,0.143881047,10464,1.943494124,73.8527767,1.411009033,38
"KCAE20150702_122158",283.53,"2015","07","02",0.55295236,207.1,0.032544205,340.6076471,0.430028569,10466,2.378956659,335.4328889,2.863985153,141,0.921199359,76.43,0.013021217,136.1758916,0.302280896,10458,3.539270796,130.9530195,3.703555208,37
"KCAE20150702_122621",357.77,"2015","07","02",0.554066924,184.18,0.027829535,291.069107,0.380187693,10459,2.529945344,285.8838239,2.666683734,113,0.917748442,173.59,0.029925761,313.1431584,0.567037765,10464,4.96660982,307.9298088,5.498418141,62
"KCAE20150702_123044",819.81,"2015","07","02",0.553632651,358.59,0.050011933,523.5749214,0.7272051,10469,3.987639589,518.3931466,5.204932879,130,0.914441106,461.22,0.076401273,800.2269317,1.520526856,10474,9.034336377,795.0216011,14.01650885,88
"KCAE20150702_123506",1179.37,"2015","07","02",0.552910293,551.82,0.088538218,925.5785284,2.616549791,10454,8.145095143,920.3957512,23.93256008,113,0.917203093,627.55,0.092059525,976.8436245,1.617834947,10611,8.096547244,971.5856692,12.96211119,120
"KCAE20150702_123929",1056.11,"2015","07","02",0.551343814,475.21,0.071656815,748.7420584,1.859924765,10449,6.884808159,743.5592812,17.04237808,108,0.92017692,580.9,0.086778939,907.7944839,1.773481268,10461,7.521764223,902.6117067,14.83486382,120
"KCAE20150702_124351",1052.35,"2015","07","02",0.553973483,280.51,0.040852929,427.9752834,0.570140029,10476,3.843454332,422.7799766,4.060941465,110,0.923418084,771.84,0.11284257,1181.687391,2.507041013,10472,8.912917539,1176.505115,20.57571204,132
"KCAE20150702_124815",681.36,"2015","07","02",0.552972475,269.67,0.035837707,374.7907434,0.467876035,10458,2.956895806,369.6119757,3.123332756,125,0.917121701,411.69,0.057082425,596.7967551,0.843389614,10455,5.378290665,591.6119731,6.272260333,110
"KCAE20150702_125237",440.87,"2015","07","02",0.55186536,157.2,0.021139111,221.2207985,0.294934749,10465,2.348065036,216.0219833,2.11656714,92,0.921879881,283.67,0.038888594,407.0469151,0.797170592,10467,5.740515306,401.8360714,7.949135763,70
"KCAE20150702_125659",669.04,"2015","07","02",0.55345554,159.79,0.023225467,243.4261188,0.348846884,10481,2.358651439,238.2237953,2.681639152,101,0.916842414,509.25,0.069417663,726.4558402,1.672921995,10465,12.22441501,721.2404858,18.80890526,59
"KCAE20150704_100329",179894.37,"2015","07","04",0.550826855,77531.36,5.977097851,62179.74894,46.52030456,10403,28.2616535,62175.6377,98.01541222,2200,0.923982152,102363.01,6.727554179,70195.30031,53.23972263,10434,79.85268653,70190.51146,166.8389861,879
"KCAE20150704_100824",120823.5,"2015","07","04",0.551249916,55064.03,4.159394462,43486.4691,37.77009611,10455,20.39507397,43482.29771,81.65211509,2132,0.927766222,65759.47,4.255882875,44452.69663,38.45209598,10445,63.49687508,44447.81256,135.3689781,700
"KCAE20150704_101319",45059.98,"2015","07","04",0.551159794,23113.53,2.037967639,21331.40728,13.75562142,10467,10.21417999,21327.20783,29.4167807,2088,0.929168491,21946.45,1.4217795,14866.12645,15.32867456,10456,26.97125625,14861.16219,61.45072431,551
"KCAE20150704_101759",23710.27,"2015","07","04",0.549648855,17736.43,1.834974459,19177.31807,14.64963505,10451,9.357299707,19173.1071,32.01009029,2049,0.922668107,5973.84,0.40463069,4234.460172,3.835951567,10465,9.928236511,4229.428754,16.35599582,426
"KCAE20150704_102238",17246.57,"2015","07","04",0.549503345,14352.96,1.458758491,15260.07257,6.532649078,10461,7.434628697,15255.85809,13.16039316,2052,0.932061061,2893.61,0.211163943,2210.464156,1.961932038,10468,5.773322464,2205.409181,8.576285505,382
"KCAE20150704_102706",11511.93,"2015","07","04",0.53544912,9857.19,1.0647112,11142.20271,5.356199506,10465,6.281921255,11137.84639,11.6885978,1773,0.927675072,1654.74,0.129744877,1358.039629,1.109843829,10467,4.509813528,1352.944059,4.826834481,300
"KCAE20150704_103131",11420.53,"2015","07","04",0.533608455,9148.11,0.959283426,10039.86034,4.252499915,10466,5.647442611,10035.50552,8.948130986,1777,0.912574996,2272.42,0.177981065,1860.970015,1.484434703,10456,5.070800645,1855.913036,6.184011055,366
"KCAE20150704_103557",16249.28,"2015","07","04",0.541375886,14396.15,1.735713751,18162.5087,13.44605627,10464,8.776365988,18158.30123,29.20475683,2069,0.923214338,1853.13,0.1460125,1525.538599,1.675854226,10448,5.034614414,1520.453553,8.531379546,302
"KCAE20150704_104023",10850.71,"2015","07","04",0.529263235,9657.81,1.030536257,10786.623,7.445927461,10467,5.875911037,10782.29675,16.96771006,1835,0.914576695,1192.9,0.109158426,1143.871141,0.8759007,10479,3.419778065,1138.786096,3.585953118,333
"KCAE20150704_104450",5090.96,"2015","07","04",0.535656154,3908.98,0.401662356,4205.806528,1.802740019,10471,3.388048442,4201.180069,4.163881134,1240,0.926409283,1181.98,0.118558518,1240.477776,1.070376032,10463,4.427862673,1235.373686,4.895808576,279
"KCAE20150704_104917",7028.5,"2015","07","04",0.5357004,5749.07,0.570620295,5965.835186,4.536509632,10455,4.988447023,5961.194192,12.5750545,1195,0.926398191,1279.43,0.179544909,1877.501112,3.259551629,10457,8.284838342,1872.373465,20.64691557,226
"KCAE20150704_105343",8155.66,"2015","07","04",0.527523708,5912.94,0.747547224,7826.819436,13.3696299,10470,7.594260416,7822.088228,42.03000365,1030,0.912300149,2242.72,0.301396112,3152.000541,4.91846392,10458,12.74041667,3146.882918,29.48236969,247
"KCAE20150704_105810",5624.39,"2015","07","04",0.52843918,4178.96,0.569464186,5958.303783,9.567145881,10463,7.020618948,5953.484868,32.9427553,848,0.925107168,1445.43,0.197844483,2069.651141,3.040753824,10461,13.40574938,2064.485404,21.30521665,154
"KCAE20150704_110236",5536.68,"2015","07","04",0.528657858,3528,0.424905664,4446.637771,6.739926259,10465,6.01050504,4441.763224,24.70794623,739,0.928474104,2008.68,0.246898451,2584.03919,5.639283681,10466,17.30784189,2578.868441,44.17458123,149
"KCAE20150704_110648",3632.39,"2015","07","04",0.536828533,2593.57,0.314536569,3293.826951,3.461203288,10472,5.195727915,3288.89577,13.15617288,633,0.922729236,1038.82,0.118289918,1237.667413,1.381678635,10463,7.469734464,1232.506187,8.157085845,165
"KCAE20150704_111113",3917.97,"2015","07","04",0.519559669,2744.48,0.307841943,3223.105141,4.719514903,10470,6.347360577,3218.111813,20.55313751,507,0.920641841,1173.49,0.126046148,1317.434341,4.511544159,10452,16.0028906,1312.237029,48.67204995,82
"KCAE20150704_111525",2502.06,"2015","07","04",0.536315883,1956.21,0.206636426,2162.03693,2.515677301,10463,4.305477251,2157.044103,10.71165717,501,0.926068469,545.85,0.050988747,533.2913094,1.191634492,10459,8.382237571,528.0809669,12.98322332,63
"KCAE20150704_111937",1781.59,"2015","07","04",0.534707531,1040.7,0.11581583,1211.433582,0.899086611,10460,2.838598043,1206.404168,3.49204191,425,0.932313469,740.89,0.060868138,637.1676719,1.362084648,10468,7.348422628,631.964346,13.20160356,86
"KCAE20150704_112349",2329.17,"2015","07","04",0.535851283,917.7,0.096584646,1011.434411,1.222185509,10472,3.049549608,1006.351371,6.205618734,330,0.927958993,1411.47,0.109455254,1145.668141,3.05614964,10467,14.81117929,1140.460805,32.64377049,77
"KCAE20150704_112749",1575.16,"2015","07","04",0.554425411,1110.9,0.098000264,1025.768764,1.586293724,10467,4.536158242,1020.635605,9.866665775,225,0.915880559,464.26,0.035633337,373.0454006,0.879234402,10469,8.971195612,367.8190201,10.96110631,41
"KCAE20150704_113134",629.97,"2015","07","04",0.550572916,538.89,0.058528856,612.5630106,1.103740704,10466,3.470887387,607.4052928,7.833223276,175,0.92531098,91.08,0.006872877,71.84906066,0.188794358,10454,4.16360427,66.61766832,2.525880663,16
"KCAE20150704_113519",742.83,"2015","07","04",0.550666088,448.01,0.050453741,528.2506719,0.933056721,10470,3.962646956,523.0693982,7.345439303,132,0.925858112,294.82,0.020792194,217.694275,0.768794346,10470,8.171533674,212.4598755,13.35072754,26
"KCAE20150704_113903",1386.21,"2015","07","04",0.556111924,969.87,0.085109769,889.7375253,1.532684314,10454,5.083823681,884.5853205,10.78802883,174,0.918563767,416.34,0.02764648,289.4033502,0.567786085,10468,8.119270395,284.1744638,5.623143817,35
"KCAE20150704_114249",4505.51,"2015","07","04",0.536943396,3764.78,0.395167198,4133.448888,15.42287756,10460,14.74409572,4128.346802,93.29869341,280,0.924431353,740.73,0.04675289,489.081983,1.343679609,10461,18.60969593,483.8520942,19.90355785,26
"KCAE20150704_114634",397.08,"2015","07","04",0.539543049,390.49,0.053590417,560.5021709,0.917397502,10459,2.63206637,555.3660041,5.924090317,211,0.927126005,6.59,0.000986948,10.33827513,0.023569192,10475,1.018168958,5.09084479,0.400815251,5
"KCAE20150704_115018",308.05,"2015","07","04",0.552826568,295.86,0.048646134,509.7141958,0.847533697,10478,2.222804077,504.5765255,5.333558581,227,0.92718254,12.19,0.002255647,23.60985848,0.07311151,10467,1.836894358,18.36894358,1.572424036,10
"KCAE20150704_115403",144.1,"2015","07","04",0.549658744,139.52,0.027904013,291.7085562,0.24555107,10454,1.484797274,286.565874,1.053051356,193,0.930796601,4.58,0.000501187,5.245425587,0,10466,NA,0,NA,0
"KCAE20150704_115749",231.86,"2015","07","04",0.540467504,222.27,0.038281779,400.6188126,0.341827968,10465,1.749943171,395.4871565,1.557682165,226,0.934885007,9.59,0.001470872,15.40149556,0.0426718,10471,1.69276186,10.15657116,0.615143688,6
"KCAE20150704_120134",216.19,"2015","07","04",0.549802239,148.86,0.025630022,268.346329,0.276126835,10470,1.687032589,263.1770839,1.526341803,156,0.927123907,67.33,0.012184057,127.5183373,0.706438512,10466,17.46806,122.27642,22.68712442,7
"KCAE20150704_120519",282.25,"2015","07","04",0.551227517,146.05,0.023653584,247.5111025,0.282598004,10464,1.938634622,242.3293277,1.731250147,125,0.914270069,136.2,0.018048563,188.8601666,0.989743852,10464,10.80142727,183.6242635,22.73417352,17
"KCAE20150704_120904",222.93,"2015","07","04",0.554980789,133.7,0.021526433,225.144967,0.417490404,10459,2.417018217,219.9486578,3.79478446,91,0.913588513,89.23,0.01396235,146.0042971,0.56458533,10457,10.05502848,140.7703988,12.15130424,14
"KCAE20150704_121250",262.96,"2015","07","04",0.545729687,109.37,0.016351596,171.1685049,0.326725975,10468,2.304974477,165.9581624,3.223194449,72,0.920725371,153.59,0.021158586,221.255335,1.160889769,10457,9.819338463,216.0254462,23.87929734,22
"KCAE20150704_121635",122.06,"2015","07","04",0.543596352,95.15,0.01353738,141.5874565,0.211000987,10459,2.005582647,136.37962,1.701616822,68,0.91452912,26.91,0.003634268,38.02171429,0.106289164,10462,2.341807862,32.78531007,1.787577174,14
"KCAE20150704_122020",107.63,"2015","07","04",0.549097058,100.86,0.015377302,160.9695998,0.178965503,10468,1.622617561,155.7712859,0.945679042,96,0.933257176,6.77,0.000861782,9.015960189,0.026122093,10462,1.886770863,3.773541725,0.153430083,2
"KCAE20150704_122406",108.18,"2015","07","04",0.553790042,103.61,0.016334548,170.8266993,0.209846232,10458,1.903780304,165.6288865,1.311600163,87,0.921128021,4.57,0.000501187,5.240914902,0,10457,NA,0,NA,0
"KCAE20150704_122751",126.66,"2015","07","04",0.551030229,115.19,0.017527944,183.2897063,0.23400561,10457,2.07083597,178.0918935,1.560419166,86,0.922077337,11.47,0.00150762,15.7561395,0.048595308,10451,1.753539808,10.52123885,1.11798351,6
"KCAE20150704_123136",101.69,"2015","07","04",0.548052123,97.11,0.014039295,146.9773759,0.195856508,10469,2.025221856,141.7655299,1.29941061,70,0.919862666,4.58,0.000501187,5.243420838,0,10462,NA,0,NA,0
"KCAE20150704_123521",196.19,"2015","07","04",0.548314477,121.85,0.017742128,185.7423404,0.225329702,10469,1.920665137,180.5425229,1.421901889,94,0.926123817,74.34,0.006650957,69.53575533,0.369000148,10455,9.185621587,64.29935111,11.78458443,7
"KCAE20150704_123907",135.72,"2015","07","04",0.535775949,128.09,0.016689309,174.5868586,0.212842311,10461,2.0911671,169.3845351,1.237725257,81,0.918616964,7.63,0.001036955,10.8486256,0.027969203,10462,1.401802378,5.607209511,0.332573445,4
"KCAE20150704_124251",156.76,"2015","07","04",0.549537498,149.06,0.020839223,217.978274,0.254856918,10460,2.171275223,212.7849719,1.512349974,98,0.913337967,7.7,0.001069109,11.19143606,0.024399963,10468,0.99133587,5.94801522,0.262476865,6
"KCAE20150704_124636",1632.78,"2015","07","04",0.534818559,680.91,0.106005677,1109.137396,2.996660807,10463,9.856692921,1103.949607,27.37539975,112,0.922802549,951.87,0.145938139,1529.285758,3.269545123,10479,23.81352958,1524.065893,34.71855724,64
"KCAE20150704_125021",1559.51,"2015","07","04",0.551595597,886.49,0.132034393,1381.079747,2.496530135,10460,8.338909237,1375.920024,18.12828516,165,0.925653779,673.02,0.101119287,1058.314456,2.064686635,10466,12.24548991,1053.112132,19.34902681,86
"KCAE20150704_125407",1543.27,"2015","07","04",0.551587285,827.38,0.122342467,1279.94689,2.029112502,10462,7.588021839,1274.787669,14.17481156,168,0.92988553,715.89,0.108838871,1139.434145,1.728750271,10469,9.862998714,1134.244852,13.31843,115
"KCAE20150704_125752",933.44,"2015","07","04",0.549972369,516.61,0.074267723,776.1719776,0.904929452,10451,4.356060904,771.0227799,5.465021354,177,0.926368415,416.83,0.061085027,639.4991485,0.8801293,10469,5.984012691,634.3053452,6.438109407,106
"KCAE20150705_100040",1882.42,"2015","07","05",0.547962949,1833.84,0.206217507,2156.004034,1.86686677,10455,7.14589694,2150.914979,8.467305509,301,0.92956922,48.58,0.004771507,49.93859699,0.127089331,10466,3.192870573,44.70018802,1.428858102,14
"KCAE20150705_100506",4142.43,"2015","07","05",0.534591442,4101.9,0.480131578,5026.017357,2.924915283,10468,7.833217146,5021.092191,9.068177645,641,0.92265341,40.53,0.003359089,35.1528699,0.150837009,10465,3.738994374,29.91195499,4.248523983,8
"KCAE20150705_100918",10646.12,"2015","07","05",0.53509845,10593.99,1.232415816,12903.39359,6.425895035,10470,9.306522948,12898.84081,15.39248876,1386,0.926646348,52.13,0.006220552,65.11673671,0.117788688,10468,1.996178145,59.88534436,0.948349093,30
"KCAE20150705_101330",9719.22,"2015","07","05",0.539960746,9288.38,1.068013755,11169.28785,4.575414227,10458,7.235787276,11164.81977,9.864643967,1543,0.924445954,430.84,0.05357404,561.0273436,0.610416098,10472,3.47411938,555.8591008,3.547086181,160
"KCAE20150705_101742",13579.67,"2015","07","05",0.534006852,12840.05,1.463968239,15304.32397,4.993570771,10454,7.132941539,15300.1596,9.006716059,2145,0.928311654,739.62,0.09558153,1000.165125,0.747687814,10464,3.41947267,995.066547,2.960776188,291
"KCAE20150705_102209",14463.67,"2015","07","05",0.535300381,13391.57,1.522109909,15918.22543,5.220938264,10458,6.554448475,15914.2009,9.189652107,2428,0.929078865,1072.1,0.139717479,1460.466805,0.906177657,10453,3.549837517,1455.433382,2.975137831,410
"KCAE20150705_102621",18410.19,"2015","07","05",0.540085182,14856.24,1.661203572,17381.17298,4.978468314,10463,6.031715715,17377.37298,7.979150269,2881,0.926240247,3553.95,0.430766539,4508.833359,1.887809484,10467,4.162781624,4504.129717,4.353859128,1082
"KCAE20150705_103046",14229.05,"2015","07","05",0.533265904,12154.87,1.368943533,14330.1009,4.292072333,10468,5.507942355,14326.15806,7.166463391,2601,0.925296236,2074.18,0.261847504,2739.44859,1.271910116,10462,3.588696947,2734.587074,3.207057284,762
"KCAE20150705_103526",11498.01,"2015","07","05",0.535698167,10130.57,1.183103433,12383.54364,3.492057654,10467,4.781612701,12379.59528,5.665995434,2589,0.923473579,1367.44,0.173870372,1819.553443,1.026017455,10465,2.999358243,1814.611737,3.12257051,605
"KCAE20150705_104005",8270.3,"2015","07","05",0.550370888,6923.06,0.834868398,8746.081342,2.773327339,10476,4.186722885,8741.877383,4.956390591,2088,0.919503706,1347.24,0.150026799,1568.680215,1.303167609,10456,3.305870746,1563.676863,5.211864723,473
"KCAE20150705_104500",5296.96,"2015","07","05",0.551041224,4518.89,0.537230353,5620.503953,2.42588142,10462,3.731571308,5616.014819,5.38571354,1505,0.922788866,778.07,0.084948046,889.4060418,0.763147831,10470,3.158210514,884.2989439,3.480533535,280
"KCAE20150705_104957",3670.76,"2015","07","05",0.55355702,2968.02,0.365546724,3825.080918,1.514732049,10464,3.199694231,3820.434912,3.323878534,1194,0.923995272,702.74,0.072259188,756.4091804,0.698657222,10468,3.353906332,751.2750184,3.443405978,224
"KCAE20150705_105453",2105.04,"2015","07","05",0.553763328,1595.3,0.204936362,2144.454093,1.067905393,10464,2.804183585,2139.592075,2.891724968,763,0.925651948,509.74,0.051256307,536.3972536,0.757837261,10465,3.36222479,531.2315168,5.203518987,158
"KCAE20150705_105948",1063.74,"2015","07","05",0.55088952,769.52,0.105765233,1106.304342,0.614747331,10460,2.238431925,1101.308507,1.807659293,492,0.925649304,294.22,0.029304917,306.7931769,0.660420675,10469,3.769829284,301.5863427,6.596637376,80
"KCAE20150705_110443",648.97,"2015","07","05",0.554345418,587.88,0.080759196,844.9027065,0.646926074,10462,2.441371204,839.831694,2.64297204,344,0.929455237,61.09,0.00705662,73.75579155,0.149216687,10452,2.538182024,68.53091464,1.509863749,27
"KCAE20150705_110939",442.03,"2015","07","05",0.552332235,358.4,0.049595243,518.5678628,0.370426292,10456,1.937585901,513.4602637,1.327780193,265,0.923144461,83.63,0.010313018,107.9257373,0.341167828,10465,4.464884356,102.6923402,5.879716171,23
"KCAE20150705_111435",308.59,"2015","07","05",0.554199977,262.21,0.040407914,422.7475999,0.380784012,10462,1.998128838,417.6089272,1.833779386,209,0.929967874,46.38,0.004786386,50.03687664,0.117132107,10454,2.48924926,44.80648667,1.374490171,18
"KCAE20150705_111931",182.28,"2015","07","05",0.553575157,169.85,0.026557372,277.8432244,0.264888348,10462,1.805797899,272.6754828,1.288369005,151,0.928813258,12.43,0.00172308,18.01996608,0.047333724,10458,1.597819936,12.78255949,0.658234703,8
"KCAE20150705_112427",167.31,"2015","07","05",0.553021049,119.11,0.017736961,185.5463497,0.246415841,10461,2.097052699,180.3465321,1.749727577,86,0.928346564,48.2,0.005422784,56.74943863,0.188130352,10465,3.679395061,51.51153085,3.732667653,14
"KCAE20150705_112922",104.49,"2015","07","05",0.551918293,91.91,0.014593356,152.6319098,0.199274993,10459,2.076416574,147.4255768,1.261521423,71,0.925007827,12.58,0.001700379,17.76895954,0.052365834,10450,1.790723038,12.53506126,1.019298207,7
"KCAE20150705_113419",67.58,"2015","07","05",0.550461384,52.69,0.008749857,91.57600667,0.119748201,10466,1.463731375,86.36015113,0.649334466,59,0.921183929,14.89,0.001925711,20.1525705,0.059692435,10465,1.863956949,14.9116556,1.166599721,8
"KCAE20150705_113915",71.8,"2015","07","05",0.551957906,56.63,0.007196803,75.24257627,0.143743128,10455,1.795441283,70.02221004,1.545958895,39,0.928419271,15.17,0.002227146,23.30485598,0.060970707,10464,1.806544464,18.06544464,0.837236719,10
"KCAE20150705_114410",51.9,"2015","07","05",0.550756892,36.89,0.0048049,50.27847425,0.112500367,10464,1.958503406,45.04557834,1.42127104,23,0.923637238,15.01,0.00208755,21.84203514,0.052353371,10463,1.38367728,16.60412736,0.722574729,12
"KCAE20150705_114849",75.23,"2015","07","05",0.553224529,57.95,0.007904166,82.6854781,0.129241085,10461,1.801490919,77.4641095,0.923452784,43,0.928128762,17.28,0.001908289,19.94925481,0.080185078,10454,3.677962056,14.71184822,2.092440572,4
"KCAE20150705_115330",72.47,"2015","07","05",0.549240586,57.91,0.006654332,69.66420113,0.129209548,10469,1.840994672,64.43481354,1.290248292,35,0.920575088,14.56,0.001878431,19.64463269,0.06551107,10458,2.401037287,14.40622372,1.436851064,6
"KCAE20150705_115755",76.59,"2015","07","05",0.526460245,56.85,0.007625584,79.7941149,0.133121819,10464,1.86424348,74.56973918,1.097887406,40,0.92762349,19.74,0.002422512,25.3419012,0.070753683,10461,1.827681328,20.10449461,1.252109899,11
"KCAE20150705_120221",52.53,"2015","07","05",0.531677999,47.96,0.005213767,54.54121137,0.139174829,10461,2.739295171,49.30731308,1.997363227,18,0.929176738,4.57,0.000501187,5.241416089,0,10458,NA,0,NA,0
"KCAE20150705_120619",62.38,"2015","07","05",0.555501792,45.03,0.005595089,58.56379763,0.122791885,10467,2.222079139,53.32989935,1.312590167,24,0.925256135,17.35,0.002152508,22.50662521,0.069586547,10456,2.158777624,17.27022099,1.383028259,8
"KCAE20150705_121017",49.28,"2015","07","05",0.556842823,40.59,0.005278861,55.28550825,0.112334094,10473,1.924984816,50.04960522,1.201501082,26,0.927225758,8.69,0.001213614,12.68712232,0.042694997,10454,1.490043384,7.450216921,1.411206088,5
"KCAE20150705_121402",62.1,"2015","07","05",0.551425647,53.58,0.006271643,65.59511017,0.142076379,10459,2.321777837,60.36622376,1.689423962,26,0.923540308,8.52,0.001295641,13.55758806,0.028015985,10464,0.924186171,8.317675536,0.259860516,9
"KCAE20150705_121748",113.26,"2015","07","05",0.553560814,92.78,0.009945583,104.0805224,0.187529156,10465,2.671733566,98.85414193,1.707093124,37,0.927137764,20.48,0.002897748,30.31333953,0.1199515,10461,2.279630267,25.07593294,3.056527944,11
"KCAE20150705_122133",137.27,"2015","07","05",0.551937702,115.89,0.01183429,123.7511664,0.195457761,10457,2.236543669,118.5368145,1.61606953,53,0.926428867,21.38,0.002593421,27.12977987,0.071759484,10461,1.990215753,21.89237328,1.017848626,11
"KCAE20150705_122518",153.75,"2015","07","05",0.556340405,128.51,0.013485554,141.1802599,0.2263299,10469,2.614603702,135.9593925,1.892435862,52,0.922469343,25.24,0.003273289,34.29425262,0.098375651,10477,2.420777352,29.04932822,1.68339419,12
"KCAE20150705_122903",89.62,"2015","07","05",0.55494884,76.47,0.007657931,80.19385428,0.146704826,10472,2.271574568,74.96196075,1.319207607,33,0.920929585,13.15,0.001530252,16.02479899,0.04619093,10472,1.796562234,10.7793734,0.774212443,6
"KCAE20150705_123249",72.57,"2015","07","05",0.551578251,64.88,0.00827383,86.63527659,0.179499831,10471,2.142273426,81.40639018,2.103181756,38,0.923299089,7.69,0.000843232,8.823576346,0.024901883,10464,1.790077754,3.580155507,0.290174789,2
"KCAE20150705_123634",128.71,"2015","07","05",0.551165219,114.1,0.013217654,138.3359651,0.206409456,10466,2.113049433,133.1221143,1.638213772,63,0.922507288,14.61,0.001839433,19.23863094,0.047784783,10459,1.400172554,14.00172554,0.691823435,10
"KCAE20150705_124019",90.46,"2015","07","05",0.540913258,83.75,0.011390869,119.0915358,0.17490633,10455,1.836817691,113.8826968,1.354913991,62,0.921633773,6.71,0.000994016,10.41132786,0.021571951,10474,0.860816649,5.164899894,0.295055432,6
"KCAE20150705_124404",116.47,"2015","07","05",0.550248198,103.21,0.014735401,154.2796473,0.209908642,10470,2.042038406,149.0688036,1.486736859,73,0.9249289,13.26,0.001991575,20.82589698,0.048901223,10457,1.299249694,15.59099633,0.65961404,12
"KCAE20150705_124750",95.68,"2015","07","05",0.550681039,87.28,0.012944945,135.5076843,0.182260298,10468,1.809685303,130.2973418,1.26522109,72,0.922468795,8.4,0.001342392,14.04410499,0.037327874,10462,1.467281878,8.803691271,0.578752979,6
"KCAE20150705_125135",139.73,"2015","07","05",0.551576272,128.68,0.020332258,212.4924269,0.33020864,10451,2.093981178,207.3041366,2.691011748,99,0.9228038,11.05,0.001599413,16.73945262,0.052612231,10466,1.916172359,11.49703416,1.179954032,6
"KCAE20150705_125521",154.21,"2015","07","05",0.551363925,140.83,0.020490262,214.1437314,0.231144728,10451,1.882535635,208.9614554,1.24070829,111,0.921844281,13.38,0.002054938,21.48848291,0.04745515,10457,1.250314111,16.25408344,0.521667578,13
"KCAE20150705_125907",149.08,"2015","07","05",0.549609427,137.59,0.020335396,212.9115938,0.225720871,10470,1.790709493,207.7223012,1.200548314,116,0.919514366,11.49,0.001195962,12.51933277,0.034076201,10468,1.455082148,7.275410742,0.628524743,5
"KCAE20150706_100910",5871.42,"2015","07","06",0.551189112,5866.85,0.721139931,7545.287103,2.04017574,10463,3.176593513,7541.233,3.247867786,2374,1.557006398,4.57,0.000501187,5.238408966,0,10452,NA,0,NA,0
"KCAE20150706_101852",13472.69,"2015","07","06",0.551720651,13468.12,1.685539001,17620.62471,3.376430964,10454,4.287526084,17617.44468,4.225052361,4109,1.555795533,4.57,0.000501187,5.23941134,0,10454,NA,0,NA,0
"KCAE20150706_102834",17040.11,"2015","07","06",0.548898425,17033.91,2.116617113,22114.4156,3.763096439,10448,4.570401806,22111.60394,4.401019076,4838,1.556095687,6.2,0.000764486,7.992702476,0.013474972,10455,0.688698674,2.754794698,0.03849422,4
"KCAE20150706_103815",13898.15,"2015","07","06",0.551265534,13874.55,1.819101505,19027.80175,3.535509176,10460,4.079969197,19024.89637,4.337938877,4663,1.557417589,23.6,0.004083621,42.70650938,0.066059161,10458,0.93712852,37.48514078,0.523199607,40
"KCAE20150706_104757",9961.48,"2015","07","06",0.547652336,9916.95,1.362761845,14255.85166,2.5368644,10461,3.22608035,14252.82298,3.037901107,4418,1.556323211,44.53,0.008212271,85.8839348,0.110231455,10458,1.105193224,80.67910538,0.732190625,73
"KCAE20150706_105738",7337.2,"2015","07","06",0.55092957,7308.38,1.077248268,11261.5534,2.125640149,10454,2.820925639,11258.31422,2.630212509,3991,1.556059959,28.82,0.005374205,56.18731423,0.078472891,10455,1.019449221,50.97246107,0.509325055,50
"KCAE20150706_110720",6739.89,"2015","07","06",0.551263051,6714.14,0.998669106,10441.0855,2.092690739,10455,2.708297137,10437.77717,2.692876767,3854,1.556504085,25.75,0.005058266,52.89428889,0.084430215,10457,1.083532414,47.67542623,0.733615745,44
"KCAE20150706_111702",4940.86,"2015","07","06",0.550838697,4915.81,0.731357107,7650.726696,1.642966676,10461,2.290253741,7647.15724,2.21091119,3339,1.556686212,25.05,0.004880189,50.9979756,0.086776871,10450,1.090038545,45.78161888,0.841396359,42
"KCAE20150706_112643",4183.94,"2015","07","06",0.548646431,4166.66,0.620600847,6492.726065,1.378697252,10462,2.079156312,6489.046849,1.827670113,3121,1.557260794,17.28,0.003211873,33.5865546,0.078618698,10457,1.417783172,28.35566344,1.136257914,20
"KCAE20150706_113625",3684.25,"2015","07","06",0.551450449,3673.65,0.543783493,5688.519124,1.314720194,10461,1.984885337,5684.711604,1.8585894,2864,1.556750509,10.6,0.001813801,18.96872886,0.060275838,10458,1.373232464,13.73232464,1.459308656,10
"KCAE20150706_114607",3268.66,"2015","07","06",0.552150927,3262.7,0.493621628,5164.763096,1.188705099,10463,1.880792432,5160.894432,1.667370252,2744,1.556458202,5.96,0.000799018,8.356126468,0.019926425,10458,1.03873798,3.11621394,0.677938918,3
"KCAE20150706_115550",2688.32,"2015","07","06",0.547930119,2683.75,0.408397499,4272.246233,1.01287938,10461,1.750707633,4268.225208,1.432882194,2438,1.556044278,4.57,0.000501187,5.242418464,0,10460,NA,0,NA,0
"KCAE20150706_120532",2013.64,"2015","07","06",0.549252074,2008.54,0.308048299,3222.185206,0.877942394,10460,1.600970236,3217.950174,1.393714451,2010,1.557036486,5.1,0.000602894,6.298429214,0.007362517,10447,0.531764279,1.063528559,0.043242473,2
"KCAE20150706_121514",1818.62,"2015","07","06",0.552836211,1813.11,0.275166846,2878.52038,0.812369328,10461,1.567173739,2874.196637,1.319359227,1834,1.558150232,5.51,0.000729706,7.63929626,0.019878826,10469,1.196684743,2.393369486,1.129359233,2
"KCAE20150706_122455",1378.51,"2015","07","06",0.551478995,1373.93,0.210039642,2195.964458,0.674788657,10455,1.460011211,2191.476827,1.160970329,1501,1.55862112,4.58,0.000501187,5.243922025,0,10463,NA,0,NA,0
"KCAE20150706_123437",1166.91,"2015","07","06",0.551795996,1162.33,0.182742341,1911.850372,0.623501562,10462,1.461502682,1907.261001,1.117575811,1305,1.55830201,4.58,0.000501187,5.243420838,0,10462,NA,0,NA,0
"KCAE20150706_124420",969.49,"2015","07","06",0.552246006,964.91,0.151994919,1589.866849,0.549969072,10460,1.379634721,1585.200294,1.030097448,1149,1.558030805,4.58,0.000501187,5.245425587,0,10466,NA,0,NA,0
"KCAE20150706_125402",894.22,"2015","07","06",0.548850149,889.65,0.13830598,1446.127323,0.541829696,10456,1.414521707,1441.39762,1.099423987,1019,1.557086766,4.57,0.000501187,5.237406591,0,10450,NA,0,NA,0
"KCAE20150707_100458",13573.11,"2015","07","07",0.552107635,13568.54,1.688097582,17654.12451,6.148490555,10458,4.613382288,17650.80064,9.479082608,3826,1.555732891,4.57,0.000501187,5.239912528,0,10455,NA,0,NA,0
"KCAE20150707_101440",27100.13,"2015","07","07",0.546997952,27095.56,3.459850051,36179.65199,4.699601631,10457,5.206201442,36177.89382,4.913773692,6949,1.557380104,4.57,0.000501187,5.23590303,0,10447,NA,0,NA,0
"KCAE20150707_102422",34855.04,"2015","07","07",0.551651224,34832.71,4.342694144,45420.23805,6.738378719,10459,5.747779867,45418.95651,7.212764032,7902,1.556839939,22.33,0.003497945,36.59200161,0.090259897,10461,1.425459458,31.36010808,1.391108699,22
"KCAE20150707_103405",34086.93,"2015","07","07",0.547507233,33697.39,4.249163878,44446.25416,4.881334597,10460,5.476904359,44445.07888,4.897885467,8115,1.558272882,389.54,0.072857071,762.0121078,0.415054036,10459,1.431068655,757.0353186,1.21054715,529
"KCAE20150707_104346",25066.73,"2015","07","07",0.549120653,24652.78,3.282638441,34313.41963,3.585470044,10453,4.525452482,34311.98072,3.47846551,7582,1.555855376,413.95,0.08172885,855.1289526,0.42493669,10463,1.364682617,850.1972702,1.133225625,623
"KCAE20150707_105328",17062.25,"2015","07","07",0.552390981,16753.96,2.361865331,24702.7495,2.857817739,10459,3.716088306,24700.83897,2.796267882,6647,1.55678249,308.29,0.058823758,615.4141554,0.359376607,10462,1.359456053,610.3957676,1.115482114,449
"KCAE20150707_110309",12918.79,"2015","07","07",0.550805517,12658.81,1.851611317,19364.15115,2.568999459,10458,3.29507398,19361.85471,2.643975354,5876,1.55788066,259.98,0.049330955,515.8537985,0.375008153,10457,1.601168534,510.7727623,1.460217389,319
"KCAE20150707_111252",11041.02,"2015","07","07",0.546367414,10900.58,1.596183347,16699.27018,2.528315801,10462,3.105211389,16696.72164,2.784381295,5377,1.558672694,140.44,0.026389318,275.9267053,0.240902521,10456,1.39579135,270.7835219,1.105959759,194
"KCAE20150707_112234",7852.14,"2015","07","07",0.551463896,7763.93,1.181289879,12358.65471,2.020859678,10462,2.726921689,12355.68217,2.283812833,4531,1.558185864,88.21,0.014516422,151.7982263,0.207712633,10457,1.766251927,146.5989099,1.539677045,83
"KCAE20150707_113217",8143.06,"2015","07","07",0.547202116,8118.6,1.196243939,12512.7116,2.224815821,10460,2.813697135,12509.69746,2.663749443,4446,1.558794557,24.46,0.003389482,35.44719815,0.083788516,10458,1.373491281,30.21680818,1.234977024,22
"KCAE20150707_114159",6694.02,"2015","07","07",0.547395874,6650.64,1.023230927,10699.9258,1.866516444,10457,2.612783769,10696.73675,2.178662967,4094,1.557452478,43.38,0.004661629,48.76529951,0.12279045,10461,1.892778572,43.53390716,1.852949149,23
"KCAE20150707_115141",5148.57,"2015","07","07",0.548579083,5119.91,0.808902179,8461.116791,1.64408053,10460,2.384452237,8457.652083,2.053159279,3547,1.559549043,28.66,0.002214058,23.1524001,0.105310481,10457,3.582798226,17.91399113,3.599533665,5
"KCAE20150707_120123",5721.44,"2015","07","07",0.547241561,5709.39,0.840286307,8785.193339,1.842794487,10455,2.511211346,8781.706078,2.440950569,3497,1.556595626,12.05,0.001278689,13.37380332,0.052077985,10459,2.033472698,8.133890791,1.986432722,4
"KCAE20150707_121105",3494.78,"2015","07","07",0.550970499,3490.21,0.545348493,5704.89059,1.308805321,10461,2.126442131,5700.991353,1.822947,2681,1.556697313,4.57,0.000501187,5.242418464,0,10460,NA,0,NA,0
"KCAE20150707_122048",3116.14,"2015","07","07",0.547098922,3108.19,0.499219057,5221.831333,2.419086804,10460,2.120204119,5217.822336,4.630662045,2461,1.557159745,7.95,0.000804072,8.412204849,0.021905316,10462,1.584893192,3.169786385,0,2
"KCAE20150707_123030",2451.21,"2015","07","07",0.548168012,2446.64,0.411317507,4299.913216,2.341693127,10454,1.966026956,4295.768899,4.815379754,2185,1.558093073,4.57,0.000501187,5.241416089,0,10458,NA,0,NA,0
"KCAE20150707_124011",2109.89,"2015","07","07",0.548709759,2105.32,0.354684102,3711.05976,2.18144072,10463,1.918625327,3706.784132,4.77292065,1932,1.557142239,4.57,0.000501187,5.237907779,0,10451,NA,0,NA,0
"KCAE20150707_124954",2286.53,"2015","07","07",0.546817413,2281.95,0.40560248,4243.007541,1.152471617,10461,1.978916043,4238.838165,1.837075165,2142,1.558384809,4.58,0.000501187,5.242919651,0,10461,NA,0,NA,0
"KCAE20150707_125936",1935.19,"2015","07","07",0.552419066,1930.62,0.349169972,3646.731192,1.059279814,10444,1.958295162,3642.429001,1.775178766,1860,1.55659397,4.57,0.000501187,5.23941134,0,10454,NA,0,NA,0
"KCAE20150708_100111",12886.61,"2015","07","08",0.547339371,12879.29,1.41158528,14766.59362,7.994392766,10461,18.20192005,14761.75716,22.78872047,811,1.557303349,7.32,0.000806053,8.433736606,0.022194138,10463,1.595408477,3.190816955,0.258618553,2
"KCAE20150708_101053",24505.62,"2015","07","08",0.547787406,24484.42,2.655542216,27776.97158,10.60033726,10460,12.7456729,27772.82125,20.27165877,2179,1.557481262,21.2,0.002366408,24.76919239,0.079611509,10467,2.789539133,19.52677393,1.409415628,7
"KCAE20150708_102034",29752.48,"2015","07","08",0.55123925,29742.72,3.187631627,33352.18972,9.092956621,10463,7.506003279,33349.17257,12.74037776,4443,1.556148451,9.76,0.001223796,12.79723902,0.0389469,10457,1.889582215,7.558328862,0.728297288,4
"KCAE20150708_103015",26551.15,"2015","07","08",0.548517978,26291.75,2.722093606,28475.82121,5.809051607,10461,4.824387716,28473.5363,7.047903172,5902,1.556923956,259.4,0.039220227,410.2827989,0.369881309,10461,1.784817836,405.1536487,1.789866737,227
"KCAE20150708_103956",22563.48,"2015","07","08",0.548783487,21363.79,2.19986741,22993.01417,4.185894767,10452,3.787614162,22990.81796,4.915175642,6070,1.557917899,1199.69,0.182025181,1903.619346,0.756253742,10458,1.937621524,1898.869093,1.644559292,980
"KCAE20150708_104937",16685.5,"2015","07","08",0.549035473,14892.72,1.620476777,16951.80757,6.583147734,10461,3.033172026,16949.36528,8.766540409,5588,1.557463272,1792.78,0.285470644,2985.737465,0.943996704,10459,2.030811506,2981.23129,1.675326083,1468
"KCAE20150708_105919",9954.91,"2015","07","08",0.547929729,8264.06,1.028277693,10759.89777,1.939846969,10464,2.351759025,10756.94578,2.344613452,4574,1.556859807,1690.85,0.278999283,2918.053503,0.945988572,10459,1.876104269,2913.589929,1.741462886,1553
"KCAE20150708_110900",7705.99,"2015","07","08",0.553208732,6633.99,0.887345631,9280.747952,2.108119214,10459,2.267242643,9277.556893,2.869177714,4092,1.556782076,1072,0.183126298,1915.317947,0.731600718,10459,1.814438538,1910.60378,1.535884283,1053
"KCAE20150708_111842",5505.62,"2015","07","08",0.549126733,4931.75,0.672952879,7035.722346,1.488796706,10455,2.061621807,7032.191983,1.982950933,3411,1.55738897,573.87,0.102293104,1069.678993,0.685577036,10457,1.884462387,1064.721249,2.313036255,565
"KCAE20150708_112823",4130.34,"2015","07","08",0.550762833,3973.61,0.544234685,5692.150568,1.292964475,10459,1.921105257,5688.392666,1.805874324,2961,1.556500038,156.73,0.028370667,296.7288027,0.245504383,10459,1.349977509,291.5951419,1.067702853,216
"KCAE20150708_113805",4092.23,"2015","07","08",0.551633851,4051.45,0.53724616,5618.52034,1.248389009,10458,1.921541202,5614.743393,1.708522259,2922,1.55781065,40.78,0.00673362,70.43366825,0.135138523,10460,1.358652225,65.21530678,1.479457867,48
"KCAE20150708_114747",3859.78,"2015","07","08",0.55119009,3830.27,0.486872076,5092.195043,1.276728163,10459,1.905727077,5088.291295,1.919048788,2670,1.556720271,29.51,0.004495632,47.03330592,0.087781017,10462,1.045248314,41.80993257,0.9755258,40
"KCAE20150708_115728",2365.93,"2015","07","08",0.549130464,2334.49,0.344871403,3606.665136,0.971568505,10458,1.577997341,3602.56793,1.542535618,2283,1.556701252,31.44,0.005175826,54.13913502,0.111681299,10460,1.322034067,48.91526048,1.35464279,37
"KCAE20150708_120710",1943.18,"2015","07","08",0.551163563,1918.24,0.306047485,3201.868788,0.837671008,10462,1.547754511,3197.66082,1.277697562,2066,1.556041044,24.94,0.004240344,44.33279153,0.072764805,10455,1.029261161,39.11192412,0.642628781,38
"KCAE20150708_121651",3110.86,"2015","07","08",0.548103087,3048.85,0.42535413,4447.502784,5.431766299,10456,2.070520931,4443.337918,11.84902989,2146,1.557341689,62.01,0.009885306,103.3805273,0.125912822,10458,1.128536949,98.18271453,0.806962473,87
"KCAE20150708_122633",2921.77,"2015","07","08",0.548126615,2865.84,0.39923277,4173.978609,2.112660241,10455,1.82489449,4169.883909,4.222182844,2285,1.556703673,55.93,0.009770937,102.2137729,0.124972933,10461,1.043198534,97.01746369,0.828529148,93
"KCAE20150708_123615",4275.59,"2015","07","08",0.548339499,4189.98,0.554275084,5795.500278,7.205815795,10456,2.263205316,5791.542402,14.43445165,2559,1.556909926,85.61,0.015640067,163.5638167,0.155187742,10458,1.008924121,158.401087,0.778638176,157
"KCAE20150708_124556",4126.63,"2015","07","08",0.55052937,4052.67,0.553745119,5786.636498,3.151313518,10450,2.066762478,5782.801413,5.828539579,2798,1.556581026,73.96,0.015358231,160.5395912,0.138090465,10453,0.908692305,155.3863841,0.596921285,171
"KCAE20150708_125538",5170.49,"2015","07","08",0.546470794,5025.05,0.638164471,6672.647706,9.927270177,10456,2.398849134,6668.800593,19.14517458,2780,1.558733373,145.44,0.029238518,305.7179491,0.201085202,10456,0.982453917,300.6308987,0.668570325,306
"KCAE20150709_100530",7496.46,"2015","07","09",0.547451388,7491.89,0.845937547,8847.660808,4.518610396,10459,10.77080434,8842.830365,12.38458622,821,1.557330401,4.57,0.000501187,5.239912528,0,10455,NA,0,NA,0
"KCAE20150709_101512",31307.24,"2015","07","09",0.548002949,31301.92,3.342149734,34978.93912,11.99864304,10466,14.82614498,34974.876,21.64739281,2359,1.556146087,5.32,0.000637391,6.665198107,0.009912791,10457,0.71264279,1.425285579,0.115520664,2
"KCAE20150709_102454",30496.29,"2015","07","09",0.548586821,30293.61,3.113967217,32565.86915,9.148731572,10458,8.451222116,32562.55881,13.49453852,3853,1.557258708,202.68,0.031614593,330.6886466,0.257840471,10460,1.334297204,325.5685178,1.056781051,244
"KCAE20150709_103434",22152.95,"2015","07","09",0.548713908,20602.11,2.102592701,21978.40151,4.888071622,10453,5.035598024,21975.34978,6.516693164,4364,1.562518439,1550.84,0.24835282,2597.770493,0.895589061,10460,2.168166801,2593.127494,1.689688302,1196
"KCAE20150709_104416",17519.35,"2015","07","09",0.547729638,14747.87,1.493941449,15626.62756,3.524131705,10460,3.848132995,15623.41996,4.789736665,4060,1.559730244,2771.48,0.434450152,4542.610793,1.246772462,10456,2.306075567,4538.356716,1.986152996,1968
"KCAE20150709_105358",10036.2,"2015","07","09",0.547803621,7767.18,0.830753342,8693.833725,2.140696333,10465,2.87466222,8690.10389,3.160887794,3023,1.560248231,2269.02,0.363357738,3799.631868,1.128530193,10457,2.103822115,3795.295095,1.929505601,1804
"KCAE20150709_110338",6025.45,"2015","07","09",0.547213468,4976.69,0.565726527,5916.933742,1.959507583,10459,2.642007811,5912.813482,3.530373567,2238,1.557599121,1048.76,0.168275955,1759.493381,0.738716697,10456,1.930372438,1754.708546,1.696769142,909
"KCAE20150709_111320",3590.6,"2015","07","09",0.548065787,3028.3,0.4008569,4191.359745,1.243752327,10456,2.157182965,4187.092136,2.132330479,1941,1.557535525,562.3,0.089241362,932.1260265,0.537600339,10445,1.88442624,927.13771,1.660934014,492
"KCAE20150709_112302",2376.98,"2015","07","09",0.54704186,2206.96,0.340937613,3564.843682,1.09306591,10456,2.07124189,3560.464809,1.919868078,1719,1.557160766,170.02,0.02645975,276.76898,0.254737286,10460,1.543265741,271.6147705,1.234834261,176
"KCAE20150709_113243",1996.59,"2015","07","09",0.547169179,1922.52,0.299835171,3136.875558,1.126209746,10462,2.079938197,3132.386925,2.260973929,1506,1.559233385,74.07,0.011448753,119.7654014,0.155123494,10461,1.397116818,114.5635791,1.071585628,82
"KCAE20150709_114225",1954.23,"2015","07","09",0.547757365,1885.27,0.284403996,2973.159372,0.984564933,10454,1.901795204,2968.702314,1.848859173,1561,1.560360705,68.96,0.010895769,113.9152603,0.158872522,10455,1.489204581,108.7119344,1.19726677,73
"KCAE20150709_115207",1546.93,"2015","07","09",0.547857498,1516.15,0.238811803,2497.493839,0.829318713,10458,1.734845253,2492.972629,1.553034806,1437,1.559263199,30.78,0.0039905,41.72466864,0.097787993,10456,1.520678476,36.49628342,1.393160593,24
"KCAE20150709_120148",1684.23,"2015","07","09",0.548053015,1677.86,0.232936811,2436.286101,0.824563017,10459,1.789349005,2431.725297,1.56516078,1359,1.560561911,6.37,0.000879796,9.2035496,0.024073028,10461,1.32071117,3.962133511,0.645878528,3
"KCAE20150709_121130",1625.62,"2015","07","09",0.548133898,1615.88,0.217578385,2275.652326,0.841141839,10459,1.866080817,2271.020354,1.734058697,1217,1.557688324,9.74,0.001441457,15.07619563,0.03605274,10459,1.093198782,9.838789034,0.597564214,9
"KCAE20150709_122113",1481.83,"2015","07","09",0.547142248,1474.76,0.206802535,2163.154512,0.826183886,10460,1.807797748,2158.510511,1.757344861,1194,1.557766711,7.07,0.000994271,10.39609712,0.0263078,10456,1.289422038,5.157688151,0.44466603,4
"KCAE20150709_123053",1472.21,"2015","07","09",0.551473703,1456.66,0.207786485,2173.238847,0.745569814,10459,1.76740985,2168.611886,1.408455954,1227,1.556626417,15.55,0.00158591,16.58861921,0.061995898,10460,2.837051373,11.34820549,1.635778732,4
"KCAE20150709_124035",1611.46,"2015","07","09",0.546544099,1606.89,0.232509376,2432.745604,0.856018609,10463,1.840911864,2428.162748,1.689433732,1319,1.557675035,4.57,0.000501187,5.240413715,0,10456,NA,0,NA,0
"KCAE20150709_125017",2134.85,"2015","07","09",0.547505222,2130.28,0.290857941,3042.08321,1.060466128,10459,1.984068328,3037.60861,2.079928096,1531,1.558235857,4.57,0.000501187,5.240413715,0,10456,NA,0,NA,0
"KCAE20150709_125958",2170.65,"2015","07","09",0.548392651,2159.37,0.290086808,3034.308017,0.945700526,10460,1.964875765,3029.838429,1.666744555,1542,1.556749136,11.28,0.001175448,12.28577799,0.040306935,10452,1.762343443,7.049373774,1.233910539,4
"KCAE20150710_100036",88060.13,"2015","07","10",0.54762325,88038.65,9.23661571,96522.63417,49.99808665,10450,25.52070128,96519.29226,80.5771354,3782,1.558118702,21.48,0.002282481,23.86562531,0.061062265,10456,1.863022347,18.63022347,0.693288615,10
"KCAE20150710_101018",0,"2015","07","10",NA,0,NA,0,NA,0,NA,0,NA,0,NA,0,NA,0,NA,0,NA,0,NA,0
"KCAE20150710_101959",90308.78,"2015","07","10",0.548546418,90293.64,9.7987177,102445.5936,31.33048129,10455,17.11954424,102443.3527,39.87211818,5984,1.557287596,15.14,0.001848717,19.34127819,0.046779563,10462,1.282124583,14.10337041,0.695912875,11
"KCAE20150710_102940",85791.03,"2015","07","10",0.547973715,85426.31,10.02629129,104844.9281,32.68154034,10457,13.82977004,104843.4866,37.69255078,7581,1.557986763,364.72,0.050396022,526.5880312,0.368073337,10449,1.732564728,521.5019831,1.339743015,301
"KCAE20150710_103922",86179.98,"2015","07","10",0.546439874,84929.91,10.62403166,110925.5145,35.90313069,10441,14.67832064,110924.0691,41.49122821,7557,1.557707045,1250.07,0.17495051,1829.457485,0.745824701,10457,1.98119236,1824.678163,1.655432619,921
"KCAE20150710_104903",80900.64,"2015","07","10",0.547368032,78542.66,10.12705778,105898.6432,37.52165762,10457,15.70702778,105896.7813,45.78326034,6742,1.557383212,2357.98,0.345537859,3612.252781,1.238237171,10454,2.484670174,3607.741093,2.393275069,1452
"KCAE20150710_105844",49001.05,"2015","07","10",0.54716241,46584.84,5.887726394,61591.5058,22.65786264,10461,10.0833864,61589.32414,28.93091718,6108,1.558911271,2416.21,0.358237725,3742.509513,1.268727606,10447,2.352466958,3738.069997,2.428010064,1589
"KCAE20150710_110826",41094.21,"2015","07","10",0.54823864,39342.89,4.200518866,43899.62267,15.00576471,10451,7.468072599,43897.33074,19.39018557,5878,1.556331165,1751.32,0.271793901,2841.877027,1.067254882,10456,2.14297597,2837.300185,2.2336542,1324
"KCAE20150710_111806",42109,"2015","07","10",0.552564944,41342.36,4.761547131,49815.30608,23.30849002,10462,8.791546486,49812.90239,31.10945646,5666,1.557842312,766.64,0.125499676,1312.350114,0.655082881,10457,1.738678313,1307.486091,1.779607853,752
"KCAE20150710_112747",17776.86,"2015","07","10",0.54788271,17287.81,2.039497299,21329.06276,7.067759693,10458,4.228901215,21326.34883,9.713002176,5043,1.557711175,489.05,0.083668993,874.5083183,0.564111184,10452,1.815260914,869.509978,1.951563792,479
"KCAE20150710_113729",11945.29,"2015","07","10",0.547516876,11612.15,1.421288824,14859.57465,3.686037727,10455,3.316941183,14856.57956,5.042882819,4479,1.55748241,333.14,0.058221176,609.0517213,0.65337841,10461,2.180316356,603.9476306,3.396539831,277
"KCAE20150710_114710",10815.24,"2015","07","10",0.5514686,10672.95,1.32608462,13866.86687,5.179615366,10457,3.168148801,13863.81915,7.634267201,4376,1.558299615,142.29,0.025082039,262.2076354,0.247620634,10454,1.477330061,257.0554306,1.244071089,174
"KCAE20150710_115652",8921.84,"2015","07","10",0.547886021,8853.39,1.108793863,11601.31019,2.911987172,10463,2.863727427,11598.09608,4.10903426,4050,1.558418588,68.45,0.012083586,126.1768099,0.149846693,10442,1.300967991,120.9900232,0.924076883,93
"KCAE20150710_120634",8167.99,"2015","07","10",0.547827087,8109.51,1.044405045,10915.07712,2.538100383,10451,2.773014329,10911.81138,3.509720879,3935,1.557427284,58.48,0.011380228,119.0371834,0.132712428,10460,1.116136138,113.8458861,0.761022144,102
"KCAE20150710_121614",6231.57,"2015","07","10",0.54638488,6150.54,0.831428238,8692.582228,2.075006463,10455,2.511293764,8689.076424,2.965432401,3460,1.557956457,81.03,0.016646348,173.8877519,0.177391903,10446,1.213827447,168.7220151,0.958465998,139
"KCAE20150710_122556",7437.41,"2015","07","10",0.546135435,7371.28,0.998156218,10438.71773,2.28449087,10458,2.857422413,10435.30665,3.103942598,3652,1.557463272,66.13,0.013868305,145.0486034,0.154025488,10459,1.092740922,139.8708381,0.875162201,128
"KCAE20150710_123537",9021.49,"2015","07","10",0.545220819,8946.47,1.152413486,12055.39747,2.605853166,10461,3.045776536,12052.13775,3.491033089,3957,1.557214323,75.02,0.015323027,160.2635415,0.20046361,10459,1.15737898,155.0887833,1.352297553,134
"KCAE20150710_124518",9483.04,"2015","07","10",0.547195575,9420.28,1.144590677,11976.99684,2.527016206,10464,2.867986796,11973.84488,3.326314327,4175,1.557092212,62.76,0.013230234,138.3750125,0.143049562,10459,1.032540685,133.1977484,0.782124274,129
"KCAE20150710_125500",18621.71,"2015","07","10",0.547835012,18549.33,2.166951118,22655.47394,14.80087834,10455,4.696796859,22652.65125,21.51853523,4823,1.556753505,72.38,0.015505481,162.1873286,0.16488722,10460,1.163056078,157.0125705,0.882055453,135
"KCAE20150711_100651",39982.57,"2015","07","11",0.552235749,39951.9,4.304734567,45031.8283,21.62825486,10461,16.1622332,45027.98169,39.56264879,2786,1.559091917,30.67,0.002309073,24.13673534,0.137722067,10453,9.449413781,18.89882756,4.440404788,2
"KCAE20150711_101633",52690.19,"2015","07","11",0.548086339,52679.14,5.580144395,58373.89052,13.92529454,10461,8.520227884,58372.08123,16.46376221,6851,1.558406074,11.05,0.001118356,11.6935256,0.036596762,10456,1.613779159,6.455116637,1.094827378,4
"KCAE20150711_102614",39912.08,"2015","07","11",0.547802608,39677.73,4.056148842,42419.20459,6.4861339,10458,5.404242196,42417.897,6.983555273,7849,1.55881354,234.35,0.030138884,315.0116172,0.268568124,10452,1.630886494,309.8684338,1.168252331,190
"KCAE20150711_103554",31932.73,"2015","07","11",0.546819012,30232.53,3.051973497,31923.64278,4.149932331,10460,4.166306507,31922.24046,4.343863006,7662,1.557364265,1700.2,0.229319223,2398.679075,1.221299521,10460,3.221815664,2393.809038,3.372236077,743
"KCAE20150711_104536",29830.11,"2015","07","11",0.546263831,26601.78,2.848395331,29785.66998,6.446546229,10457,4.361378192,29783.85167,7.552518067,6829,1.557005727,3228.33,0.418954672,4380.590054,1.40612597,10456,2.714737937,4376.157554,2.568329953,1612
"KCAE20150711_105517",20126.73,"2015","07","11",0.548613609,16619.1,2.009911183,21019.65115,5.309898423,10458,4.054988885,21017.00739,6.971564295,5183,1.558232441,3507.63,0.480460637,5025.137807,1.466678258,10459,2.486829018,5020.907787,2.481339194,2019
"KCAE20150711_110457",32519.02,"2015","07","11",0.547215213,29937.55,3.652042224,38171.14533,17.08744704,10452,8.39599325,38168.18531,25.13083315,4546,1.557239789,2581.47,0.356522829,3728.515745,1.276661933,10458,2.147718216,3724.143387,2.446707661,1734
"KCAE20150711_111438",26156.1,"2015","07","11",0.547261005,24799.77,3.073938378,32113.43424,12.80184574,10447,7.29781899,32110.40356,18.92991502,4400,1.557401577,1356.33,0.192235666,2010.208364,0.744333177,10457,1.7779546,2005.532788,1.522864039,1128
"KCAE20150711_112420",26209.07,"2015","07","11",0.547333814,25332.6,3.147309803,32914.56592,18.8142018,10458,8.572870165,32911.24856,30.29710691,3839,1.556827058,876.47,0.129805238,1357.113763,0.620395903,10455,1.724830079,1352.266782,1.54431307,784
"KCAE20150711_113402",33018.79,"2015","07","11",0.547621271,32495.29,3.965789727,41458.3658,18.42694349,10454,10.07661358,41455.18827,28.30844523,4114,1.556642966,523.5,0.078327694,818.9943723,0.529665346,10456,1.792910788,813.9814976,1.842503547,454
"KCAE20150711_114342",17382.86,"2015","07","11",0.548362969,17178.39,2.146280944,22443.65983,8.496236024,10457,5.698423715,22440.39259,13.0946092,3938,1.557788124,204.47,0.035897157,375.232986,0.269257441,10453,1.336219872,370.1329047,1.001183717,277
"KCAE20150711_115324",15148.76,"2015","07","11",0.548148274,14949.83,1.816608322,18981.74035,9.408369298,10449,5.200968013,18978.33228,15.35942386,3649,1.558429083,198.93,0.030477426,318.7024424,0.329692463,10457,1.751682905,313.55124,1.831382773,179
"KCAE20150711_120306",13453.46,"2015","07","11",0.548537631,13256.27,1.599712495,16739.39155,6.063589494,10464,4.785787755,16735.89978,9.735901894,3497,1.559020383,197.19,0.028040577,293.1642356,0.263498791,10455,1.507958376,288.0200498,1.256004008,191
"KCAE20150711_121247",13981.47,"2015","07","11",0.547321542,13769.33,1.769833468,18507.14858,6.953337951,10457,5.739306293,18503.52349,11.57866925,3224,1.556653084,212.14,0.029846616,312.0165285,0.282102042,10454,1.557745437,306.875851,1.361162607,197
"KCAE20150711_122229",45703.77,"2015","07","11",0.548127709,45063.83,5.812043851,60793.97868,23.48751188,10460,15.27405301,60790.73099,36.13197299,3980,1.556512008,639.94,0.084287075,881.7270921,0.536295888,10461,1.889475697,876.7167233,1.755100959,464
"KCAE20150711_123210",82403.74,"2015","07","11",0.546640546,81850.13,10.91726873,114052.7064,37.84837162,10447,24.76650999,114049.7785,53.91778677,4605,1.558778641,553.61,0.068149137,712.9081209,0.482581861,10461,1.955377434,707.846631,1.745952146,362
"KCAE20150711_124152",74476.16,"2015","07","11",0.547473433,73941,8.645964558,90324.39173,32.11936072,10447,20.00031426,90321.41919,46.47278687,4516,1.558865422,535.16,0.059946,626.6155338,0.472114619,10453,2.310451461,621.511443,1.864093082,269
"KCAE20150711_125134",59309.11,"2015","07","11",0.546997403,59079.74,6.232224986,65214.00226,29.68948295,10464,14.64428242,65210.98962,44.14057183,4453,1.556283554,229.37,0.023818964,249.0987248,0.323342982,10458,2.514494061,243.9059239,2.24980827,97
"KCAE20150712_100619",19774.65,"2015","07","12",0.548170094,19756.78,2.41704657,25284.72417,12.37951851,10461,16.23651997,25280.2616,28.38488463,1557,1.557043815,17.87,0.002078651,21.73437042,0.044358526,10456,1.100098301,16.50147451,0.419301633,15
"KCAE20150712_101559",34246.76,"2015","07","12",0.551020448,34240.34,4.176838662,43685.55557,12.53327676,10459,12.77252272,43682.02771,19.25272656,3420,1.556693959,6.42,0.000887748,9.286729678,0.021117192,10461,1.011453694,4.045814776,0.438919867,4
"KCAE20150712_102540",39629.24,"2015","07","12",0.548618603,39105.94,4.707758927,49252.57389,9.380367346,10462,8.531131791,49250.22383,11.26283047,5773,1.556943315,523.3,0.087761268,917.8951003,0.448212318,10459,1.568633804,912.944874,1.135735726,582
"KCAE20150712_103521",38002.97,"2015","07","12",0.547870975,35562.19,4.171820477,43599.6958,7.162426503,10451,6.173604826,43597.99728,7.972673105,7062,1.557131602,2440.78,0.418206917,4374.026141,1.22690351,10459,2.439800028,4369.68185,1.964836406,1791
"KCAE20150712_104501",33982.89,"2015","07","12",0.551574328,29561.97,3.437069358,35951.74548,5.765323017,10460,5.135715911,35950.01137,6.398958798,7000,1.557529469,4420.92,0.752566336,7870.338747,1.802875121,10458,2.938527833,7866.439009,2.5053158,2677
"KCAE20150712_105442",26051.72,"2015","07","12",0.548330871,21659.12,2.653475358,27760.6592,4.815708737,10462,4.517984224,27758.49507,5.573876913,6144,1.555760281,4392.6,0.740236745,7742.136119,1.833014926,10459,2.928924428,7738.218339,2.625469171,2642
"KCAE20150712_110422",16563.05,"2015","07","12",0.551167866,13253.46,1.767751429,18480.07344,3.300130221,10454,3.704357247,18477.33395,3.956442284,4988,1.555084911,3309.59,0.567701265,5937.01983,1.588829687,10458,2.798509873,5932.84093,2.492535052,2120
"KCAE20150712_111403",14454.73,"2015","07","12",0.548237101,12181.54,1.690819624,17684.28244,3.157770645,10459,3.549796615,17681.53694,3.786924741,4981,1.55688308,2273.19,0.389806931,4078.549924,1.290882503,10463,2.585086214,4074.095873,2.321958472,1576
"KCAE20150712_112344",11871.92,"2015","07","12",0.54804376,10496.72,1.503308884,15712.58445,2.841956515,10452,3.242471475,15709.77429,3.433097124,4845,1.556660227,1375.2,0.240733108,2517.827578,1.059096937,10459,2.235897683,2513.148996,2.445774093,1124
"KCAE20150712_113324",10540.21,"2015","07","12",0.551295901,10048.29,1.485518872,15520.70117,2.720368195,10448,3.181855456,15517.90906,3.233862595,4877,1.556236074,491.92,0.085393268,892.8720131,0.522771597,10456,1.717390161,887.8907132,1.652245613,517
"KCAE20150712_114305",13864.79,"2015","07","12",0.548532531,13676.52,1.940488909,20295.5735,3.306110644,10459,3.600630992,20293.15627,3.782576948,5636,1.555906692,188.27,0.032109961,335.9344082,0.272477456,10462,1.553041034,330.7977402,1.136254838,213
"KCAE20150712_115245",13452.5,"2015","07","12",0.551308716,13391.15,1.954240473,20437.44686,3.502693297,10458,3.638066693,20435.02062,4.088828267,5617,1.558900273,61.35,0.009329904,97.62811286,0.209326854,10464,1.566326436,92.4132597,2.329066129,59
"KCAE20150712_120226",13626.99,"2015","07","12",0.550946919,13609.78,1.987254823,20784.69819,3.259085336,10459,3.594940952,20782.35364,3.665849092,5781,1.557012557,17.21,0.002747577,28.72866622,0.073546821,10456,1.468516969,23.4962715,1.214472276,16
"KCAE20150712_121207",15543,"2015","07","12",0.54873746,15506.4,2.298278416,24030.79912,3.702841462,10456,3.967078487,24028.5944,4.129168878,6057,1.55627567,36.6,0.003987407,41.66840237,0.104384426,10450,2.024445397,36.44001714,1.538642251,18
"KCAE20150712_122148",17180.84,"2015","07","12",0.548149988,17166.4,2.526175505,26428.84814,3.908114604,10462,4.321613978,26426.66948,4.286376391,6115,1.556440798,14.44,0.002181897,22.80955056,0.052098624,10454,1.352050358,17.57665465,0.622819709,13
"KCAE20150712_123129",16216.26,"2015","07","12",0.548180487,16200.27,2.317781933,24243.99902,3.092552144,10460,3.908717344,24241.86497,3.148384109,6202,1.55724424,15.99,0.002436517,25.47622307,0.066922934,10456,1.557101907,20.24232479,1.131543104,13
"KCAE20150712_124110",17298.03,"2015","07","12",0.54873598,17286.69,2.507400359,26209.85596,3.322922994,10453,4.33255889,26207.64873,3.342781582,6049,1.557481473,11.34,0.001398359,14.6184458,0.046816737,10454,1.563673597,9.382041585,1.285171073,6
"KCAE20150712_125051",18387.73,"2015","07","12",0.547883635,18373,2.8774496,30095.24536,4.688530093,10459,5.20548362,30092.90081,5.258713195,5781,1.556974532,14.73,0.001495615,15.64114628,0.05356057,10458,1.733789552,10.40273731,1.548093594,6
"KCAE20150713_100342",50951.45,"2015","07","13",0.558524176,50148.16,5.062109064,52969.90924,38.05092301,10464,22.0415602,52965.86917,77.02249842,2403,0.926439031,803.29,0.074341348,778.725621,0.674517968,10475,3.755237521,773.5789293,3.059028308,206
"KCAE20150713_100803",75927.39,"2015","07","13",0.554284496,74883.81,7.611075597,79505.29568,39.90203711,10446,24.56029738,79501.68263,68.72217561,3237,0.912236465,1043.58,0.091032936,953.0238039,1.06365661,10469,4.103431381,947.892649,5.912504942,231
"KCAE20150713_101224",118785.18,"2015","07","13",0.556741611,117301.87,11.80741113,123422.8686,49.73693379,10453,32.17402299,123419.5522,78.0167594,3836,0.91118927,1483.31,0.132731753,1390.896041,1.444185257,10479,4.317149475,1385.804981,7.083331577,321
"KCAE20150713_101644",103646.33,"2015","07","13",0.553994495,101897.06,10.1926941,106646.1584,38.63899854,10463,26.63409621,106642.9212,58.85524035,4004,0.910035055,1749.27,0.166891522,1745.184649,0.913614872,10457,3.625383967,1740.184304,2.378557083,480
"KCAE20150713_102107",95680.92,"2015","07","13",0.556745056,92824.62,9.111223978,95212.29057,30.31769507,10450,22.15713446,95209.20677,44.11943033,4297,0.908016085,2856.3,0.297391072,3113.684523,1.367026468,10470,3.955255758,3108.831025,3.230787495,786
"KCAE20150713_102528",91523.8,"2015","07","13",0.554117675,85034.02,8.257125376,86402.55993,22.87220935,10464,17.75215837,86399.75479,30.92373951,4867,0.909904553,6489.78,0.682445668,7138.381687,2.63223047,10460,5.47489817,7133.792316,5.422359822,1303
"KCAE20150713_102952",92467.26,"2015","07","13",0.558186102,80695.71,7.438210244,77833.43199,17.07162731,10464,14.50985756,77830.87594,21.58621268,5364,0.915192446,11771.55,1.10897287,11614.27287,3.497301185,10473,5.851823734,11610.01829,6.068377111,1984
"KCAE20150713_103414",95842.6,"2015","07","13",0.557448495,82763.42,7.519734489,78656.42276,22.18936614,10460,13.82077536,78654.0326,28.59969242,5691,0.922725065,13079.18,1.25303021,13059.08085,3.85531018,10422,5.720859416,13055.00119,6.506640404,2282
"KCAE20150713_103835",82328.58,"2015","07","13",0.554173705,70278.58,6.386668383,66842.8713,15.15890826,10466,11.58013145,66840.51872,18.88257619,5772,0.909278673,12050,1.156680145,12110.44112,3.50314842,10470,5.307469048,12106.3369,5.857592757,2281
"KCAE20150713_104256",70380.88,"2015","07","13",0.552927303,59839.34,5.243583507,54837.39632,18.57824352,10458,10.12273765,54834.86983,24.8396291,5417,0.909986146,10541.54,1.006437582,10531.36286,2.877192083,10464,4.712282046,10527.23809,4.617331761,2234
"KCAE20150713_104717",45058.61,"2015","07","13",0.554821114,36749.64,3.385401648,35441.76985,7.577305792,10469,7.44514886,35438.90857,9.801162381,4760,0.912767548,8308.97,0.804512354,8416.808248,2.500387373,10462,4.343074665,8412.535627,4.290381012,1937
"KCAE20150713_105138",42219.36,"2015","07","13",0.553741076,28393.93,2.632713321,27543.44677,5.930398412,10462,6.163930763,27540.44265,7.784109375,4468,0.912355124,13825.43,1.288719824,13496.76272,3.651145704,10473,4.901160025,13492.89355,5.746065736,2753
"KCAE20150713_105602",27585.08,"2015","07","13",0.554880453,23318.09,2.230816721,23338.80453,6.747106916,10462,5.62440119,23335.64054,9.783534892,4149,0.90879656,4266.99,0.429451026,4493.346082,1.66552588,10463,3.682291311,4488.713108,3.44106637,1219
"KCAE20150713_110026",22687.75,"2015","07","13",0.554156696,19994.79,1.904321814,19940.15371,8.318799154,10471,5.701074759,19936.65843,13.62354918,3497,0.919214821,2692.96,0.28658711,2999.420691,1.335184392,10466,3.446042344,2994.610797,3.254945628,869
"KCAE20150713_110447",17302.59,"2015","07","13",0.555332916,15666.57,1.546777399,16194.75937,5.3021651,10470,5.287735655,16191.04658,8.738650358,3062,0.910434401,1636.02,0.180922685,1895.52697,0.952385973,10477,3.010494867,1890.590777,2.573781601,628
"KCAE20150713_110908",11720.29,"2015","07","13",0.55410579,10581.96,1.125343188,11769.9644,4.643741545,10459,5.133451662,11765.87121,8.823541414,2292,0.909537431,1138.33,0.124723254,1306.351366,0.870114266,10474,2.810656546,1301.333981,3.098115306,463
"KCAE20150713_111330",8417.04,"2015","07","13",0.552699462,7746.89,0.841510337,8798.832081,9.781759156,10456,5.20689057,8794.438172,23.87239515,1689,0.910636666,670.15,0.083552702,875.2981026,0.552683914,10476,2.308319928,870.2366127,1.833519774,377
"KCAE20150713_111753",5926.93,"2015","07","13",0.553491274,5531.97,0.611589958,6399.065731,2.37939979,10463,3.961976905,6394.630725,4.841523839,1614,0.910084746,394.96,0.052638747,550.8644903,0.466796049,10465,2.090997608,545.7503758,2.119435668,261
"KCAE20150713_112214",6252.49,"2015","07","13",0.559251784,5789.97,0.654215593,6850.945691,7.571249573,10472,4.555189982,6846.450542,19.54088259,1503,0.921134588,462.52,0.058137997,608.4141398,0.41841202,10465,2.031373967,603.3180681,1.472407055,297
"KCAE20150713_112635",9907.8,"2015","07","13",0.555612974,7972.12,0.868070203,9086.958883,12.59757344,10468,4.936214478,9082.63464,29.71822737,1840,0.90855511,1935.68,0.216760184,2268.178569,1.090434508,10464,2.811599505,2263.337602,2.858402253,805
"KCAE20150713_113057",9077.85,"2015","07","13",0.558130347,7735.88,0.79093578,8277.933871,8.703651993,10466,5.515626817,8273.440226,22.42287334,1500,0.91210906,1341.97,0.130717856,1369.400261,0.885164137,10476,3.454045044,1364.347793,3.053586215,395
"KCAE20150713_113521",6988.65,"2015","07","13",0.554476349,6859.33,0.67414009,7056.89846,4.298447902,10468,5.278683846,7052.321618,10.97922795,1336,0.912384538,129.32,0.013938118,145.667271,0.201018628,10451,2.16095293,140.4619404,1.373662911,65
"KCAE20150713_113942",7178.72,"2015","07","13",0.560688509,6594.39,0.665689561,6971.766771,4.615458789,10473,5.388372678,6967.165872,12.13248279,1293,0.915005833,584.33,0.053809155,563.7585218,0.580961328,10477,3.191973091,558.5952909,3.201229948,175
"KCAE20150713_114403",9121.05,"2015","07","13",0.554499087,8741.27,0.926936368,9700.389089,5.249804101,10465,6.677597719,9695.871889,12.66215256,1452,0.931953028,379.78,0.045726215,478.4791124,0.399039303,10464,2.308963086,473.3374326,1.707833803,205
"KCAE20150713_114825",10190.88,"2015","07","13",0.55372049,9506.24,1.009318799,10563.53055,5.851010324,10466,7.378757736,10559.00232,14.26550991,1431,0.910777159,684.64,0.074891559,783.2159279,0.721829836,10458,3.027639365,778.1033169,3.508547092,257
"KCAE20150713_115247",10417.3,"2015","07","13",0.559526361,9381.43,1.055978203,11046.58798,8.497378742,10461,7.13776367,11042.1204,21.09729,1547,0.912417334,1035.87,0.113831069,1190.900639,0.75431402,10462,2.751446009,1185.87323,2.563107419,431
"KCAE20150713_115708",14566.76,"2015","07","13",0.556442822,13552.95,1.4918338,15612.04072,11.27988761,10465,8.477848168,15607.71848,25.77459554,1841,0.917938947,1013.81,0.106546928,1115.013599,0.74008246,10465,2.853376957,1109.963636,2.629637577,389
"KCAE20150713_120130",22039.52,"2015","07","13",0.552272297,20573.27,2.280267498,23518.67898,22.42178546,10314,11.35419975,23514.54769,49.00636433,2071,0.923392798,1466.25,0.158100797,1655.157239,1.090208464,10469,3.17340563,1650.170928,3.793007947,520
"KCAE20150713_120552",28861.12,"2015","07","13",0.556379721,25788.55,2.804731498,29329.07727,20.5601404,10457,12.98139378,29324.96854,42.72356914,2259,0.929546061,3072.57,0.270289654,2827.770362,7.470788386,10462,6.610634539,2822.740948,36.44922644,427
"KCAE20150713_121013",27664.17,"2015","07","13",0.553580857,26512.26,2.743172903,28740.2225,16.32017202,10477,10.7666951,28736.30923,30.97434567,2669,0.92208191,1151.91,0.113835585,1190.264875,1.102423266,10456,3.657984094,1185.186846,5.131836601,324
"KCAE20150713_121434",41309.04,"2015","07","13",0.558380363,40340.41,4.076459615,42668.30279,25.21238646,10467,15.00157603,42664.48224,46.64911217,2844,0.915078583,968.63,0.089422388,936.6100906,0.65701746,10474,3.07429873,931.5125152,2.400954471,303
"KCAE20150713_121856",26455.89,"2015","07","13",0.557389653,26038,2.68180608,28091.91869,13.85858999,10475,11.2127442,28087.92422,26.60229679,2505,0.939681917,417.89,0.040431636,423.4809564,0.499211078,10474,3.515051786,418.2911626,3.131034467,119
"KCAE20150713_122317",20352.23,"2015","07","13",0.558833425,20096.21,2.074634121,21690.29974,14.60300609,10455,9.87080607,21686.16093,30.62963959,2197,0.939327379,256.02,0.025882809,270.7341867,0.465106067,10460,3.448446229,265.5303596,4.220667631,77
"KCAE20150713_122739",15310.96,"2015","07","13",0.558195289,15199.53,1.589619558,16633.77906,9.299254996,10464,8.45425545,16629.52047,20.05398428,1967,0.940657262,111.43,0.01075076,112.5712084,0.281641716,10471,4.472304391,107.3353054,3.910261703,24
"KCAE20150713_123201",14925.13,"2015","07","13",0.558298968,14794.38,1.56408326,16366.56723,11.70757096,10464,9.100235787,16362.22394,27.00844768,1798,0.932457254,130.75,0.012527144,131.1591955,0.302885518,10470,3.071519849,125.9323138,3.792291813,41
"KCAE20150713_123622",8549.82,"2015","07","13",0.558351499,8527.06,0.905497733,9477.844774,5.251086803,10467,7.048565806,9473.272443,13.09788311,1344,0.92703046,22.76,0.00292246,30.59815995,0.07207617,10470,1.491720576,25.3592498,1.019928525,17
"KCAE20150713_124043",2586.79,"2015","07","13",0.554583508,2571.9,0.301965367,3162.483288,6.425561149,10473,5.847231473,3157.504995,27.74314052,540,0.924743203,14.89,0.002285463,23.89909079,0.052694316,10457,1.333228036,18.66519251,0.568406694,14
"KCAE20150713_124505",450.28,"2015","07","13",0.558165191,437.8,0.057907853,605.6003228,0.521589653,10458,2.46098851,600.4811964,2.402139196,244,0.940712352,12.48,0.001586327,16.59773717,0.080065982,10463,2.838954973,11.35581989,3.408437345,4
"KCAE20150713_124929",353.03,"2015","07","13",0.557940049,331.21,0.044246885,463.1321445,0.381415896,10467,2.110575923,457.9949753,1.633602664,217,0.930813051,21.82,0.002844369,29.73219138,0.082007867,10453,1.633386602,24.50079903,1.472495555,15
"KCAE20150713_125350",336.78,"2015","07","13",0.557933191,316.56,0.048367167,506.3075069,0.401252949,10468,2.062480936,501.1828674,1.671385467,243,0.927439773,20.22,0.002053855,21.51824148,0.077167003,10477,2.033914041,16.27131233,2.046915382,8
"KCAE20150713_125812",366.16,"2015","07","13",0.55278373,352.68,0.052091526,545.5024562,0.415012196,10472,2.070439975,540.3848334,1.656053115,261,0.920448106,13.48,0.002063229,21.58550328,0.047981441,10462,1.257584452,16.34859788,0.545105386,13
"KCAE20150714_110032",1972.61,"2015","07","14",0.553527149,1239.3,0.171472548,1793.259911,2.581433232,10458,2.898424193,1788.327727,10.25704468,617,0.93832178,733.31,0.079905972,836.5356223,0.550574545,10469,2.445467932,831.4590968,1.886705794,340
"KCAE20150714_110556",2042.48,"2015","07","14",0.552702643,1584.3,0.217615889,2279.961666,3.91060096,10477,3.345664022,2275.051535,15.01555241,680,0.92275584,458.18,0.065886095,690.0250713,0.505187874,10473,2.114007784,684.938522,1.982980529,324
"KCAE20150714_111119",2271.74,"2015","07","14",0.550698616,1864.49,0.25219275,2640.458089,4.260526778,10470,3.481624911,2635.590058,15.4955182,757,0.94230407,407.25,0.05974897,625.45222,0.395442537,10468,1.728093923,620.3857182,1.296813707,359
"KCAE20150714_111645",2142.26,"2015","07","14",0.550652035,1924.41,0.266125194,2785.000155,2.192635338,10465,2.979874425,2780.222838,6.773757121,933,0.92174495,217.85,0.030938853,323.7441591,0.270192873,10464,1.625499839,318.5979685,1.145729135,196
"KCAE20150714_112208",1919.7,"2015","07","14",0.552572937,1737.42,0.226152633,2366.687308,2.341251473,10465,2.815092824,2361.86288,7.819896007,839,0.924399746,182.28,0.028710227,300.5099435,0.283433286,10467,1.650020834,295.3537293,1.426210179,179
"KCAE20150714_112738",1243.26,"2015","07","14",0.553371996,1113.49,0.15346174,1606.437499,1.406569982,10468,2.344851218,1601.533382,5.021871365,683,0.94107752,129.77,0.024305232,254.378563,0.206472643,10466,1.376927361,249.2238523,0.778709474,181
"KCAE20150714_113248",1395.63,"2015","07","14",0.555508676,1288.66,0.165270425,1730.38135,0.983040527,10470,2.454461244,1725.486254,2.964114181,703,0.933564125,106.97,0.016642937,174.1516909,0.206008202,10464,1.62460953,168.9593911,1.293921499,104
"KCAE20150714_113759",1695.99,"2015","07","14",0.555501465,1606.23,0.192720934,2016.631858,1.08921996,10464,2.801876445,2011.747287,3.161237037,718,0.940151067,89.76,0.012792565,133.8997727,0.188390998,10467,1.532094591,128.6959456,1.456131678,84
"KCAE20150714_114322",2756.24,"2015","07","14",0.557777862,2673.62,0.282132922,2953.367427,4.264805166,10468,5.074719774,2948.412189,17.43216231,581,0.940003537,82.62,0.010081613,105.574652,0.184131825,10472,1.792040817,100.3542858,1.79005888,56
"KCAE20150714_114852",1837.62,"2015","07","14",0.556005218,1813.72,0.185437765,1942.46059,2.507232066,10475,3.828980739,1937.464254,10.78901906,506,0.935422871,23.9,0.003527583,36.95849021,0.066408648,10477,1.174854949,31.72108361,0.590318495,27
"KCAE20150714_115424",388.5,"2015","07","14",0.553582452,354.72,0.044541486,466.1711967,0.371331051,10466,2.134416794,461.0340275,1.493719328,216,0.938450565,33.78,0.004108264,43.04638785,0.09411208,10478,1.512299108,37.80747769,1.221230087,25
"KCAE20150714_115942",340.12,"2015","07","14",0.552268811,296.52,0.039590217,414.1928474,0.345555037,10462,2.076386601,409.0481604,1.457183725,197,0.936345012,43.6,0.005790738,60.6406117,0.112157209,10472,1.629682922,55.40921935,1.125008963,34
"KCAE20150715_100359",2128.63,"2015","07","15",0.56482007,505.68,0.05670581,594.0500655,0.591512991,10476,4.033375352,588.8728013,3.021316517,146,0.552022609,1622.95,0.142894433,1496.819189,10.97418307,10475,21.61744688,1491.603835,134.4586781,69
"KCAE20150715_100944",2040.39,"2015","07","15",0.559856287,1217.95,0.136813847,1433.398677,1.149982903,10477,4.841679962,1428.295589,4.926277643,295,0.554938747,822.44,0.091527588,957.4700959,0.928403403,10461,5.951921039,952.3073662,4.648251173,160
"KCAE20150715_101528",4997.16,"2015","07","15",0.558838486,2917.83,0.32041238,3352.474728,1.835414803,10463,4.858601051,3347.576124,5.398841314,689,0.553249281,2079.33,0.223106922,2334.813937,1.6672967,10465,7.349299334,2329.727889,6.286334724,317
"KCAE20150715_102111",8860.57,"2015","07","15",0.557721928,5162.39,0.566840651,5935.388456,2.261225073,10471,4.203293905,5930.8477,4.761688475,1411,0.55576125,3698.18,0.403737793,4222.693577,2.2243706,10459,6.008267084,4217.803493,6.332165241,702
"KCAE20150715_102654",11765.47,"2015","07","15",0.557839865,6937.86,0.766994475,8026.597185,2.078050754,10465,3.707225892,8022.436829,3.160230678,2164,0.550914422,4827.61,0.536370976,5611.513155,2.626676561,10462,4.988285649,5606.833069,6.48419547,1124
"KCAE20150715_103240",18691.45,"2015","07","15",0.564847671,11261.21,1.200770985,12573.27298,2.873493825,10471,4.182872252,12569.53112,4.037578087,3005,0.552750291,7430.24,0.78631348,8216.975871,7.113769898,10450,5.23757929,8212.524326,17.72344018,1568
"KCAE20150715_103823",16979.51,"2015","07","15",0.563757206,11153.8,1.169776852,12249.90319,2.706593739,10472,3.96317263,12246.20343,3.709363213,3090,0.550060699,5825.71,0.64480383,6743.358451,2.611943468,10458,4.217095076,6738.917932,5.440504066,1598
"KCAE20150715_104407",13846.73,"2015","07","15",0.557751756,8348.03,0.88833896,9305.350607,2.19154446,10475,3.641887511,9301.380703,3.110256934,2554,0.558027355,5498.7,0.556866895,5823.157126,9.589224772,10457,5.176583226,5818.479546,28.84826686,1124
"KCAE20150715_104950",6857.24,"2015","07","15",0.558932198,4777.9,0.526302933,5510.918013,1.607956524,10471,3.060907014,5506.571718,2.700857231,1799,0.557042284,2079.34,0.219630337,2297.333328,3.188260263,10460,3.966056394,2292.380596,13.01436498,578
"KCAE20150715_105534",4020.29,"2015","07","15",0.556095093,2575.49,0.300866898,3144.660821,1.104979702,10452,2.580141625,3140.032357,2.146918176,1217,0.557719724,1444.8,0.13954114,1459.739869,6.94556407,10461,5.660022391,1454.625755,44.0423214,257
"KCAE20150715_110118",1826.65,"2015","07","15",0.555323521,1524.06,0.184122694,1927.580482,0.816585857,10469,2.299943236,1922.752545,1.867747061,836,0.546389187,302.59,0.033979219,355.4566105,0.608535102,10461,2.824805146,350.2758381,4.85238115,124
"KCAE20150715_110702",853.09,"2015","07","15",0.556789951,699.72,0.082283493,862.1664375,0.554095875,10478,2.34821351,857.097931,1.871535319,365,0.556595466,153.37,0.014149033,148.0130379,0.647721639,10461,3.569754143,142.7901657,9.97534008,40
"KCAE20150715_111245",391.84,"2015","07","15",0.555109212,374.1,0.049467452,518.2704921,0.436972865,10477,2.111692765,513.1413419,1.973356515,243,0.552231896,17.74,0.002551934,26.7238486,0.076493171,10472,1.130786234,21.48493844,1.43446987,19
"KCAE20150715_111829",373.36,"2015","07","15",0.552242313,254.56,0.032679985,341.8653199,0.364275287,10461,2.040636947,336.7050962,2.08373776,165,0.558192322,118.8,0.009055108,94.72548271,0.778028673,10461,6.392112835,89.48957968,21.05042474,14
"KCAE20150715_112414",177.2,"2015","07","15",0.56369181,171.59,0.022477452,235.6086539,0.251434339,10482,1.904263247,230.4158529,1.38179097,121,0.549585602,5.61,0.000737891,7.716863616,0.017772986,10458,0.354136548,2.478955837,0.636177044,7
"KCAE20150715_112959",126.19,"2015","07","15",0.558349621,121.09,0.015939199,166.8993529,0.313211593,10471,1.971859984,161.6925187,2.962617609,82,0.553400447,5.1,0.000621479,6.502529712,0.012302658,10463,0.315153109,1.260612436,0.629181535,4
"KCAE20150715_113542",113.34,"2015","07","15",0.559878871,105.65,0.014907886,156.0110267,0.213235722,10465,1.795335739,150.808202,1.580622104,84,0.55126711,7.69,0.000803478,8.404378399,0.03091472,10460,0.790991171,3.163964684,1.580857659,4
"KCAE20150715_114127",117.15,"2015","07","15",0.55765154,112.57,0.014215471,148.9923464,0.25788415,10481,2.662341983,143.7664671,2.44302727,54,0.557541192,4.58,0.000501211,5.245169016,1.2e-06,10465,0.000562341,0.002249365,0,4
"KCAE20150715_114711",1270.93,"2015","07","15",0.553434967,88.27,0.010192465,106.6947199,0.190425205,10468,2.114007269,101.4723489,1.880037407,48,0.558914736,1182.66,0.08572308,896.4919753,8.715161452,10458,297.0840209,891.2520628,514.5636444,3
"KCAE20150715_115254",79.01,"2015","07","15",0.55623456,74.44,0.007668339,80.25683339,0.281990608,10466,3.125976512,75.0234363,5.10010461,24,0.559023605,4.57,0.000501199,5.24103721,8.46e-07,10457,0.000562341,0.001124683,0,2
"KCAE20150715_115837",66.24,"2015","07","15",0.556796638,61.67,0.007642039,80.0045021,0.234921179,10469,2.57834853,74.77210738,3.710640061,29,0.544789194,4.57,0.000501193,5.241477243,5.98e-07,10458,0.000562341,0.000562341,NA,1
"KCAE20150715_120420",54.39,"2015","07","15",0.56307741,49.82,0.006796283,71.09591503,0.124045457,10461,1.937353992,65.87003574,1.012316464,34,0.546547505,4.57,0.000501193,5.242479618,5.98e-07,10460,0.000562341,0.000562341,NA,1
"KCAE20150715_121004",57.85,"2015","07","15",0.553973266,53.28,0.007961977,83.36189691,0.16918309,10470,2.056145044,78.13351169,1.942835757,38,0.557891992,4.57,0.000501199,5.242540772,8.46e-07,10460,0.000562341,0.001124683,0,2
"KCAE20150715_121549",61.06,"2015","07","15",0.558915018,54.44,0.008071135,84.5209221,0.128350451,10472,1.652011383,79.29654638,0.947317874,48,0.555076114,6.62,0.000822661,8.604209813,0.023283926,10459,0.841074321,3.364297285,0.973745461,4
"KCAE20150715_122134",66.68,"2015","07","15",0.557849876,62.1,0.009141494,95.73886342,0.158164964,10473,1.676240623,90.51699363,1.447923048,54,0.556970131,4.58,0.000501193,5.242980805,5.98e-07,10461,0.000562341,0.000562341,NA,1
"KCAE20150715_122721",167.47,"2015","07","15",0.549868975,144.14,0.021553741,225.7323259,0.225632195,10473,1.683580515,220.5490475,1.132319066,131,0.550357299,23.33,0.003861672,40.41239585,0.120166118,10465,1.954249601,35.17649282,2.203057498,18
"KCAE20150715_123305",305.95,"2015","07","15",0.559046779,153.97,0.021623019,226.5011194,0.25376662,10475,1.784784922,221.3133303,1.520584313,124,0.558598919,151.98,0.012467676,130.4368236,0.881535094,10462,8.34672804,125.2009206,22.49744717,15
"KCAE20150716_100454",4396.81,"2015","07","16",0.551167592,4373.47,0.518252852,5420.924827,2.459390398,10460,5.493079695,5416.176579,6.072341974,986,1.55782519,23.34,0.002144022,22.42218088,0.072152459,10458,2.148096786,17.18477429,1.584288726,8
"KCAE20150716_101434",17373.77,"2015","07","16",0.5481212,17355.29,2.118655432,22137.83061,5.13279174,10449,5.980667008,22134.4486,7.161873231,3701,1.55722774,18.48,0.002027257,21.20916415,0.063851979,10462,1.996219101,15.96975281,1.242780817,8
"KCAE20150716_102415",31576.48,"2015","07","16",0.550874538,31555.46,3.815508376,39856.8005,6.032671455,10446,6.486758527,39854.64439,6.674603516,6144,1.558714192,21.02,0.002499638,26.14121225,0.06900033,10458,2.090480803,20.90480803,0.826496794,10
"KCAE20150716_103356",36866.64,"2015","07","16",0.548594965,36606.87,4.333105918,45233.29267,5.678359954,10439,6.259574088,45231.68236,5.875644059,7226,1.557809455,259.77,0.047730024,498.8742057,0.291147539,10452,1.289367497,493.8277515,0.845347694,383
"KCAE20150716_104337",35589.93,"2015","07","16",0.548463711,34519.43,3.889647221,40693.48922,4.485573453,10462,5.271682144,40692.11447,4.470493015,7719,1.555941609,1070.5,0.211121785,2208.333874,0.827008123,10460,1.862793204,2203.68436,1.724357883,1183
"KCAE20150716_105316",28225.19,"2015","07","16",0.551266017,26653.5,2.942339587,30765.10272,3.548422165,10456,3.961848555,30763.75403,3.593924201,7765,1.557661147,1571.69,0.304153588,3179.925767,0.95014468,10455,2.121199821,3175.436132,1.566071151,1497
"KCAE20150716_110257",18046.33,"2015","07","16",0.548755536,16571.19,1.971838035,20625.42585,2.482361307,10460,3.117215732,20623.49929,2.484469992,6616,1.556975385,1475.14,0.268970919,2813.435809,0.947532601,10460,2.162312881,2808.844433,1.771501932,1299
"KCAE20150716_111237",11470.94,"2015","07","16",0.548043215,10495.29,1.379350045,14419.72537,2.101516049,10454,2.614188578,14417.25001,2.268068139,5515,1.556576001,975.65,0.168225351,1759.637171,0.708502872,10460,1.936919236,1754.848828,1.540317488,906
"KCAE20150716_112218",9314.81,"2015","07","16",0.551404901,8707.03,1.172689682,12265.16138,1.891780999,10459,2.45592267,12262.42189,2.084701169,4993,1.556838798,607.78,0.097031107,1014.848348,0.589188705,10459,1.894697117,1009.873563,1.847315562,533
"KCAE20150716_113158",7671.04,"2015","07","16",0.550599441,7438.63,1.050493131,10980.8047,1.694456979,10453,2.293287022,10977.96497,1.84938825,4787,1.557693467,232.41,0.037598634,393.356914,0.311468079,10462,1.584637894,388.236284,1.303242378,245
"KCAE20150716_114139",7298.29,"2015","07","16",0.551297233,7209.52,1.002844219,10488.74769,1.74713382,10459,2.298507713,10485.79219,2.00523894,4562,1.556441561,88.77,0.013337851,139.5139217,0.171616073,10460,1.580165931,134.3141042,1.0782421,85
"KCAE20150716_115120",6072.66,"2015","07","16",0.548297059,6014.96,0.8673829,9056.344858,1.520112922,10441,2.171031634,9053.201913,1.719380684,4170,1.555865557,57.7,0.007491211,78.320612,0.128938421,10455,1.555409687,73.10425527,1.148496212,47
"KCAE20150716_120100",5239.77,"2015","07","16",0.547141613,5210.45,0.781506352,8176.119453,1.341238955,10462,1.978442614,8172.946437,1.479357932,4131,1.558242683,29.32,0.003657033,38.24891062,0.088718696,10459,1.737711363,33.01651591,1.180373577,19
"KCAE20150716_121041",5881.7,"2015","07","16",0.551081729,5868.73,0.85659072,8959.938933,1.502315527,10460,2.126497511,8956.807515,1.704467042,4212,1.558532014,12.97,0.001597815,16.70516104,0.046841263,10455,1.433657251,11.46925801,0.964975579,8
"KCAE20150716_122022",5843.9,"2015","07","16",0.551406477,5823.94,0.835004857,8733.315795,1.430294964,10459,2.043589642,8730.214949,1.593548965,4272,1.556882653,19.96,0.002840045,29.70403205,0.086283721,10459,1.882202323,24.4686302,1.630066078,13
"KCAE20150716_123003",6205.57,"2015","07","16",0.549853318,6191.56,0.888015616,9280.651205,1.404497675,10451,1.993071176,9277.746323,1.492278244,4655,1.556433883,14.01,0.002006124,20.97001445,0.048609303,10453,1.124151494,15.73812091,0.736105776,14
"KCAE20150716_123944",6152.99,"2015","07","16",0.551263882,6123.23,0.902994968,9444.424371,1.320031329,10459,1.943519395,9441.617222,1.315183051,4858,1.5581827,29.76,0.002571091,26.87818487,0.085024185,10454,2.164378541,21.64378541,1.788452044,10
"KCAE20150716_124923",7456.92,"2015","07","16",0.54734079,7406.01,1.084716395,11341.79462,1.348345919,10456,2.057578707,11339.31625,1.203342858,5511,1.557468029,50.91,0.005998807,62.72952483,0.106055258,10457,1.691342656,57.50565029,0.792350945,34
"KCAE20150716_125903",8701.49,"2015","07","16",0.547743328,8643.88,1.287266971,13458.37618,1.554832598,10455,2.389621462,13455.95845,1.361906635,5631,1.557198851,57.61,0.006673572,69.81223286,0.185477282,10461,2.690889238,64.5813417,2.847768758,24
"KCAE20150717_100854",3255.77,"2015","07","17",0.548633373,3251.2,0.372032857,3889.603519,3.685787079,10455,9.591522438,3884.566587,16.21376509,405,1.557697101,4.57,0.000501187,5.240413715,0,10456,NA,0,NA,0
"KCAE20150717_101834",12156.2,"2015","07","17",0.549096175,12151.62,1.330254401,13902.48875,5.505948378,10451,7.532886467,13898.17553,11.1826946,1845,1.558290721,4.58,0.000501187,5.243420838,0,10462,NA,0,NA,0
"KCAE20150717_102814",21620.19,"2015","07","17",0.548723367,21615.62,2.31512157,24199.96577,6.162824514,10453,5.592071988,24196.89549,8.56950969,4327,1.558868391,4.57,0.000501187,5.240413715,0,10456,NA,0,NA,0
"KCAE20150717_103754",20574.7,"2015","07","17",0.551574263,20532.69,2.122171847,22183.06232,4.163953703,10453,4.131218902,22180.51428,5.04572646,5369,1.556356119,42.01,0.007650142,79.98988021,0.089051029,10456,0.890375788,74.79156623,0.451580558,84
"KCAE20150717_104735",19902.4,"2015","07","17",0.552246391,15143.17,1.501292383,15715.52867,3.753147992,10468,4.491719667,15712.0354,5.359774552,3498,0.945623205,4759.23,0.503870003,5272.495708,1.577469003,10464,3.229962429,5268.068721,2.676551649,1631
"KCAE20150717_105154",19526.63,"2015","07","17",0.560806261,14674.46,1.450994021,15196.26038,3.457944327,10473,4.345756177,15192.7636,4.821367187,3496,0.936865588,4852.17,0.492233822,5150.734716,1.686178802,10464,3.343899688,5146.26162,3.130782984,1539
"KCAE20150717_105616",18386.27,"2015","07","17",0.556924042,13481.05,1.353672355,14163.47385,3.404355657,10463,4.293475697,14159.88285,4.914444711,3298,0.937283001,4905.22,0.496362591,5191.456338,1.651401455,10459,3.299619775,5187.002287,2.983297325,1572
"KCAE20150717_110039",17580.52,"2015","07","17",0.556163038,12860.6,1.305117353,13652.83263,3.320951555,10461,4.236252183,13649.20453,4.836907858,3222,0.936716737,4719.92,0.465510889,4872.036964,1.636056405,10466,3.422998753,4867.504227,3.09570372,1422
"KCAE20150717_110500",16494.51,"2015","07","17",0.55818624,12521.36,1.257560682,13145.28181,2.971119543,10453,3.9968646,13141.69081,4.137542307,3288,0.946338343,3973.15,0.422011629,4415.507674,1.499516909,10463,3.119499598,4410.972431,2.868639366,1414
"KCAE20150717_110920",12264.64,"2015","07","17",0.557955231,9258.25,0.945132842,9893.650591,2.46873526,10468,3.763212056,9889.721283,3.698086159,2628,0.935431386,3006.39,0.318925277,3339.466576,1.228758649,10471,2.828506823,3334.809544,2.513226992,1179
"KCAE20150717_111340",12989.5,"2015","07","17",0.560297484,9840.21,1.029562263,10772.30996,2.485895585,10463,3.705616822,10768.52249,3.51238395,2906,0.935933483,3149.29,0.338992165,3551.281918,1.277666764,10476,2.80147392,3546.665983,2.571920608,1266
"KCAE20150717_111800",10359.28,"2015","07","17",0.563203056,8714.09,0.949612024,9941.488281,2.37765026,10469,3.511540534,9937.659712,3.452550397,2830,0.946075218,1645.19,0.209126528,2188.718244,0.867222111,10466,2.253827109,2183.958469,1.875766582,969
"KCAE20150717_112220",9301.41,"2015","07","17",0.562639061,7498.35,0.86232722,9023.392027,2.378743257,10464,3.434677731,9019.463721,3.70359961,2626,0.947066364,1803.06,0.243422859,2547.420223,0.914395736,10465,2.232437358,2542.746151,1.801369226,1139
"KCAE20150717_112640",8288.26,"2015","07","17",0.557212862,7044.39,0.846881881,8869.393936,2.159954832,10473,3.305551524,8865.489186,3.177111567,2682,0.940125241,1243.87,0.183679465,1922.205603,0.73459437,10465,2.039821058,1917.431795,1.491376077,940
"KCAE20150717_113100",6595.74,"2015","07","17",0.562568225,5379.31,0.67358836,7045.060662,1.724011433,10459,2.914333449,7041.029613,2.517762126,2416,0.943045875,1216.43,0.182804428,1911.403104,0.725328416,10456,1.945565157,1906.653854,1.478577181,980
"KCAE20150717_113520",7062.32,"2015","07","17",0.561578439,5893.45,0.748834247,7840.29457,1.882831178,10470,3.024448366,7836.345716,2.728628329,2591,0.942750499,1168.87,0.176026102,1841.585075,0.735583224,10462,1.981452271,1836.806255,1.591312347,927
"KCAE20150717_113939",6258.57,"2015","07","17",0.563360527,5355.72,0.717830101,7513.527666,1.79188656,10467,2.943771175,7509.560268,2.573762126,2551,0.940876876,902.85,0.149259677,1562.301035,0.628430186,10467,1.858562176,1557.475103,1.326056132,838
"KCAE20150717_114401",5997.41,"2015","07","17",0.561648058,5079.6,0.678289924,7094.23431,1.689786127,10459,2.98534009,7090.182713,2.385267299,2375,0.941196455,917.81,0.150754601,1579.305199,0.690514635,10476,2.005666489,1574.448194,1.626806958,785
"KCAE20150717_114821",5187.04,"2015","07","17",0.55693665,4408.37,0.607326551,6359.923641,1.664162199,10472,2.753826667,6355.831948,2.580179482,2308,0.930405712,778.67,0.135012896,1413.855042,0.614934921,10472,1.906599441,1408.976987,1.408495004,739
"KCAE20150717_115242",4826.77,"2015","07","17",0.558261757,4132.81,0.574324542,6011.45498,1.481758279,10467,2.68424071,6007.33071,2.146472766,2238,0.927286268,693.96,0.11686742,1222.433212,0.56113764,10460,1.844729662,1217.521577,1.343869537,660
"KCAE20150717_115703",4757.7,"2015","07","17",0.559992928,4183.27,0.592879125,6212.780356,1.558626811,10479,2.730285011,6208.668114,2.315462035,2274,0.936873227,574.43,0.1024955,1072.410412,0.495567888,10463,1.689055761,1067.483241,1.178392907,632
"KCAE20150717_120123",3698.71,"2015","07","17",0.564179721,3171.15,0.476035462,4979.330933,1.330029656,10460,2.537007314,4975.071342,2.051666043,1961,0.943846862,527.56,0.094949977,992.6070559,0.485354333,10454,1.65161765,987.6673546,1.245022029,598
"KCAE20150717_120543",4778.72,"2015","07","17",0.563093942,4248.81,0.625626156,6545.926472,1.614115352,10463,2.729196452,6541.883896,2.373562157,2397,0.947624568,529.91,0.094516354,989.775262,0.481812216,10472,1.697961238,984.8175178,1.21315114,580
"KCAE20150717_121004",4409.19,"2015","07","17",0.56362666,4040.45,0.576846739,6037.277972,1.511309347,10466,2.634576535,6033.180266,2.240493956,2290,0.945985134,368.74,0.069452585,727.0991123,0.398380893,10469,1.608189791,722.0772162,1.108618409,449
"KCAE20150717_121425",4086.84,"2015","07","17",0.562815067,3738.13,0.549809731,5743.862258,1.366429674,10447,2.554406997,5739.752522,1.887344296,2247,0.941656055,348.71,0.063649365,665.9633059,0.375383258,10463,1.502136151,660.9399063,1.092312567,440
"KCAE20150717_121844",4128.94,"2015","07","17",0.56186535,3791.11,0.568085219,5946.147989,1.464378732,10467,2.628056279,5942.035246,2.124994237,2261,0.940109411,337.83,0.062639754,654.7107107,0.359925761,10452,1.446987383,649.6973348,1.007555816,449
"KCAE20150717_122304",3694.3,"2015","07","17",0.557647443,3395.41,0.51772764,5420.608392,1.282986363,10470,2.469886031,5416.460065,1.74319546,2193,0.942367386,298.89,0.053714603,562.1233193,0.341066866,10465,1.534601449,557.0603258,1.041365087,363
"KCAE20150717_122724",2418.48,"2015","07","17",0.56090675,2145.83,0.320163407,3408.13947,0.969076179,10645,2.093246779,3403.619263,1.561540974,1626,0.938513566,272.65,0.048232504,504.4637571,0.317229928,10459,1.464494853,499.3927447,1.007924378,341
"KCAE20150717_123145",2515.46,"2015","07","17",0.560694241,2225.9,0.357697269,3744.017312,1.089092964,10467,2.184362978,3739.629418,1.806618605,1712,0.943065125,289.56,0.053093282,555.2495446,0.32765661,10458,1.447890999,550.1985797,0.968503262,380
"KCAE20150717_123605",4195.87,"2015","07","17",0.565091263,3904.25,0.587978373,6149.077826,1.472439058,10458,2.595026698,6145.023221,2.090132359,2368,0.945807446,291.62,0.05167996,540.9341371,0.331854428,10467,1.444404719,535.8741508,1.048198883,371
"KCAE20150717_124025",4039.51,"2015","07","17",0.563285801,3785.68,0.572197639,5994.342469,1.551784785,10476,2.69464965,5990.206171,2.373023538,2223,0.942453471,253.83,0.044633421,467.0887495,0.297950147,10465,1.529785376,461.9951837,0.898551645,302
"KCAE20150717_124447",3993.32,"2015","07","17",0.564249287,3725.85,0.559971917,5852.266507,1.434153559,10451,2.580831549,5848.16429,2.067033221,2266,0.939203691,267.47,0.048207507,504.2023118,0.297855095,10459,1.422040773,499.1363113,0.832072932,351
"KCAE20150717_124907",3929.06,"2015","07","17",0.564464707,3746.73,0.565237595,5918.602862,1.428880288,10471,2.562613376,5914.511671,2.036233906,2308,0.926520498,182.33,0.032848191,343.6249313,0.248813326,10461,1.422274345,338.5012942,0.865176283,238
"KCAE20150717_125327",3532.69,"2015","07","17",0.561820541,3329.08,0.503891145,5276.748068,1.398525342,10472,2.452361483,5272.577188,2.179538813,2150,0.926147042,203.61,0.034347953,359.8978555,0.243708599,10478,1.413435114,354.7722137,0.729880468,251
"KCAE20150717_125746",3805.6,"2015","07","17",0.562420799,3620.81,0.539210661,5643.378775,1.416956004,10466,2.555160612,5639.23947,2.090979083,2207,0.932172396,184.79,0.03256023,340.4823219,0.230251076,10457,1.341466815,335.3667038,0.681160684,250
"KCAE20150718_100539",20506.07,"2015","07","18",0.551817429,20449.09,2.160380389,22593.2581,10.42457711,10458,17.60612604,22588.65971,24.78444254,1283,1.556885215,56.98,0.009097781,95.08090946,0.103564986,10451,1.045187253,89.88610379,0.472767114,86
"KCAE20150718_101520",31235.81,"2015","07","18",0.54940592,31208.41,3.366673139,35225.50105,10.1361534,10463,10.91136151,35221.87496,15.83495617,3228,1.557567177,27.4,0.003590939,37.49299849,0.078884928,10441,1.241274364,32.27313345,1.000771114,26
"KCAE20150718_102501",57250.82,"2015","07","18",0.552097921,57197.37,6.186593596,64693.20924,12.30993388,10457,9.376927963,64691.42601,14.13428224,6899,1.556083195,53.45,0.008019664,83.85360504,0.093572127,10456,0.959198642,78.65428867,0.454960018,82
"KCAE20150718_103441",64530.8,"2015","07","18",0.551262702,64284.17,6.698022535,69974.24142,10.27075815,10447,8.643985501,69973.06263,10.92336614,8095,1.55850724,246.63,0.038186125,399.3505004,0.270879023,10458,1.263671329,394.2654548,0.956131303,312
"KCAE20150718_104422",68692.44,"2015","07","18",0.551083699,67255.74,6.611910116,69114.29644,10.51023867,10453,8.379387891,69113.19132,11.18878359,8248,1.556375474,1436.7,0.237032367,2478.884495,0.943971281,10458,1.96370998,2474.274574,2.002154923,1260
"KCAE20150718_105403",68818.2,"2015","07","18",0.548977089,66721.06,6.540473034,68400.26699,11.90193262,10458,8.400774532,68399.10624,12.89675072,8142,1.556993967,2097.14,0.335515613,3508.822285,1.189216412,10458,2.531990254,3504.274512,2.264686289,1384
"KCAE20150718_110344",41211.5,"2015","07","18",0.548928576,39511.55,3.951888363,41336.75228,6.539687745,10460,5.80793548,41335.07681,7.216559189,7117,1.55669979,1699.95,0.249760573,2608.499421,1.18291858,10444,2.766988989,2603.736639,2.928190073,941
"KCAE20150718_111325",27011.31,"2015","07","18",0.548402017,26151.32,2.728406222,28528.21545,5.690879161,10456,4.671804011,28526.03529,6.810470905,6106,1.558059002,859.99,0.121946165,1275.191045,0.702235118,10457,2.378684951,1270.217764,2.072904388,534
"KCAE20150718_112305",17636.48,"2015","07","18",0.550917376,17306.06,1.871580339,19586.08825,3.785005561,10465,3.840635198,19583.39888,4.67362205,5099,1.557369511,330.42,0.045848967,479.6260469,0.420960061,10461,2.281189299,474.4873742,1.957496899,208
"KCAE20150718_113245",11697.11,"2015","07","18",0.551571071,11547.5,1.336280873,13952.10859,2.960619428,10441,3.278262808,13949.00825,3.891596765,4255,1.555989564,149.61,0.022111767,231.1343027,0.232717943,10453,1.637424321,225.9645563,1.211755079,138
"KCAE20150718_114226",9652.62,"2015","07","18",0.55172597,9547.92,1.167079926,12202.9877,2.690431832,10456,2.96543733,12199.80917,3.614737641,4114,1.557954527,104.7,0.016481825,172.3339671,0.264910217,10456,1.63867328,167.1446745,2.140248958,102
"KCAE20150718_115207",6634.74,"2015","07","18",0.548612491,6544.8,0.832347186,8703.854521,1.914395376,10457,2.548425501,8700.324659,2.618019618,3414,1.555543801,89.94,0.010384175,108.6184721,0.175981676,10460,1.914872551,103.4031177,1.548170158,54
"KCAE20150718_120149",6041.16,"2015","07","18",0.547033192,6003.61,0.787949435,8238.799291,1.96921418,10456,2.517639334,8235.198261,2.836036252,3271,1.556369387,37.55,0.005828496,60.84949368,0.10897381,10440,1.545420603,55.6351417,1.046607024,36
"KCAE20150718_121130",5675.67,"2015","07","18",0.551392296,5659.69,0.757879757,7926.66438,1.970960047,10459,2.590047596,7922.955595,2.922178148,3059,1.558360392,15.98,0.001922169,20.10781486,0.071448765,10461,1.858613089,14.86890471,1.9197474,8
"KCAE20150718_122111",5068.55,"2015","07","18",0.548055422,5047.78,0.671895345,7024.665832,1.725335659,10455,2.312565061,7020.947524,2.541434649,3036,1.556589697,20.77,0.002387944,24.96117469,0.06578644,10453,1.644023232,19.72827878,1.081160269,12
"KCAE20150718_123052",4642.82,"2015","07","18",0.547519503,4621.98,0.629464286,6581.049115,1.578540733,10455,2.228833686,6577.288206,2.294579721,2951,1.557018889,20.84,0.003617644,37.82970784,0.061536514,10457,0.988040367,32.60533211,0.484543335,33
"KCAE20150718_124032",4575.95,"2015","07","18",0.548291429,4553.82,0.607578666,6352.842533,1.558222961,10456,2.286277968,6348.993916,2.30348998,2777,1.556546403,22.13,0.003848337,40.25745818,0.054475026,10461,0.796286154,35.03659076,0.27675457,44
"KCAE20150718_125013",4191.59,"2015","07","18",0.5511556,4184.38,0.544906735,5700.269357,1.570498328,10461,2.236475446,5696.302962,2.519811162,2547,1.558280605,7.21,0.001002811,10.48439127,0.022722978,10455,0.874580978,5.247485866,0.404052106,6
"KCAE20150718_125954",3319.75,"2015","07","18",0.547816981,3307.72,0.4567787,4774.25097,1.758468559,10452,2.149673139,4770.124695,3.306091146,2219,1.55572588,12.03,0.001274126,13.32608763,0.040100882,10459,1.347862913,8.087177477,1.089151524,6
"KCAE20150719_100522",8708.1,"2015","07","19",0.551422898,8697.11,0.969724955,10140.41385,6.120517978,10457,6.539322436,10135.94978,14.71135377,1550,1.5570686,10.99,0.001039562,10.87382287,0.028841498,10460,1.408352288,5.633409154,0.508259776,4
"KCAE20150719_101503",27363,"2015","07","19",0.551487529,27340.81,3.06888189,32048.33358,11.46590167,10443,9.808612507,32044.73706,18.82018826,3267,1.556662252,22.19,0.002759691,28.87188216,0.0674012,10462,1.575731942,23.63597913,0.860090964,15
"KCAE20150719_102444",49640.77,"2015","07","19",0.551370953,49436.62,5.210339624,54427.20771,15.47865073,10446,12.20821144,54424.2066,21.81810931,4458,1.556879835,204.15,0.025999089,271.6384791,0.290495412,10448,1.708206796,266.4802601,1.672266133,156
"KCAE20150719_103423",51403.71,"2015","07","19",0.551549908,50715.86,4.899901736,51252.97216,11.74845839,10460,9.090201389,51250.55543,14.76486788,5638,1.556273112,687.85,0.097193115,1016.251212,0.496317333,10456,1.749654817,1011.300484,1.252195914,578
"KCAE20150719_104405",34892.15,"2015","07","19",0.551736308,32891.6,3.182444296,33285.18489,6.497182631,10459,5.862742331,33282.78821,7.877982725,5677,1.558241547,2000.55,0.292866,3062.499761,0.93258507,10457,2.103155139,3057.987573,1.565108335,1454
"KCAE20150719_105346",21842.91,"2015","07","19",0.550679846,18944.16,1.926612508,20142.73377,5.313471779,10455,4.687999757,20139.64695,7.468056595,4296,1.558827268,2898.75,0.413086136,4319.641727,1.250496911,10457,2.199482233,4315.384142,2.099423569,1962
"KCAE20150719_110326",10945.41,"2015","07","19",0.551646418,9329.13,1.047109039,10949.61922,3.705808321,10457,3.990431303,10945.75307,6.373368864,2743,1.558659426,1616.28,0.230206457,2406.808506,0.904861066,10455,1.91105695,2402.198586,1.89761435,1257
"KCAE20150719_111306",4982.73,"2015","07","19",0.547068868,4465.95,0.541930277,5666.96491,2.558529556,10457,3.018477731,5662.664223,5.387601384,1876,1.557357705,516.78,0.073076265,764.3046514,0.459815269,10459,1.612099349,759.2987933,1.489624204,471
"KCAE20150719_112248",2836.84,"2015","07","19",0.551905214,2641.37,0.321477487,3357.832348,1.713120501,10445,2.613593508,3353.240471,4.232546002,1283,1.558595606,195.47,0.027916185,291.9195415,0.297203472,10457,1.71713967,286.7623249,1.626795958,167
"KCAE20150719_113229",2568.52,"2015","07","19",0.550075216,2513.67,0.307959117,3220.32849,1.742407302,10457,2.85075613,3215.652915,4.573070875,1128,1.556264406,54.85,0.008022247,83.85654826,0.141811429,10453,1.404387582,78.64570459,1.351200192,56
"KCAE20150719_114210",2956.34,"2015","07","19",0.551252078,2925.63,0.31266185,3267.003676,2.749139826,10449,3.130795592,3262.289007,8.186789322,1042,1.557533231,30.71,0.004689992,49.0291769,0.077899855,10454,1.184008365,43.80830949,0.572295042,37
"KCAE20150719_115151",3667.13,"2015","07","19",0.552102634,3597.38,0.393223922,4113.515443,3.758685003,10461,3.066376205,4108.944114,10.1074821,1340,1.557215889,69.75,0.009263881,96.8816681,0.168039194,10458,1.833306228,91.66531138,1.617003998,50
"KCAE20150719_120132",4214.07,"2015","07","19",0.55107612,4163.35,0.466040539,4874.317992,2.064094698,10459,3.255231184,4869.825851,4.551848519,1496,1.558568597,50.72,0.006998364,73.20988614,0.119825614,10461,1.478043937,67.9900211,1.056241063,46
"KCAE20150719_121113",3978.01,"2015","07","19",0.551858497,3944.98,0.478314173,5004.601187,2.574470755,10463,3.313527871,5000.113557,6.04837046,1509,1.556173031,33.03,0.004734463,49.50354547,0.089727568,10456,1.135453284,44.28267806,0.947634582,39
"KCAE20150719_122055",3785.64,"2015","07","19",0.552080314,3755.49,0.464684471,4861.993615,2.41977533,10463,3.306661632,4857.485937,5.685652218,1469,1.557331979,30.15,0.004346546,45.43879083,0.08362041,10454,1.149054887,40.21692105,0.892364835,35
"KCAE20150719_123036",1884.63,"2015","07","19",0.551264533,1860.73,0.223190832,2330.112289,1.055727042,10440,2.323058524,2325.381582,2.59864337,1001,1.558510879,23.9,0.003123738,32.61182046,0.070815986,10440,1.304283366,27.38995068,0.914482855,21
"KCAE20150719_124017",1648.64,"2015","07","19",0.549720748,1636.48,0.168654452,1763.113642,0.985024888,10454,2.405253896,1758.240598,2.916794522,731,1.557591503,12.16,0.001345887,14.07259841,0.042275285,10456,1.47253197,8.83519182,1.066900699,6
"KCAE20150719_124958",797.99,"2015","07","19",0.55154697,791.18,0.082892409,866.9717011,0.542739721,10459,2.316979101,861.9162255,1.764731155,372,1.557820482,6.81,0.000792858,8.29567211,0.017521597,10463,1.017751216,3.053253647,0.232806708,3
"KCAE20150719_125939",324.86,"2015","07","19",0.552050126,297.03,0.030470809,318.8160714,0.50420059,10463,3.044890987,313.6237717,4.099728546,103,1.556624972,27.83,0.002902356,30.36445363,0.076614589,10462,1.794860673,25.12804942,1.122774206,14
"KCAE20150720_100405",2120.76,"2015","07","20",0.551307678,2074.84,0.236331896,2467.30499,1.720287315,10440,6.362445879,2462.266555,6.399910672,387,1.555771131,45.92,0.004803562,50.2260446,0.1167008,10456,2.142674086,44.99615581,1.520098573,21
"KCAE20150720_101345",8005.67,"2015","07","20",0.548164013,7992.58,0.852916422,8924.06452,3.703109386,10463,7.675906177,8919.402978,8.435425509,1162,1.558207927,13.09,0.001653262,17.28816569,0.049235992,10457,1.721537015,12.0507591,0.878197504,7
"KCAE20150720_102326",11362.69,"2015","07","20",0.551295889,11348.55,1.200584856,12552.11467,3.288023828,10455,5.127953068,12548.10116,5.104911203,2447,1.556832358,14.14,0.001731192,18.10133946,0.045570376,10456,1.286593762,12.86593762,0.759162543,10
"KCAE20150720_103307",13806.98,"2015","07","20",0.55100049,13664.92,1.386102692,14497.24805,3.473210801,10459,4.380073908,14493.66456,5.002062028,3309,1.557110818,142.06,0.019336327,202.1999696,0.23011545,10457,1.62826197,197.0196983,1.404710382,121
"KCAE20150720_104247",11738.19,"2015","07","20",0.55123623,11201.72,1.126054456,11776.2775,2.326737493,10458,3.165609034,11772.9,2.961264512,3719,1.55793713,536.47,0.075306067,787.475541,0.458798629,10457,1.770262785,782.4561508,1.408666278,442
"KCAE20150720_105228",6928.49,"2015","07","20",0.551606362,5589.27,0.624882889,6536.275016,1.484639746,10460,2.276915477,6532.470504,2.067867021,2869,1.557031968,1339.22,0.170768099,1785.380478,0.836117391,10455,2.171404316,1780.551539,2.138917007,820
"KCAE20150720_110209",3292.73,"2015","07","20",0.548270615,2270.02,0.328509902,3435.55655,0.969025477,10458,1.756934948,3431.293953,1.587490065,1953,1.558060172,1022.71,0.129268446,1352.018679,0.728837245,10459,2.078860387,1347.101531,2.127927016,648
"KCAE20150720_111149",2114.5,"2015","07","20",0.551100909,1693.24,0.267681343,2795.396267,0.857698434,10443,1.661312121,2791.004363,1.503057373,1680,1.557486169,421.26,0.058199213,608.5309682,0.377753423,10456,1.685670334,603.4699795,1.195305903,358
"KCAE20150720_112130",1287.42,"2015","07","20",0.549484275,1161.91,0.193910184,2027.330978,0.75360771,10455,1.57779531,2022.733588,1.565320351,1282,1.556675413,125.51,0.018886328,197.1921531,0.203790726,10441,1.488557444,192.0239103,1.0877985,129
"KCAE20150720_113109",870.12,"2015","07","20",0.552166697,818.11,0.139595906,1460.31277,0.566410582,10461,1.489825497,1455.559511,1.193866127,977,1.558167638,52.01,0.007242661,75.60613631,0.130027583,10439,1.637111484,70.39579383,1.212791759,43
"KCAE20150720_114049",748.88,"2015","07","20",0.552099027,723.29,0.122981743,1284.052378,0.524960305,10441,1.440613217,1279.264536,1.159285379,888,1.559516156,25.59,0.003220988,33.69476046,0.077675833,10461,1.58115901,28.46086218,1.035133845,18
"KCAE20150720_115030",686.64,"2015","07","20",0.552294628,658.36,0.114774032,1200.306829,0.567750771,10458,1.475890585,1195.471374,1.468286872,810,1.558308429,28.28,0.003470544,36.2949449,0.104843153,10458,2.823549261,31.05904187,1.654413929,11
"KCAE20150720_120011",693.42,"2015","07","20",0.552136837,665.42,0.115989625,1212.207573,0.485057886,10451,1.428867655,1207.393168,1.01766628,845,1.558092136,28,0.003279481,34.3033724,0.079097027,10460,1.816810808,29.06897293,0.921307245,16
"KCAE20150720_120951",751.41,"2015","07","20",0.551871513,707.87,0.121232168,1267.724783,0.531481901,10457,1.431888793,1262.925915,1.214206001,882,1.55644883,43.54,0.005697993,59.59531369,0.311356929,10459,4.529950889,54.35941066,8.355307626,12
"KCAE20150720_121932",918.32,"2015","07","20",0.551063706,890.59,0.154210949,1613.200735,0.659902188,10461,1.594116465,1608.463514,1.490618234,1009,1.557319363,27.73,0.003677148,38.46664464,0.092886432,10461,1.954837952,33.23224518,1.260527978,17
"KCAE20150720_122913",929.16,"2015","07","20",0.551033283,902.34,0.148764154,1554.287882,0.61357822,10448,1.47438461,1549.578225,1.337949308,1051,1.557182888,26.82,0.003054107,31.89709261,0.095241222,10444,2.424382382,26.6682062,1.736898801,11
"KCAE20150720_123852",1852.97,"2015","07","20",0.546486053,1805.17,0.289252312,3025.289932,1.072869037,10459,2.004514468,3020.803304,2.133879868,1507,1.557935089,47.8,0.004026249,42.09846265,0.133235778,10456,3.686306081,36.86306081,2.354030396,10
"KCAE20150720_124833",1220.11,"2015","07","20",0.552096868,1133.02,0.194895872,2038.221032,0.749560413,10458,1.68064963,2033.586053,1.536611988,1210,1.55814213,87.09,0.011005333,115.1377968,0.57636831,10462,8.453914724,109.9008914,14.56971867,13
"KCAE20150720_125814",1518.54,"2015","07","20",0.55173649,1501.48,0.252893151,2642.22764,1.07799939,10448,1.940892089,2637.672349,2.379502461,1359,1.557444102,17.06,0.002117955,22.1516933,0.057135125,10459,1.537753553,16.91528909,0.903995411,11
"KCAE20150721_100226",31753.57,"2015","07","21",0.555511066,31724.63,3.603705867,37658.72631,38.8477139,10450,18.84609123,37654.49028,87.22944669,1998,1.50366715,28.94,0.004327351,45.26841664,0.141979569,10461,3.335959269,40.03151123,2.65440504,12
"KCAE20150721_100815",68743.92,"2015","07","21",0.557905555,68297.34,7.660628123,80030.582,55.89144598,10447,29.72759855,80026.6953,107.0982406,2692,1.50544424,446.58,0.040422718,422.7003612,0.876814862,10457,5.964207563,417.4945294,8.981202461,70
"KCAE20150721_101403",98829.55,"2015","07","21",0.557790559,98755.29,10.52555505,109886.7947,42.15905729,10440,22.62384118,109883.9966,59.55759993,4857,1.506037141,74.26,0.008420016,88.06494546,0.174774076,10459,2.856467676,82.83756262,1.727569555,29
"KCAE20150721_101952",123918.15,"2015","07","21",0.559115087,123886.58,13.40298777,140195.2521,39.83553713,10460,20.38880974,140193.4558,47.66203914,6876,1.50537361,31.57,0.00502783,52.57099335,0.099846376,10456,1.690879031,47.34461288,0.951348062,28
"KCAE20150721_102540",118217.45,"2015","07","21",0.557925879,118198.36,12.97690232,135829.2365,34.02529621,10467,17.93816503,135827.7856,38.87679248,7572,1.507143125,19.09,0.003466312,36.27495136,0.077594982,10465,1.293418977,31.04205545,0.999484249,24
"KCAE20150721_103129",126496.32,"2015","07","21",0.556244955,126190.03,13.73891932,143722.835,30.4794733,10461,17.07924059,143721.8096,33.13372867,8415,1.504908508,306.29,0.034006558,355.7426014,0.520449884,10461,3.216094598,350.5543111,3.98836188,109
"KCAE20150721_103717",115350.4,"2015","07","21",0.558604819,115010.96,12.68596696,132771.3302,24.81620068,10466,15.26799023,132770.4431,26.4911812,8696,1.504342628,339.44,0.042426205,443.7781011,0.96925761,10460,4.715938635,438.5822931,9.193755832,93
"KCAE20150721_104308",90245.76,"2015","07","21",0.558718784,90128.1,10.26526454,107405.4629,20.17999851,10463,12.59285891,107404.4936,21.68575834,8529,1.504715412,117.66,0.014259346,149.1242406,0.23108165,10458,2.180543982,143.9159028,1.948172143,66
"KCAE20150721_104856",67367.84,"2015","07","21",0.558500995,67135.23,7.745295916,81031.28588,17.13525465,10462,10.2634578,81029.99933,19.05910108,7895,1.50375839,232.61,0.027700437,289.635771,0.297643401,10456,2.294012133,284.4575045,1.513346031,124
"KCAE20150721_105444",38952.33,"2015","07","21",0.555007274,38510.27,4.505116228,47128.02086,14.5292065,10461,7.435461418,47125.95446,18.07353265,6338,1.505812024,442.06,0.049097055,513.7515872,0.447702795,10464,2.734410671,508.6003848,1.988724181,186
"KCAE20150721_110033",72739.83,"2015","07","21",0.558461876,72182.13,8.112360911,84847.18277,22.67529044,10459,11.6658306,84845.58599,26.41926804,7273,1.503719002,557.7,0.062920133,658.1445949,0.577863356,10460,2.802656451,653.0189531,2.70993768,233
"KCAE20150721_110621",90931.93,"2015","07","21",0.55975011,90214.91,10.64086855,111324.7668,31.83763112,10462,15.28744479,111323.173,37.21963549,7282,1.512786287,717.02,0.080271983,839.4843937,0.661848858,10458,3.023120671,834.3813053,2.780172865,276
"KCAE20150721_111209",64955.88,"2015","07","21",0.552789353,63876.3,8.059217065,84291.35128,18.35352435,10459,10.83837046,84290.0071,20.56478985,7777,1.556316405,1079.58,0.120979586,1265.567453,1.746746664,10461,2.728476367,1260.556081,7.880405409,462
"KCAE20150721_112149",72854.75,"2015","07","21",0.551289651,72334.18,8.784525447,91912.48975,32.37165542,10463,12.61472653,91910.89748,38.16547872,7286,1.55792108,520.57,0.062733159,656.3143077,0.630266429,10462,2.495025658,651.2016967,3.145135786,261
"KCAE20150721_113129",57707.54,"2015","07","21",0.551994711,57051.37,7.540820005,78869.43643,17.51681976,10459,10.94626032,78867.80557,20.20286719,7205,1.556962155,656.17,0.078858122,824.619385,0.569187879,10457,2.215037593,819.5639094,2.10634702,370
"KCAE20150721_114107",63608.65,"2015","07","21",0.552609049,63097.35,7.762689468,81213.25721,23.09573246,10462,10.74230195,81211.80277,26.57416915,7560,1.558333837,511.3,0.059676086,623.9731523,0.443401737,10456,2.141444919,618.8775816,1.632405982,289
"KCAE20150721_115047",71266.89,"2015","07","21",0.551055733,70314.87,8.610682713,90067.74118,23.98042767,10460,11.37490113,90066.46716,26.98623486,7918,1.556353951,952.02,0.098534243,1030.766718,0.695668486,10461,2.77218713,1025.709238,2.507587886,370
"KCAE20150721_120027",43520.13,"2015","07","21",0.550767421,43161.05,5.118331772,53537.75034,14.38656128,10460,7.724135283,53535.98165,17.09508647,6931,1.555583976,359.08,0.043487826,454.8826619,0.87625251,10460,3.686076953,449.7013883,7.268611689,122
"KCAE20150721_121008",27440.32,"2015","07","21",0.551080565,27272.11,3.29111708,34411.92019,11.84992001,10456,5.498532472,34409.81621,14.91624682,6258,1.556011844,168.21,0.019952001,208.3387941,0.225664883,10442,1.863853453,203.1600264,1.206455719,109
"KCAE20150721_121947",18829.15,"2015","07","21",0.55073297,18736.85,2.247852456,23469.82749,11.46471696,10441,4.560274719,23467.1737,16.00516669,5146,1.557631339,92.3,0.010544287,110.2826933,0.186748956,10459,1.843321819,105.0693437,1.753609439,57
"KCAE20150721_122928",9539.2,"2015","07","21",0.550854776,9527.26,1.094051964,11440.50139,3.247583122,10457,2.830310757,11437.28577,4.730947428,4041,1.555917828,11.94,0.001515157,15.83490602,0.044439848,10451,1.766667561,10.60000537,0.621673409,6
"KCAE20150721_123909",4504.67,"2015","07","21",0.551592318,4500.1,0.585710012,6128.283857,1.465308528,10463,2.102471642,6124.499893,2.12714601,2913,1.555704346,4.57,0.000501187,5.241917277,0,10459,NA,0,NA,0
"KCAE20150721_124850",2567.01,"2015","07","21",0.55050421,2548.83,0.350500893,3664.136336,1.273028642,10454,1.749495893,3659.945409,2.377699417,2092,1.559012277,18.18,0.002275762,23.79991876,0.11473474,10458,6.186668743,18.56000623,3.382566188,3
"KCAE20150721_125829",2101.2,"2015","07","21",0.551079664,2093.81,0.327631745,3424.406996,1.133300771,10452,1.688979502,3420.183492,2.081382754,2025,1.557623238,7.39,0.000929965,9.708834622,0.030977524,10440,2.238721139,4.477442277,0,2
"KCAE20150722_100300",620.42,"2015","07","22",0.557790329,598.47,0.073531755,769.2892209,0.796520709,10462,3.587570671,764.152553,4.317606006,213,1.505635686,21.95,0.001693401,17.71805627,0.068820844,10463,3.119034749,12.47613899,1.885481827,4
"KCAE20150722_100849",2226.57,"2015","07","22",0.557791311,2213.06,0.25422584,2660.473416,1.591253174,10465,5.722976385,2655.461043,5.085653518,464,1.509452991,13.51,0.001109861,11.60693054,0.044300564,10458,3.183258412,6.366516824,0.516011853,2
"KCAE20150722_101437",5147.25,"2015","07","22",0.558179934,5142.67,0.575011232,6010.592411,2.829737577,10453,7.175356027,6005.772995,7.259385552,837,1.505897182,4.58,0.000501187,5.245425587,0,10466,NA,0,NA,0
"KCAE20150722_102025",10264.27,"2015","07","22",0.558181294,10256.88,1.092013617,11423.55444,4.078372048,10461,7.663797512,11419.05829,8.151674353,1490,1.508562675,7.39,0.001057547,11.06405601,0.031295797,10462,1.455659981,5.822639923,0.770081124,4
"KCAE20150722_102614",13868.26,"2015","07","22",0.558331334,13863.68,1.456569319,15250.28077,4.369875483,10470,6.387192992,15246.22967,7.230677949,2387,1.502923389,4.58,0.000501187,5.2449244,0,10465,NA,0,NA,0
"KCAE20150722_103202",18458.1,"2015","07","22",0.557967313,18406.49,1.899348707,19869.08683,5.893113818,10461,6.523931042,19865.37002,9.44242472,3045,1.510885746,51.61,0.006454759,67.54259838,0.293145054,10464,6.92252065,62.30268585,7.650730306,9
"KCAE20150722_103751",20775.72,"2015","07","22",0.557937425,20715.49,2.102252268,22004.27449,5.196441934,10467,5.963913647,22000.87744,7.320903771,3689,1.505409408,60.23,0.007254362,75.9023911,0.143994527,10463,2.208578346,70.67450706,1.407140302,32
"KCAE20150722_104340",16499.96,"2015","07","22",0.557757736,16444.99,1.683727193,17618.52135,4.296639701,10464,5.00711771,17615.0401,6.186900983,3518,1.503993831,54.97,0.006557677,68.61953402,0.125564637,10464,2.113004881,63.39014642,1.041688527,30
"KCAE20150722_104928",13122.67,"2015","07","22",0.560327403,12941.6,1.39246187,14573.50593,3.257883222,10466,4.483042881,14569.88936,4.508773979,3250,1.505620293,181.07,0.021898069,229.0756976,0.281224561,10461,2.433466165,223.8788872,1.777344265,92
"KCAE20150722_105517",10339.25,"2015","07","22",0.557897113,9994.66,1.180268861,12350.33336,2.880879093,10464,4.126533588,12346.58849,4.10760462,2992,1.503588909,344.59,0.042455657,444.1286268,0.375429942,10461,2.452376646,438.9754197,1.529912339,179
"KCAE20150722_110105",7362.1,"2015","07","22",0.557198199,6660.2,0.863918129,9041.767134,2.239730197,10466,3.555387776,9037.795726,3.329888715,2542,1.506899102,701.9,0.083658706,875.0700609,0.638236386,10460,2.949069467,869.9754927,2.452275793,295
"KCAE20150722_110654",5381.45,"2015","07","22",0.55718644,4951.54,0.700672592,7329.035316,1.96952822,10460,3.281770406,7324.911547,3.11640792,2232,1.50138357,429.91,0.052548804,549.9232298,0.506584852,10465,2.670492881,544.7805476,2.490791187,204
"KCAE20150722_111242",3801.43,"2015","07","22",0.557501048,3421.3,0.518702793,5429.262134,1.609053841,10467,2.90415012,5424.952425,2.75380994,1868,1.500481214,380.13,0.045529491,476.1929485,0.526907698,10459,2.738588578,471.0372355,3.092316075,172
"KCAE20150722_111830",2318.44,"2015","07","22",0.558128423,2029.99,0.330464074,3455.993285,1.109175505,10458,2.493819012,3451.445512,1.97594636,1384,1.503523993,288.45,0.035427572,370.7141153,0.490930615,10464,2.648832289,365.5388559,3.381570301,138
"KCAE20150722_112418",1544.88,"2015","07","22",0.557182504,1244.16,0.216132149,2255.987368,0.853460966,10438,2.175144642,2251.274705,1.757274465,1035,1.504878243,300.72,0.037053221,387.5025852,0.426625559,10458,2.636785112,382.3338412,2.513153462,145
"KCAE20150722_113008",1073.39,"2015","07","22",0.557796127,891.96,0.1560033,1631.950517,0.777513371,10461,2.163676184,1627.08449,2.017716514,752,1.50353086,181.43,0.023993599,251.1170069,0.309941551,10466,2.588623096,245.9191941,1.996640248,95
"KCAE20150722_113556",757.47,"2015","07","22",0.55889584,592.99,0.105183374,1100.428458,0.55453428,10462,1.869417632,1095.478733,1.48190281,586,1.51058336,164.48,0.021432775,224.2082543,0.248398924,10461,2.066211891,219.0184605,1.37205942,106
"KCAE20150722_114145",558.79,"2015","07","22",0.558539924,473.11,0.090477055,946.7519025,0.471191696,10464,1.68477217,941.7876429,1.213699708,559,1.502440228,85.68,0.011578424,121.1334761,0.151099207,10462,1.783425115,115.9226325,0.723439802,65
"KCAE20150722_114733",496.67,"2015","07","22",0.557057776,364.25,0.066616129,696.8047125,0.406902062,10460,1.68723849,691.7677808,1.222174769,410,1.506529653,132.42,0.017511125,183.1663724,0.41250717,10460,2.917287317,177.9545263,4.589456101,61
"KCAE20150722_115323",654.59,"2015","07","22",0.55859968,597.48,0.110393604,1154.385913,0.519620836,10457,1.728538779,1149.478288,1.204720476,665,1.501389206,57.11,0.00819448,85.69786748,0.130727701,10458,1.788422329,80.47900482,0.897933376,45
"KCAE20150722_115911",674.17,"2015","07","22",0.558588779,632.37,0.110975793,1160.917768,0.555652791,10461,1.746233587,1156.006634,1.423648839,662,1.508853107,41.8,0.005764898,60.32389417,0.109047849,10464,1.620485627,55.09651132,1.036925887,34
"KCAE20150722_120459",746.19,"2015","07","22",0.559102861,706,0.123918518,1296.311619,0.501226197,10461,1.594413162,1291.474661,0.949485672,810,1.502177358,40.19,0.005026003,52.56193459,0.111191932,10458,2.151433846,47.33154462,1.148860938,22
"KCAE20150722_121050",849.83,"2015","07","22",0.557973916,816.8,0.136314077,1425.845247,0.738144896,10460,1.774037802,1421.004279,2.053081128,801,1.505344327,33.03,0.004088175,42.77049103,0.084709505,10462,1.564129112,37.53909869,0.847534374,24
"KCAE20150722_121638",1021.3,"2015","07","22",0.55770006,991.84,0.173116642,1810.626957,0.625647113,10459,1.689355293,1805.920808,1.126886862,1069,1.502572616,29.46,0.003666084,38.33990556,0.089018696,10458,2.069156779,33.10650847,0.983194757,16
"KCAE20150722_122227",1480.8,"2015","07","22",0.558121332,1469.42,0.230494974,2410.516434,3.070132757,10458,2.108542395,2405.846873,9.082829508,1141,1.507590401,11.38,0.001544015,16.16120086,0.049945678,10467,1.819713535,10.91828121,1.119138885,6
"KCAE20150722_122815",1651.32,"2015","07","22",0.559255042,1620.8,0.268011484,2803.400119,1.06506748,10460,1.928935164,2798.884923,2.230947879,1451,1.505318825,30.52,0.003451334,36.11476334,0.146687792,10464,3.859293704,30.87434963,3.893298877,8
"KCAE20150722_123404",2145.59,"2015","07","22",0.557706859,2131.05,0.342111931,3578.832912,1.025987813,10461,2.032104367,3574.471581,1.681626149,1759,1.505334534,14.54,0.001671481,17.49371667,0.049838487,10466,1.750257057,12.2517994,0.873361754,7
"KCAE20150722_123952",2833.61,"2015","07","22",0.557209514,2822.72,0.44077383,4610.053485,1.352310453,10459,2.284633909,4605.821961,2.297303623,2016,1.50246676,10.89,0.001368375,14.31320224,0.045795725,10460,1.814657943,9.073289716,1.171234814,5
"KCAE20150722_124540",3644.42,"2015","07","22",0.558631724,3633.51,0.565329725,5911.652931,1.359565031,10457,2.393698925,5907.648946,1.859249503,2468,1.507468792,10.91,0.00163737,17.13343504,0.048945,10464,1.486627666,11.89302133,1.028885095,8
"KCAE20150722_125129",5026.34,"2015","07","22",0.559341601,4996.16,0.784205364,8202.003901,1.867499947,10459,2.765940453,8198.247503,2.612894785,2964,1.503614232,30.18,0.004561078,47.70888054,0.13278824,10460,2.235578139,42.47598464,2.232054133,19
"KCAE20150722_125718",5316.09,"2015","07","22",0.557833882,5303.44,0.857693084,8974.042735,2.933086682,10463,2.931481191,8970.332446,4.831423355,3060,1.508368356,12.65,0.00193685,20.26526345,0.052846308,10463,1.50263533,15.0263533,0.861204645,10
"KCAE20150723_100327",3175.92,"2015","07","23",0.557443329,3051.15,0.359443536,3762.654935,2.624011621,10468,4.39513102,3757.837022,8.163015816,855,0.932142097,124.77,0.017942499,187.8759065,0.270834591,10471,2.227671614,182.6690724,2.121118232,82
"KCAE20150723_100820",4059.03,"2015","07","23",0.555037927,3964.68,0.446538182,4672.575534,3.198168311,10464,4.782602735,4667.820269,9.434288276,976,0.928357338,94.35,0.014183102,148.2701448,0.2050569,10454,1.907577633,143.0683225,1.509956184,75
"KCAE20150723_101314",8285.04,"2015","07","23",0.55732703,8126.36,0.912798337,9552.434598,3.990231373,10465,7.025659152,9547.870787,8.928063251,1359,0.932310145,158.68,0.01957153,204.8160615,0.281600489,10465,2.592334137,199.6097286,2.040168506,77
"KCAE20150723_101807",17639.55,"2015","07","23",0.557401156,17481.43,1.879349985,19648.60409,7.889345612,10455,9.332265644,19644.41918,15.4814247,2105,0.939015322,158.12,0.020909731,218.8203326,0.333158618,10465,2.738647447,213.6145008,2.746913801,78
"KCAE20150723_102300",22446.15,"2015","07","23",0.557514681,21788.58,2.320087031,24277.39069,6.79133774,10464,8.301508803,24273.61174,10.7437313,2924,0.93969072,657.57,0.082098057,858.9098762,0.580377318,10462,2.710553426,853.8243293,2.018888811,315
"KCAE20150723_102754",30075.88,"2015","07","23",0.557192831,28028.99,2.991552802,31276.68454,14.72324305,10455,8.505109463,31273.2875,23.86565432,3677,0.940422386,2046.89,0.233273494,2439.340932,1.118882332,10457,3.381195655,2434.460872,2.747482015,720
"KCAE20150723_103247",30213.21,"2015","07","23",0.556890903,27510.15,2.810801262,29406.60281,6.189843725,10462,6.687187425,29403.56311,8.077669216,4397,0.934394659,2703.06,0.297043208,3109.448297,1.286353936,10468,3.552219573,3104.639907,2.874840073,874
"KCAE20150723_103741",30445.2,"2015","07","23",0.558380573,26386.24,2.630332061,27515.9037,5.08931494,10461,5.926968394,27512.98729,6.231771779,4642,0.932791086,4058.96,0.425938539,4455.743059,1.583588911,10461,3.867139015,4451.077006,3.080943103,1151
"KCAE20150723_104234",27804.02,"2015","07","23",0.556084375,22895.1,2.265651327,23694.18158,4.524436611,10458,5.197723688,23691.22457,5.633114154,4558,0.929302397,4908.92,0.496086948,5194.526434,2.00579239,10471,4.240107807,5189.891956,4.30768482,1224
"KCAE20150723_104727",21574.79,"2015","07","23",0.557336373,17380.63,1.777978021,18597.6501,3.786179892,10460,4.347568683,18594.55126,4.887809195,4277,0.930990526,4194.16,0.428537206,4484.641857,1.735798775,10465,4.017897539,4479.955756,3.724082792,1115
"KCAE20150723_105221",16619.14,"2015","07","23",0.557368127,13041.48,1.406576118,14711.37962,4.211466438,10459,4.083271233,14707.94298,6.370142241,3602,0.930367515,3577.66,0.357737101,3742.645547,1.415014344,10462,3.734169645,3737.903815,2.885587322,1001
"KCAE20150723_105714",11573.26,"2015","07","23",0.557029285,9342.99,1.065353009,11157.44207,2.813975814,10473,3.729084649,11153.69218,4.218753409,2991,0.934164183,2230.27,0.229660236,2402.935046,1.089321058,10463,3.312229259,2398.053984,2.63589802,724
"KCAE20150723_110207",9488.05,"2015","07","23",0.556319902,7470.07,0.910958874,9530.451739,3.488593359,10462,3.562658374,9526.548492,6.179002945,2674,0.929932119,2017.98,0.209593177,2194.021381,1.003054056,10468,3.272212627,2189.110247,2.393743869,669
"KCAE20150723_110701",7829.86,"2015","07","23",0.556878773,6165.05,0.785225171,8204.817813,3.203761237,10449,3.476372704,8200.763209,6.010059748,2359,0.938980187,1664.81,0.172425748,1804.60788,1.025924966,10466,3.440964771,1799.624575,3.135923574,523
"KCAE20150723_111154",5922.97,"2015","07","23",0.55681028,4729.5,0.602018057,6302.527037,2.143887684,10469,3.150716349,6298.281981,4.005984265,1999,0.937392183,1193.47,0.12141216,1271.185316,0.803497697,10470,3.157453522,1266.138862,2.69973893,401
"KCAE20150723_111647",5014.67,"2015","07","23",0.554857337,4069.59,0.500999771,5242.962601,2.397256992,10465,3.120047153,5238.55917,5.259483424,1679,0.927910295,945.08,0.098733529,1032.45651,0.7239038,10457,3.210549921,1027.375975,2.675103803,320
"KCAE20150723_112141",4176.63,"2015","07","23",0.557767912,3452.39,0.431514903,4522.276184,2.019103928,10480,2.875755001,4517.811107,4.492023654,1571,0.936171226,724.24,0.079435873,831.5347207,0.587322762,10468,2.849771162,826.433637,2.138358988,290
"KCAE20150723_112634",4826.57,"2015","07","23",0.556788505,4218.33,0.497484093,5208.160965,3.140088662,10469,3.50650795,5203.657798,7.68392938,1484,0.932514306,608.24,0.065577067,686.6574644,0.558988347,10471,2.989139489,681.5238036,2.374048716,228
"KCAE20150723_113128",4590.96,"2015","07","23",0.557087615,4112.41,0.489466799,5115.906982,5.860913448,10452,3.671958495,5111.366225,15.69685853,1392,0.929983375,478.55,0.056207034,587.5883319,0.465993908,10454,2.55466312,582.4631913,1.894693627,228
"KCAE20150723_113622",3344.91,"2015","07","23",0.557679482,3066.97,0.37082368,3881.411464,2.279148531,10467,3.000629312,3876.813071,5.849405203,1292,0.939149647,277.94,0.032347402,338.4185145,0.363209517,10462,2.524554927,333.2412504,2.048432111,132
"KCAE20150723_114115",3205.17,"2015","07","23",0.555127634,2800.17,0.330490869,3458.91743,1.252896518,10466,2.581720921,3454.342593,2.543917945,1338,0.92972694,405,0.044156373,462.1405993,0.469184123,10466,3.026297039,456.970853,2.504893771,151
"KCAE20150723_114609",3898.45,"2015","07","23",0.556853147,3460.38,0.401631175,4197.447408,3.786002979,10451,3.126682768,4192.881592,10.16154651,1341,0.934180262,438.07,0.047865082,500.716618,0.454382602,10461,2.753132845,495.5639121,2.139309792,180
"KCAE20150723_115102",4811.79,"2015","07","23",0.557459786,4511.11,0.511267149,5347.854377,3.104404946,10460,3.590966213,5343.357725,7.531293072,1488,0.934507872,300.68,0.035005642,366.3690448,0.409918076,10466,2.655821917,361.1917807,2.452549536,136
"KCAE20150723_115555",5485.02,"2015","07","23",0.55756088,5023.25,0.540277191,5650.218867,2.980323551,10458,3.630711767,5645.756797,6.967338552,1555,0.935086575,461.77,0.051826392,542.6223193,0.699176785,10470,3.257318696,537.4575849,4.549993628,165
"KCAE20150723_120049",7773.61,"2015","07","23",0.555106661,7040.03,0.68494691,7161.804889,3.042549645,10456,4.481756338,7157.364872,6.604232533,1597,0.925670029,733.58,0.065705594,687.8718587,0.914487078,10469,4.162848318,682.7071242,6.04555129,164
"KCAE20150723_120542",13836.35,"2015","07","23",0.555276432,12125.65,1.107889726,11595.17388,5.997410272,10466,7.244206469,11590.73035,13.81770398,1600,0.926452532,1710.7,0.161493844,1690.356069,3.416119302,10467,7.20182658,1685.22742,21.7548904,234
"KCAE20150723_121036",14560.82,"2015","07","23",0.557222009,13560.22,1.226890631,12847.99869,7.245285653,10472,7.360243453,12843.62483,16.43197813,1745,0.937618474,1000.6,0.093743994,981.5933652,0.759445446,10471,3.698779345,976.4777471,3.094758245,264
"KCAE20150723_121529",16451.58,"2015","07","23",0.55714607,14711.51,1.316139156,13760.23488,7.838305191,10455,7.762913698,13755.88307,17.68039634,1772,0.938358892,1740.07,0.151299664,1582.443186,1.282445135,10459,4.666777131,1577.37067,5.468576338,338
"KCAE20150723_122022",12550.13,"2015","07","23",0.556501813,11220.18,1.009053123,10561.75904,5.491092699,10467,7.099703014,10557.25838,13.00367075,1487,0.937919726,1329.95,0.113454353,1187.86708,0.831311438,10470,4.023017004,1182.766999,2.985389552,294
"KCAE20150723_122518",6700.06,"2015","07","23",0.556970355,5724.16,0.488724346,5114.500282,6.175927896,10465,5.920843432,5109.687882,20.75614403,863,0.930632495,975.9,0.070812478,740.9817745,0.819440826,10464,5.491078435,735.8045103,4.779213541,134
"KCAE20150723_123011",2381.69,"2015","07","23",0.556902592,2010.77,0.194764359,2037.235194,1.831255379,10460,3.342594567,2032.297497,6.873515916,608,0.932687377,370.92,0.027880301,291.6558322,0.429631726,10461,4.340090771,286.4459909,3.271484751,66
"KCAE20150723_123504",676.72,"2015","07","23",0.557050085,615.47,0.083560805,873.4610955,1.0801214,10453,2.509813862,868.3955961,5.407302359,346,0.930172634,61.25,0.005773698,60.46794044,0.148482675,10473,2.401327559,55.23053385,2.117000207,23
"KCAE20150723_123957",413.91,"2015","07","23",0.560650227,401.43,0.05868106,613.6278441,0.492574909,10457,2.048942026,608.5357818,2.116609785,297,0.932721362,12.48,0.001548484,16.20798021,0.052651798,10467,1.827510093,10.96506056,1.341467855,6
"KCAE20150723_124451",320.86,"2015","07","23",0.556761663,306.94,0.041081569,429.7542909,0.447561277,10461,1.96583161,424.6196277,2.438237822,216,0.937803833,13.92,0.0016613,17.37055066,0.051604911,10456,2.022190678,12.13314407,0.816463852,6
"KCAE20150723_124944",171.39,"2015","07","23",0.557175856,156.65,0.022116223,231.4462685,0.247844872,10465,1.604766039,226.2720115,1.426222425,141,0.932785629,14.74,0.001899253,19.8889789,0.04951546,10472,1.464555806,14.64555806,0.687871582,10
"KCAE20150723_125438",125.53,"2015","07","23",0.557971736,99.46,0.01760312,184.1638421,0.165352153,10462,1.287698462,178.9900863,0.652596306,139,0.932276814,26.07,0.002861332,29.94384191,0.075535565,10465,1.900417919,24.70543294,1.034248148,13
"KCAE20150723_125931",120.12,"2015","07","23",0.555877234,111.66,0.017230789,180.3202063,0.22709203,10465,1.509770859,175.1334196,1.555718407,116,0.930820375,8.46,0.001072015,11.22614426,0.032626829,10472,1.494929074,5.979716296,0.85958081,4
"KCAE20150724_100242",20776.86,"2015","07","24",0.562662795,9234.54,1.208918132,12653.74609,15.49726526,10467,30.40554965,12648.70865,71.8813565,416,0.931076352,11542.32,1.486500345,15559.19911,17.87258374,10467,32.81474841,15554.19075,77.70313242,474
"KCAE20150724_100750",20821.85,"2015","07","24",0.561981566,9677.69,1.201877555,12570.43735,15.28057312,10459,29.91763317,12565.40593,70.47539215,420,0.933591924,11144.16,1.342795159,14049.66575,14.04190137,10463,28.546074,14044.66841,58.50810628,492
"KCAE20150724_101258",21191.66,"2015","07","24",0.562395518,8741.36,1.065160535,11155.42629,11.61614922,10473,26.36025852,11150.38935,51.76948727,423,0.934571554,12450.3,1.416160134,14828.61276,11.51194824,10471,26.70926665,14823.64299,42.75290657,555
"KCAE20150724_101808",27888.76,"2015","07","24",0.559254531,9856.86,1.085288146,11360.79631,11.73139737,10468,23.60871299,11355.79095,49.68153085,481,0.933736379,18031.9,1.91753569,20078.51621,19.84674178,10471,35.84562311,20073.54894,78.4808099,560
"KCAE20150724_102318",34705.37,"2015","07","24",0.560017266,14963.43,1.639834565,17165.78823,17.31357294,10468,33.58277478,17160.79791,71.2552406,511,0.935571731,19741.94,2.13991995,22389.98243,20.80476487,10463,39.13465943,22385.02519,80.50014536,572
"KCAE20150724_102827",31665.57,"2015","07","24",0.559243046,12941.36,1.407118828,14726.90565,14.50120253,10466,30.73465615,14721.90029,60.83246035,479,0.934837292,18724.21,1.89309986,19796.14523,20.56790386,10457,34.78240684,19791.18949,81.49551957,569
"KCAE20150724_103335",29162.35,"2015","07","24",0.556882814,9639.59,0.979947354,10264.94853,8.06245293,10475,22.45060752,10259.92764,31.78051312,457,0.922161245,19522.76,1.919155935,20097.40095,17.74104523,10472,39.55198252,20092.40712,70.77434645,508
"KCAE20150724_103844",40015.92,"2015","07","24",0.558258223,12375.61,1.224696277,12811.54775,12.48337053,10461,28.02305005,12806.53387,53.12269395,457,1.511023145,27640.31,2.933575008,30667.59313,27.19096328,10454,40.50559197,30662.73312,93.26785706,757
"KCAE20150724_104432",38363.45,"2015","07","24",0.553963095,12557.72,1.240062506,12972.29388,10.69883534,10461,29.67338668,12967.26998,43.59447058,437,1.507147294,25805.73,2.681267974,28038.0192,26.54066494,10457,39.4832875,28033.13413,94.51543443,710
"KCAE20150724_105020",36637.68,"2015","07","24",0.557356763,10560.64,1.042711173,10916.14327,10.46290997,10469,24.74176274,10911.11737,44.90849482,441,1.51160222,26077.04,2.581276467,27013.05823,23.19869824,10465,41.1709483,27008.14208,83.70512295,656
"KCAE20150724_105609",36060.79,"2015","07","24",0.556389511,11496.52,1.183414876,12378.5196,17.19706315,10460,31.01122095,12373.47716,82.73081446,399,1.50521171,24564.27,2.329059253,24378.2632,19.0029888,10467,36.26987213,24373.35407,66.32996532,672
"KCAE20150724_110157",36774.94,"2015","07","24",0.556822523,10344.75,0.986815462,10326.03699,10.33089682,10464,26.32905366,10320.98904,46.7659216,392,1.508606972,26430.19,2.401425617,25126.11623,18.27043492,10463,36.24995618,25121.21963,61.78934672,693
"KCAE20150724_110745",36554.12,"2015","07","24",0.558333576,7044.86,0.655555789,6857.769105,5.786377667,10461,19.52336781,6852.702102,25.12433571,351,1.51337589,29509.26,2.765386646,28925.94432,25.77936835,10460,44.22175791,28921.02968,93.85279991,654
"KCAE20150724_111334",36731.21,"2015","07","24",0.555086722,10813.35,0.992351622,10384.95973,10.63933179,10465,28.1298096,10379.89974,49.53033196,369,1.506237084,25917.86,2.322335219,24298.5934,22.88445253,10463,44.01019227,24293.62613,90.03117576,552
"KCAE20150724_111922",35442.93,"2015","07","24",0.556956182,10689.84,0.903164419,9451.615645,9.252008695,10465,26.83678164,9446.547138,43.05751573,352,1.506185471,24753.09,2.120036909,22179.82615,23.51095933,10462,42.80857595,22174.84234,97.15712885,518
"KCAE20150724_112509",37284.16,"2015","07","24",0.55852033,14544.9,1.099156717,11500.47673,12.19014624,10463,31.32266143,11495.41674,57.43191445,367,1.510272366,22739.26,2.086457347,21834.77614,25.33020065,10465,52.47533584,21829.73971,116.3080279,416
"KCAE20150724_113057",39508.48,"2015","07","24",0.557830338,14405.13,1.161872884,12150.86662,12.12905759,10458,33.64489232,12145.80613,56.36796063,361,1.501298591,25103.35,2.381936158,24922.19802,28.8396109,10463,65.22812972,24917.14555,136.8520471,382
"KCAE20150724_113648",43757.78,"2015","07","24",0.558063719,13243.16,1.208268365,12638.48709,18.86376048,10460,37.37696472,12633.41408,98.42706309,338,1.511798948,30514.62,2.842184773,29746.30583,32.49901789,10466,84.25279695,29741.23732,156.5950759,353
"KCAE20150724_114236",44823.18,"2015","07","24",0.556527004,15502.64,1.42600617,14926.00659,21.05768277,10467,68.7597669,14920.86942,129.7473618,217,1.505463184,29320.54,2.645127477,27657.4529,31.87817164,10456,79.46088188,27652.38689,156.5149248,348
"KCAE20150724_114825",39564.56,"2015","07","24",0.557601561,15218.3,1.361985102,14251.81211,19.4132967,10464,44.38233199,14246.72857,102.016577,321,1.518293271,24346.26,2.141103185,22398.08042,25.01858793,10461,62.72553619,22393.01642,120.7486913,357
"KCAE20150724_115414",40743.35,"2015","07","24",0.555882163,14683.28,1.276900056,13360.20529,18.09999275,10463,41.09269001,13355.12425,94.53777641,325,1.504548864,26060.07,2.251293281,23553.03031,28.98869964,10462,68.25495593,23547.95979,145.0401488,345
"KCAE20150724_120003",32978.83,"2015","07","24",0.558295607,15482.97,1.313563213,13749.06615,19.54768238,10467,39.72252495,13743.99363,100.3081793,346,1.509805304,17495.86,1.46607097,15339.50056,18.06815819,10463,49.46584518,15334.412,93.11867888,310
"KCAE20150724_120551",23096.6,"2015","07","24",0.557109462,10161.48,0.847213214,8861.003005,10.78868632,10459,23.06237902,8855.953543,51.61958103,384,1.509894347,12935.12,1.053929372,11024.10123,13.85470253,10460,45.53297563,11018.9801,79.35230067,242
"KCAE20150724_121140",19252.34,"2015","07","24",0.557252668,8322.98,0.68106316,7125.282779,12.13760182,10462,19.19198194,7120.225299,61.71710666,371,1.507176978,10929.36,0.866988782,9069.569649,12.39681757,10461,40.83080177,9064.437993,75.06434943,222
"KCAE20150724_121728",12387.71,"2015","07","24",0.557253894,5910.81,0.472954005,4946.625937,7.320195761,10459,14.15919465,4941.558934,37.62968918,349,1.504333175,6476.9,0.495818309,5186.259509,6.201049676,10460,29.27178418,5181.105801,37.92122028,177
"KCAE20150724_122317",9727.38,"2015","07","24",0.55576746,5374.5,0.428405732,4481.12396,7.049734532,10460,11.13453487,4476.083019,34.30390559,402,1.503912144,4352.88,0.322956578,3377.802853,4.240748073,10459,22.33534182,3372.636615,27.54850003,151
"KCAE20150724_122905",7892.03,"2015","07","24",0.559070041,5749.55,0.44331904,4637.560481,6.863289706,10461,11.18967404,4632.525053,32.74877259,414,1.501596196,2142.48,0.153306646,1603.894129,2.289074847,10462,13.90181169,1598.708345,16.97137847,115
"KCAE20150724_123453",5014.33,"2015","07","24",0.557874802,3209.29,0.252866638,2645.996498,3.466848944,10464,7.215670791,2640.93551,17.1510767,366,1.504733459,1805.04,0.125561697,1313.752037,2.235788673,10463,15.21571183,1308.551217,19.56928835,86
"KCAE20150724_124041",2790.45,"2015","07","24",0.557022904,2059.81,0.173989243,1820.101473,1.937749614,10461,4.77644475,1815.049005,9.032800356,380,1.501365792,730.64,0.049553432,518.4775568,1.16857763,10463,11.15775412,513.2566893,13.81265893,46
"KCAE20150724_124628",1586.39,"2015","07","24",0.557611535,1085.32,0.113281929,1185.382105,1.469144285,10464,3.155949533,1180.325125,7.135685126,374,1.507745195,501.07,0.033439875,349.9482892,0.863724399,10465,11.49061335,344.7184005,11.53260045,30
"KCAE20150724_125218",1618.09,"2015","07","24",0.55786445,1170.29,0.16828177,1760.059033,2.573385092,10459,4.558467722,1755.010073,12.66065029,385,1.512711226,447.8,0.038688964,404.8026258,0.715957432,10463,8.686559965,399.5817584,6.510567858,46
"KCAE20150724_125806",3332.26,"2015","07","24",0.556692513,2447.8,0.375723192,3931.19176,8.938374844,10463,11.21749501,3926.123253,47.67645546,350,1.508784511,884.46,0.138610517,1449.727394,4.733341838,10459,25.34235166,1444.514045,59.44686762,57
"KCAE20150725_100040",1429.29,"2015","07","25",0.553291073,1424.72,0.160917391,1683.195908,1.960458153,10460,6.080042815,1678.091817,10.49087281,276,1.555276835,4.57,0.000501187,5.239912528,0,10455,NA,0,NA,0
"KCAE20150725_101020",4902.4,"2015","07","25",0.548215462,4897.83,0.533255796,5576.78911,3.328075838,10458,8.719668157,5571.867953,10.49045494,639,1.557683406,4.57,0.000501187,5.240914902,0,10457,NA,0,NA,0
"KCAE20150725_102000",16821.83,"2015","07","25",0.549436474,16809.72,1.905041067,19915.29932,7.353058478,10454,6.059557763,19911.70681,12.11877516,3286,1.558049252,12.11,0.001040495,10.87317008,0.038981526,10450,2.818382931,5.636765863,0,2
"KCAE20150725_102940",32477.2,"2015","07","25",0.548760356,32459.48,3.845966396,40159.58111,8.794635696,10442,6.536039552,40157.42701,10.67132465,6144,1.558028569,17.72,0.001993379,20.82084206,0.066864349,10445,2.598158088,15.58894853,1.116225296,6
"KCAE20150725_103921",39974.37,"2015","07","25",0.551280352,39944.85,4.844206024,50660.7066,9.188535236,10458,6.905553693,50659.14189,10.30190092,7336,1.556805185,29.52,0.00485659,50.79507206,0.092063326,10459,1.231667533,45.57169871,0.953841666,37
"KCAE20150725_104902",35228.79,"2015","07","25",0.549402253,34960.99,4.332370101,45325.256,6.801725507,10462,6.134774682,45323.71535,7.379528906,7388,1.557283653,267.8,0.050862141,532.017995,0.351740189,10460,1.505574263,526.9509921,1.229639687,350
"KCAE20150725_105842",25838.12,"2015","07","25",0.551697338,25097.93,3.104114373,32456.61988,4.386528275,10456,4.561482138,32454.94541,4.650834044,7115,1.556799554,740.19,0.136012371,1422.961423,0.639751509,10462,1.801921774,1418.112436,1.562810959,787
"KCAE20150725_110822",23318.58,"2015","07","25",0.549344759,21772.87,2.620041999,27410.8794,3.775374053,10462,4.044419732,27409.03252,4.030384796,6777,1.5574177,1545.71,0.269735824,2817.930152,1.059666891,10447,2.380107151,2813.286652,2.214936709,1182
"KCAE20150725_111803",16171.91,"2015","07","25",0.549021097,14551.48,1.795998218,18775.36537,2.765386881,10454,3.284288094,18772.99074,3.016505013,5716,1.556634294,1620.43,0.262547488,2746.246724,1.254902719,10460,2.57421415,2741.53807,3.086220963,1065
"KCAE20150725_112743",14668.85,"2015","07","25",0.55198657,13390.32,1.65976442,17359.47607,2.816648108,10459,3.19061776,17356.96061,3.220231147,5440,1.558349825,1278.53,0.200817453,2100.34974,1.005192851,10459,2.49171144,2095.529321,2.620256661,841
"KCAE20150725_113724",11131.89,"2015","07","25",0.551289174,10528.9,1.3223253,13822.26636,2.639316316,10453,2.794077299,13819.50632,3.257512004,4946,1.555661068,602.99,0.089913637,940.1369907,0.58644222,10456,2.139852622,935.1155958,1.962460144,437
"KCAE20150725_114705",8486.97,"2015","07","25",0.551593099,8175.39,1.05959513,11080.18627,2.017705756,10457,2.456687783,11077.20521,2.451620557,4509,1.556988838,311.58,0.048284592,504.3325591,0.40073191,10445,2.029353457,499.2209505,1.676261658,246
"KCAE20150725_115646",5859.24,"2015","07","25",0.55087404,5701.99,0.788118021,8225.587786,1.468981655,10437,2.073731173,8222.344102,1.736394393,3965,1.557487728,157.25,0.024420228,255.3623242,0.288634787,10457,1.812975168,250.1905732,1.758677956,138
"KCAE20150725_120626",5100.65,"2015","07","25",0.548278032,5045.3,0.714985622,7475.889663,1.526873918,10456,2.086109576,7472.444502,1.986481468,3582,1.557417862,55.35,0.008212272,85.87572374,0.130390457,10457,1.493738388,80.66187295,1.045965845,54
"KCAE20150725_121607",4081.05,"2015","07","25",0.550836625,4067.02,0.585552125,6124.289679,1.26914166,10459,1.887349094,6120.673112,1.654929051,3243,1.558251003,14.03,0.00212401,22.21077159,0.049271976,10457,1.212633808,16.97687331,0.610305201,14
"KCAE20150725_122548",3794.99,"2015","07","25",0.548172698,3779.77,0.545077027,5699.325391,1.195430199,10456,1.806427282,5695.665221,1.568903615,3153,1.557140793,15.22,0.002616504,27.36601686,0.063779471,10459,1.164927481,22.13362214,0.966844446,19
"KCAE20150725_123528",3487.78,"2015","07","25",0.550939088,3463.18,0.511436926,5348.095934,1.190372735,10457,1.835272829,5344.314477,1.630918561,2912,1.556577699,24.6,0.003169452,33.14613165,0.090677608,10458,1.641955044,27.91323574,1.586113366,17
"KCAE20150725_124509",3141.38,"2015","07","25",0.551448019,3110.1,0.463705153,4842.009211,1.10695812,10442,1.811349489,4838.114485,1.533116502,2671,1.556488825,31.28,0.004809291,50.30518521,0.083370772,10460,1.099593059,45.08331542,0.764251856,41
"KCAE20150725_125450",3140.49,"2015","07","25",0.550652247,3110.75,0.462246535,4830.938541,1.165692418,10451,1.780545685,4827.059352,1.700678025,2711,1.556902208,29.74,0.004455543,46.52477642,0.08203915,10442,1.180254882,41.30892088,0.799300461,35
"KCAE20150726_100707",16047.28,"2015","07","26",0.551580307,16026.53,1.733746129,18122.84829,10.27395662,10453,14.08884441,18118.25391,26.16034803,1286,1.557578793,20.75,0.003135419,32.79648562,0.083075698,10460,1.722630385,27.56208616,1.285935639,16
"KCAE20150726_101648",31001.72,"2015","07","26",0.551382977,30995.12,3.284212222,34329.87036,13.40910503,10453,18.76738552,34325.54812,27.15401219,1829,1.557218217,6.6,0.000827161,8.647144533,0.020876832,10454,1.136412252,3.409236755,0.585698905,3
"KCAE20150726_102629",38177.63,"2015","07","26",0.551627686,38155.04,4.037931419,42216.57298,12.35173593,10455,10.36928848,42213.3734,18.06120814,4071,1.556411274,22.59,0.003761218,39.34986156,0.107788489,10462,1.550793947,34.11746684,1.809707517,22
"KCAE20150726_103609",51929.44,"2015","07","26",0.548443688,51778.72,5.310049109,55532.49358,15.4850973,10458,10.81188206,55529.82626,20.70784366,5136,1.557864432,150.72,0.02580981,269.4802262,0.329764604,10441,1.773973202,264.3220072,2.132989106,149
"KCAE20150726_104549",40338.95,"2015","07","26",0.550543033,40026.1,3.965434485,41474.47928,11.93076903,10459,7.734413414,41471.92472,15.76459583,5362,1.557881185,312.85,0.054719787,572.2048102,0.350513192,10457,1.454254765,567.1593583,1.123633827,390
"KCAE20150726_105530",26410.37,"2015","07","26",0.551063611,25568.9,2.483338506,25975.72077,6.462207375,10460,5.315785336,25972.92715,8.622756063,4886,1.557346157,841.47,0.144213618,1508.041806,0.69818509,10457,1.934607868,1503.190313,1.760938198,777
"KCAE20150726_110511",20416.22,"2015","07","26",0.550690222,19449.82,1.742953741,18234.78204,5.713549451,10462,4.896966032,18231.40454,8.735154242,3723,1.557170427,966.4,0.159882553,1671.731977,0.712288385,10456,1.954184146,1666.919076,1.648090865,853
"KCAE20150726_111451",16570.24,"2015","07","26",0.551535102,15255.65,1.374959427,14379.32568,7.38528223,10458,4.881344742,14375.56027,13.28958315,2945,1.556536426,1314.59,0.195596701,2046.137089,0.909175795,10461,2.169357902,2041.365786,2.216477179,941
"KCAE20150726_112433",9732.42,"2015","07","26",0.552045099,8876.77,0.873454248,9118.862354,3.30831741,10440,3.373421231,9114.984167,5.819406888,2702,1.55766293,855.65,0.128717634,1343.940818,0.671323214,10441,1.98083835,1339.046724,1.815814008,676
"KCAE20150726_113415",6462.44,"2015","07","26",0.551195882,6016.92,0.638354309,6674.632656,2.324395061,10456,2.780572985,6670.59459,4.194952436,2399,1.558529238,445.52,0.068202522,712.3753436,0.4413106,10445,1.846820882,707.3323977,1.425541805,383
"KCAE20150726_114355",4314.6,"2015","07","26",0.551776059,4091.78,0.446648076,4668.81234,1.528695433,10453,2.320686973,4664.580816,2.794225581,2010,1.558707243,222.82,0.034120293,356.6594262,0.320102642,10453,1.723150776,351.5227583,1.533551765,204
"KCAE20150726_115336",5055.66,"2015","07","26",0.551757462,4930.11,0.544511971,5692.872655,3.95169468,10455,2.881774106,5688.622086,8.718002366,1974,1.557915913,125.55,0.021142296,221.0638495,0.260924718,10456,1.799029819,215.8835782,1.66042535,120
"KCAE20150726_120317",4542.82,"2015","07","26",0.55243997,4478.1,0.518043127,5416.140888,2.713261394,10455,2.852847511,5411.851728,5.824740359,1897,1.556655249,64.72,0.011104524,116.0977957,0.218275499,10455,1.607137175,110.8924651,2.173163854,69
"KCAE20150726_121258",3498.94,"2015","07","26",0.548094886,3459.77,0.408992264,4274.378155,1.41274349,10451,2.258111048,4270.087993,2.618859575,1891,1.560365988,39.17,0.005951151,62.21333733,0.126298552,10454,1.676204893,56.99096636,1.472765692,34
"KCAE20150726_122239",3071.04,"2015","07","26",0.548647424,3027.98,0.372525992,3895.504293,1.75855134,10457,2.349694049,3891.093344,3.858799725,1656,1.556003853,43.06,0.006596605,68.9872918,0.120104733,10458,1.635010821,63.76542202,1.112596179,39
"KCAE20150726_123218",3754.44,"2015","07","26",0.546009985,3719.73,0.433593369,4526.714773,2.372212928,10440,2.8141181,4522.287786,5.46589489,1607,1.557175917,34.71,0.006026127,62.99713158,0.135687286,10454,1.444444193,57.77776773,1.674628534,40
"KCAE20150726_124158",4008.02,"2015","07","26",0.550703091,3990.64,0.457367695,4783.151354,1.722991156,10458,2.741700233,4778.783507,3.399309827,1743,1.55786054,17.38,0.003042544,31.82501016,0.060134647,10460,1.108109174,26.59462019,0.60598635,24
"KCAE20150726_125139",5816.56,"2015","07","26",0.548223341,5806.41,0.649157799,6788.89226,9.483632621,10458,3.589734438,6784.598088,22.07532327,1890,1.557267386,10.15,0.001559009,16.31191148,0.037453243,10463,1.107300133,11.07300133,0.520383585,10
"KCAE20150727_100506",8759.11,"2015","07","27",0.547694357,8747.69,0.979474151,10241.38173,13.77370441,10456,10.83239676,10236.61494,44.65752113,945,1.557770257,11.42,0.001017489,10.6419137,0.037876902,10459,2.700499399,5.400998799,0.653053079,2
"KCAE20150727_101447",36971.5,"2015","07","27",0.549913238,36961.33,4.145868776,43328.47458,26.8337785,10451,24.40795847,43324.12628,61.2106378,1775,1.5581342,10.17,0.000994353,10.39695132,0.036558502,10456,2.578769988,5.157539975,0.825204464,2
"KCAE20150727_102428",39975.12,"2015","07","27",0.547890296,39963.32,4.561906337,47681.04503,18.24709462,10452,11.67144528,47677.85397,27.73163942,4085,1.556582623,11.8,0.001277169,13.33620249,0.037702141,10442,1.621062266,8.105311331,0.655089855,5
"KCAE20150727_103408",47309.82,"2015","07","27",0.547708151,47285.89,5.228267341,54698.13292,18.84575444,10462,10.58963759,54695.47813,25.74274532,5165,1.558829196,23.93,0.002374993,24.8424229,0.069076887,10460,1.960501631,19.60501631,1.131716716,10
"KCAE20150727_104349",26090.64,"2015","07","27",0.548502935,25997.05,2.725443751,28508.14163,7.783075269,10460,6.204876288,28505.20167,10.78654195,4594,1.557527007,93.59,0.016772706,175.2747829,0.192577116,10450,1.466340638,170.095514,1.107407153,116
"KCAE20150727_105330",15905.72,"2015","07","27",0.547318391,15326.19,1.589496281,16621.36261,6.498105884,10457,4.967951619,16617.79816,10.73511751,3345,1.557508816,579.53,0.100061835,1045.94636,0.700177487,10453,2.133098421,1040.952029,2.485391052,488
"KCAE20150727_110310",7205.89,"2015","07","27",0.546629441,6448.18,0.682182522,7134.264812,2.5859597,10458,3.424623856,7130.066867,4.920169631,2082,1.556946133,757.71,0.134588976,1407.396926,0.912831052,10457,2.723134219,1402.414123,3.144703355,515
"KCAE20150727_111250",4187.73,"2015","07","27",0.552481135,3570.13,0.376082897,3932.698849,1.674943487,10457,2.850615798,3928.14857,3.774220896,1378,1.556405679,617.6,0.098682927,1031.73,0.705095904,10455,2.398842514,1026.704596,2.577247804,428
"KCAE20150727_112231",1869.29,"2015","07","27",0.547640891,1440.86,0.184886946,1930.58949,1.001664029,10442,2.208478358,1925.793129,2.7484769,872,1.557705319,428.43,0.063557038,664.4252788,0.488445418,10454,2.168875751,659.3382283,1.910600254,304
"KCAE20150727_113212",1868.4,"2015","07","27",0.548710114,1697.07,0.21415431,2238.126691,0.890513012,10451,2.05090411,2233.434576,1.961423052,1089,1.55816564,171.33,0.023367826,244.3573574,0.277576692,10457,2.06184983,239.1745802,1.663385488,116
"KCAE20150727_114153",1657.52,"2015","07","27",0.547820514,1636.35,0.214073546,2239.637433,1.080831637,10462,2.204045578,2234.902216,2.770263673,1014,1.556680973,21.17,0.002893154,30.25949929,0.066813963,10459,1.390366855,25.02660339,0.839270678,18
"KCAE20150727_115135",1550.38,"2015","07","27",0.547712722,1532.99,0.190866954,1994.368803,1.005888566,10449,2.292127797,1989.566928,2.71518537,868,1.558714891,17.39,0.002139918,22.34716822,0.058364413,10443,1.222877612,17.12028656,1.062611587,14
"KCAE20150727_120116",1572.46,"2015","07","27",0.547981707,1563.21,0.205165093,2146.437205,0.876171959,10462,2.069287452,2141.712513,1.976463309,1035,1.557476481,9.25,0.001377269,14.39797067,0.036290534,10454,1.145321103,9.162568823,0.685539785,8
"KCAE20150727_121057",2836.7,"2015","07","27",0.548127587,2829.91,0.340314996,3556.972335,3.017462438,10452,3.43877217,3552.251652,9.030111721,1033,1.557955131,6.79,0.000782572,8.184918299,0.016955049,10459,0.981501528,2.944504585,0.245094902,3
"KCAE20150727_122037",3633.51,"2015","07","27",0.551434778,3628.94,0.455779372,4766.540676,3.904864286,10458,4.691436419,4761.807965,11.7199715,1015,1.557093737,4.57,0.000501187,5.234399468,0,10444,NA,0,NA,0
"KCAE20150727_123018",2941.63,"2015","07","27",0.547844573,2937.06,0.369110765,3857.945717,2.111161342,10452,3.347770786,3853.284175,5.52498081,1151,1.557759795,4.57,0.000501187,5.241416089,0,10458,NA,0,NA,0
"KCAE20150727_123959",2796.06,"2015","07","27",0.547338699,2790.61,0.338065884,3537.183343,2.044774645,10463,3.393334444,3532.461157,5.628881548,1041,1.557397925,5.45,0.000676141,7.068373205,0.012968325,10454,0.914982119,1.829964239,0.292793593,2
"KCAE20150727_124941",1380.53,"2015","07","27",0.547162765,1375.96,0.17208936,1800.743063,1.321619553,10464,2.71683801,1795.829924,4.557112607,661,1.557479784,4.57,0.000501187,5.242919651,0,10461,NA,0,NA,0
"KCAE20150727_125921",770.19,"2015","07","27",0.547388911,764.2,0.104086533,1087.912443,0.611660405,10452,1.863967684,1082.965224,1.859105652,581,1.557581418,5.99,0.000811373,8.486966031,0.016725787,10460,0.811638079,3.246552316,0.313666483,4
"KCAE20150728_100052",71.76,"2015","07","28",0.563534656,67.19,0.008595143,89.88800956,0.181748698,10458,2.170926661,84.66613978,2.06721136,39,0.921383915,4.57,0.000501187,5.237406591,0,10450,NA,0,NA,0
"KCAE20150728_100546",358.68,"2015","07","28",0.560849058,350.7,0.042942579,449.2652634,0.807610671,10462,4.989510654,444.0664482,7.250898081,89,0.922819006,7.98,0.00101026,10.56833058,0.038795786,10461,2.663206651,5.326413302,1.251476106,2
"KCAE20150728_101039",722.63,"2015","07","28",0.564140295,714.27,0.084542667,885.8380666,1.093167608,10478,5.469983341,880.6673179,6.97219007,161,0.922446265,8.36,0.001077163,11.27789272,0.030468566,10470,1.508116784,6.032467137,0.458467599,4
"KCAE20150728_101531",2072.32,"2015","07","28",0.560491493,2051.29,0.24835188,2598.257371,2.407694366,10462,7.930207456,2593.177838,11.17665955,327,0.9170464,21.03,0.00267784,28.02894769,0.065225012,10467,1.899086263,22.78903516,0.346359566,12
"KCAE20150728_102026",4033.67,"2015","07","28",0.561999392,3887.36,0.470402956,4928.411769,4.157274628,10477,9.16839845,4923.429967,16.0592634,537,0.940487317,146.31,0.018171565,190.183597,0.280111639,10466,3.24503051,184.9667391,2.001521674,57
"KCAE20150728_102519",6290.21,"2015","07","28",0.559656835,5541.36,0.671884135,7031.267477,4.339398303,10465,8.973710067,7026.414982,13.3184609,783,0.920117325,748.85,0.095990808,1003.77588,0.971617032,10457,4.732894387,998.6407158,4.995602014,211
"KCAE20150728_103012",8784.1,"2015","07","28",0.556082453,7326.97,0.880399511,9211.620086,5.173361075,10463,8.912772402,9206.893891,14.13022267,1033,0.91819387,1457.13,0.192487337,2014.187492,1.65290142,10464,5.659495747,2009.12099,7.051641006,355
"KCAE20150728_103505",10218.37,"2015","07","28",0.560152319,8306.46,0.999735485,10460.23238,4.467696972,10463,7.938989007,10455.64852,10.17607201,1317,0.938837116,1911.91,0.250693316,2623.505557,1.807087982,10465,5.512628834,2618.498696,6.559332291,475
"KCAE20150728_103958",10947.31,"2015","07","28",0.561328013,8157.6,1.015314554,10629.32807,4.674420085,10469,7.217947612,10624.81888,10.52111436,1472,0.918407775,2789.71,0.348125041,3645.565426,1.982816304,10472,5.291659608,3640.66181,5.807606447,688
"KCAE20150728_104452",8702.28,"2015","07","28",0.56316087,6329.83,0.79986856,8369.82461,3.267249013,10464,5.671403009,8365.319438,6.937563511,1475,0.921160671,2372.45,0.283278198,2960.540443,1.761903418,10451,4.3722505,2955.641338,5.491518441,676
"KCAE20150728_104945",7171.63,"2015","07","28",0.564178347,5310.18,0.725407534,7589.939025,2.850211342,10463,5.046871848,7585.448388,5.89596949,1503,0.939523977,1861.45,0.223193464,2335.49641,1.243330352,10464,3.624532271,2330.57425,3.584421363,643
"KCAE20150728_105438",5627.53,"2015","07","28",0.560679644,3936.86,0.562323411,5880.21591,2.595556096,10457,4.689228238,5875.602983,6.074332122,1253,0.93345178,1690.67,0.198915362,2082.842753,1.425703387,10471,3.757453848,2077.871978,5.015995523,553
"KCAE20150728_105931",4467.06,"2015","07","28",0.562541827,2879.29,0.44897258,4699.395991,2.251257892,10467,4.375291555,4694.687838,5.682246345,1073,0.923051706,1587.77,0.173610455,1815.444527,1.254753742,10457,3.910228212,1810.435662,4.581621514,463
"KCAE20150728_110425",3195.23,"2015","07","28",0.555454514,1903.46,0.285411145,2988.825507,1.502150846,10472,3.595172361,2983.993059,4.072982458,830,0.93256213,1291.77,0.133424662,1397.756754,1.0799694,10476,3.580208942,1392.701279,4.372382509,389
"KCAE20150728_110918",1794.43,"2015","07","28",0.562007048,1096.25,0.175860168,1840.728378,1.258692005,10467,3.393259877,1835.753593,4.446359587,541,0.923148873,698.18,0.08114879,850.1147251,0.645509543,10476,3.028688598,845.0041188,2.596676627,279
"KCAE20150728_111411",1346.06,"2015","07","28",0.558881817,654.05,0.093558661,979.2785023,0.727052116,10467,2.848549654,974.2039816,2.890436577,342,0.918510954,692.01,0.073157596,764.643196,0.635548017,10452,3.1646878,759.525072,2.799924143,240
"KCAE20150728_111904",981.93,"2015","07","28",0.560811011,385.86,0.054932107,574.9743672,0.510985446,10467,2.726474586,569.8331885,2.412590154,209,0.916671359,596.07,0.057872108,605.920974,0.697150364,10470,4.14307735,600.7462158,4.277082277,145
"KCAE20150728_112358",631.15,"2015","07","28",0.562860277,214.53,0.03095227,323.7916965,0.33276518,10461,2.055654586,318.6264609,1.825677654,155,0.91904066,416.62,0.039891207,417.0226739,0.51509938,10454,3.375773831,411.8444074,3.401271489,122
"KCAE20150728_112853",489.12,"2015","07","28",0.56081072,169.12,0.025653196,268.6659231,0.291697927,10473,2.195642764,263.4771317,1.63836892,120,0.91964818,320,0.032798284,342.9388579,0.374510646,10456,3.015665868,337.7545772,2.033702492,112
"KCAE20150728_113345",483.07,"2015","07","28",0.562647429,160.13,0.02682589,280.8670728,0.6609645,10470,2.729408539,275.6702624,6.187689212,101,0.922273653,322.94,0.032162094,336.1260439,0.539787712,10451,3.848037653,330.9312382,4.57897579,86
"KCAE20150728_113837",460.52,"2015","07","28",0.562906115,158.18,0.021221565,221.8290163,0.252135867,10453,2.063264102,216.6427308,1.461603151,105,0.930405188,302.34,0.030698555,320.9840888,0.427761535,10456,3.588497495,315.7877796,3.012812997,88
"KCAE20150728_114331",437.15,"2015","07","28",0.561612344,187.85,0.026074455,272.7127218,0.423426737,10459,2.47708271,267.5249327,3.375895555,108,0.9304552,249.3,0.026008162,272.0973879,0.456164765,10462,3.706806285,266.8900525,4.101794738,72
"KCAE20150728_114824",352.64,"2015","07","28",0.562593128,262.82,0.034232832,358.2123518,0.402018396,10464,2.7156391,353.033083,2.402464799,130,0.933299062,89.82,0.009826148,102.9289048,0.185170862,10475,2.791328859,97.69651008,1.603679532,35
"KCAE20150728_115318",333.21,"2015","07","28",0.558145869,178.61,0.024968392,261.0695072,0.294599344,10456,2.391427294,255.8827205,1.687824298,107,0.92825833,154.6,0.017678553,184.8999841,0.24589209,10459,2.395942079,179.6956559,1.664603631,75
"KCAE20150728_115813",225.61,"2015","07","28",0.562396869,110.78,0.017385614,181.8709084,0.249864089,10461,2.208351047,176.6680837,1.835147574,80,0.915171004,114.83,0.013957276,146.0210164,0.320632293,10462,3.610183125,140.7971419,3.870182173,39
"KCAE20150728_120306",174.44,"2015","07","28",0.559650274,152.12,0.022494337,235.4032369,0.241568121,10465,1.967666251,230.2169514,1.185148325,117,0.930948159,22.32,0.002829643,29.64334296,0.066964186,10476,1.626694887,24.4004233,0.725122007,15
"KCAE20150728_120758",225.67,"2015","07","28",0.562713638,139.05,0.019130281,200.1983919,0.285742418,10465,2.468266599,194.9930613,2.198206401,79,0.935698953,86.62,0.008287817,86.73199984,0.180433145,10465,3.018541018,81.5006075,1.915227533,27
"KCAE20150728_121252",146.33,"2015","07","28",0.562553347,115.78,0.016787231,175.7958861,0.265048892,10472,2.369215818,170.5835389,2.170210056,72,0.932430701,30.55,0.003284472,34.3292994,0.085242908,10452,1.939893883,29.09840824,1.183305517,15
"KCAE20150728_121745",187.15,"2015","07","28",0.562976617,130.34,0.016337213,170.9689312,0.249122879,10465,2.270693061,165.7605934,1.957244623,73,0.9318273,56.81,0.00579874,60.67801741,0.14348045,10464,3.08014531,55.44261557,1.626543215,18
"KCAE20150728_122239",141.49,"2015","07","28",0.556665107,88.04,0.012922708,135.3136749,0.182229976,10471,1.832413066,130.1013277,1.259432556,71,0.941063555,53.45,0.005440842,56.91121165,0.158027358,10460,2.719911355,51.67831575,2.592033598,19
"KCAE20150729_100627",20003.69,"2015","07","29",0.546569824,19995.76,2.194071834,22928.05067,15.27144683,10450,15.01216671,22923.57857,37.47483698,1527,1.556689985,7.93,0.001199816,12.54527109,0.030318593,10456,1.217977417,7.307864501,0.380007342,6
"KCAE20150729_101607",22953.07,"2015","07","29",0.548383957,22936.59,2.533160244,26451.25927,15.72434108,10442,13.4453542,26447.0117,34.15157012,1967,1.558095099,16.48,0.002477583,25.91304102,0.056795888,10459,1.216449643,20.67964393,0.734887996,17
"KCAE20150729_102548",25381.58,"2015","07","29",0.551481733,25372.06,2.8552324,29857.16521,13.00870287,10457,12.51178547,29853.12013,24.92053641,2386,1.558328037,9.52,0.001514804,15.81455431,0.033917168,10440,0.88234782,10.58817384,0.494298522,12
"KCAE20150729_103529",24417.29,"2015","07","29",0.550910416,24380.5,3.04711534,31869.77934,11.67910072,10459,10.55516744,31866.0505,19.83401272,3019,1.556988251,36.79,0.005590259,58.47410862,0.092271253,10460,1.267922381,53.25274002,0.730046582,42
"KCAE20150729_104510",19501.73,"2015","07","29",0.551040246,19063.61,2.382723149,24904.22235,12.37122717,10452,7.484415808,24900.65139,21.04079285,3327,1.557980078,438.12,0.074922108,783.6103301,1.05907059,10459,3.177515117,778.4912037,6.178708656,245
"KCAE20150729_105450",12697.03,"2015","07","29",0.547999444,11485.15,1.545476386,16164.13752,6.551267242,10459,6.093599076,16160.22475,11.8991635,2652,1.557501929,1211.88,0.1964414,2053.991277,1.246814948,10456,2.838106261,2049.112721,3.877578977,722
"KCAE20150729_110431",9523.99,"2015","07","29",0.548807595,8188.8,1.060973949,11093.54361,5.02235211,10456,4.979532709,11089.41934,9.947457854,2227,1.557747109,1335.19,0.209115611,2183.37609,1.154796284,10441,2.947920936,2178.513572,3.283530052,739
"KCAE20150729_111412",10206.88,"2015","07","29",0.550258639,9020.47,1.30800348,13676.48439,9.759041802,10456,7.173241991,13672.19923,21.92252596,1906,1.558037147,1186.41,0.181597285,1898.418019,1.091066626,10454,3.049097979,1893.489845,3.363666395,621
"KCAE20150729_112352",14192.66,"2015","07","29",0.5478475,13720.47,2.194007834,22940.54591,20.6170862,10456,11.16666745,22936.33494,45.4358981,2054,1.558020663,472.19,0.070221342,734.0236849,0.511332741,10453,2.09471031,728.9591879,1.903565163,348
"KCAE20150729_113333",12083.18,"2015","07","29",0.549214457,11831.71,2.09934826,21944.48736,22.98663594,10453,11.33861408,21940.21825,52.4477481,1935,1.557919239,251.47,0.03769532,394.0291844,0.399573734,10453,2.197056409,388.8789844,2.170592509,177
"KCAE20150729_114314",12326.39,"2015","07","29",0.547666933,12111.71,1.907708462,19939.36884,14.19269581,10452,8.120309917,19935.36085,28.41456865,2455,1.558432508,214.68,0.027938252,292.0106103,0.308211954,10452,2.173017864,286.838358,1.697864519,132
"KCAE20150729_115255",18576.55,"2015","07","29",0.551488037,18517.16,3.126744102,32696.36307,25.4205973,10457,10.29691761,32692.71343,45.33129792,3175,1.557726348,59.39,0.008714497,91.21463841,0.178517203,10467,2.097299032,85.98926031,1.962024878,41
"KCAE20150729_120236",16373.96,"2015","07","29",0.547405569,16334.39,2.39952921,25084.67836,12.2087045,10454,7.051229034,25081.22167,20.13301802,3557,1.558546817,39.57,0.00588954,61.5574676,0.097370314,10452,1.408477653,56.33910612,0.717782532,40
"KCAE20150729_121217",20386,"2015","07","29",0.551293189,20289.37,2.51877286,26331.25147,11.18846515,10454,6.598499198,26328.0118,17.35247912,3990,1.557388576,96.63,0.010909094,113.8800304,0.161406632,10439,1.811303469,108.6782081,1.137364884,60
"KCAE20150729_122158",28662.8,"2015","07","29",0.550790989,27787.59,3.030917813,31682.1839,12.92933379,10453,7.548022034,31679.04848,19.55260101,4197,1.557259476,875.21,0.090193013,943.0581421,0.851682285,10456,3.256812744,937.9620703,4.009550906,288
"KCAE20150729_123138",31068.75,"2015","07","29",0.548386176,30212.87,3.097703291,32405.07413,14.92476599,10461,7.703742083,32401.9392,22.77280589,4206,1.557434742,855.88,0.089060344,930.7696601,0.87049629,10451,3.479943865,925.6650681,4.247201633,266
"KCAE20150729_124119",38401.99,"2015","07","29",0.54882314,37806.28,3.752066963,39235.36423,14.83528124,10457,9.39693791,39232.21577,22.32189117,4175,1.558489756,595.71,0.061871053,646.9856006,0.564699511,10457,3.027598761,641.8509374,2.604250246,212
"KCAE20150729_125100",23861.47,"2015","07","29",0.548255704,23772.93,2.328877913,24350.74746,10.69745603,10456,7.591866028,24347.11435,18.25423256,3207,1.556995745,88.54,0.006912919,72.28147935,0.210919168,10456,3.192932884,67.05159056,3.546239675,21
"KCAE20150730_100343",127968.15,"2015","07","30",0.548717085,127222.94,13.46242853,140790.0776,52.08218447,10458,24.26120017,140787.7446,68.02081272,5803,1.558035073,745.21,0.073844239,772.7799604,0.747032844,10465,2.781425231,767.6733637,3.698331992,276
"KCAE20150730_101322",97710.3,"2015","07","30",0.553039031,96674.3,10.0865768,105445.0739,45.10430616,10454,27.9094039,105441.7279,71.64309154,3778,1.557159949,1036,0.100466908,1050.682923,1.01807805,10458,3.48530621,1045.591863,4.941074299,300
"KCAE20150730_102301",140157.32,"2015","07","30",0.552322115,139021.79,14.63151666,152913.9806,63.09757568,10451,32.77134189,152911.0812,91.23528764,4666,1.557567294,1135.53,0.101585514,1061.263869,0.694007813,10447,2.925786411,1056.208894,2.385632813,361
"KCAE20150730_103240",133808.63,"2015","07","30",0.551695797,131912.19,12.95667723,135487.9738,40.6299531,10457,23.07710361,135485.6753,52.02795329,5871,1.556641838,1896.44,0.163443087,1710.105015,1.085249993,10463,3.582142139,1705.099658,3.697338185,476
"KCAE20150730_104218",78486.36,"2015","07","30",0.548589378,77456.88,7.192940491,75216.57871,23.28080323,10457,13.67777665,75214.09383,30.69278555,5499,1.557406422,1029.48,0.098505885,1028.795463,0.64483652,10444,2.578740643,1023.760035,2.134182658,397
"KCAE20150730_105157",34434.19,"2015","07","30",0.552009937,33084.36,3.07489731,32157.27607,9.691903285,10458,7.834817623,32154.09153,14.21618664,4104,1.556508769,1349.83,0.170293274,1780.075596,0.906403971,10453,2.557902753,1775.18451,2.505236509,694
"KCAE20150730_110136",22448.87,"2015","07","30",0.551725749,21199.11,2.008000095,20965.52899,16.39280409,10441,6.893068136,20961.8202,29.81900642,3041,1.558138875,1249.76,0.161820049,1692.637709,0.839164524,10460,2.334381257,1687.757649,2.263533597,723
"KCAE20150730_111115",9171.85,"2015","07","30",0.552688336,7904.73,0.809064501,8446.63339,3.025949916,10440,4.169094271,8442.415899,5.76293947,2025,1.5559227,1267.12,0.164578993,1721.167105,0.822260138,10458,2.512837482,1716.268,2.111504358,683
"KCAE20150730_112055",6704.94,"2015","07","30",0.552069552,6014.85,0.639485673,6690.299113,11.1498233,10462,4.646127103,6685.776901,29.76159129,1439,1.556935184,690.09,0.091665554,958.0883668,0.600352895,10452,2.206172386,953.0664707,2.016163967,432
"KCAE20150730_113035",2203.04,"2015","07","30",0.549146978,1847.43,0.19505238,2039.467681,1.433759427,10456,2.877767477,2034.581606,4.765720494,707,1.556860947,355.61,0.046808675,489.3846936,0.40055345,10455,2.142734732,484.2580494,1.715990357,226
"KCAE20150730_114015",1179.6,"2015","07","30",0.551527281,910.28,0.098315857,1027.793971,0.706561101,10454,2.412186469,1022.767063,2.596768995,424,1.556883458,269.32,0.035162942,367.5582347,0.462984693,10453,2.415963351,362.3945027,3.040914121,150
"KCAE20150730_114954",566.23,"2015","07","30",0.548598627,499.96,0.066947203,699.8660651,0.649171972,10454,2.36317688,694.7740028,3.096913217,294,1.557362174,66.27,0.009205855,96.2748346,0.17342726,10458,2.46086385,91.05196244,1.592800913,37
"KCAE20150730_115935",1430.61,"2015","07","30",0.55138002,1391.92,0.174892124,1828.672048,10.99489014,10456,5.978965562,1823.584496,64.20814791,305,1.558372031,38.69,0.004744773,49.54491689,0.124203907,10442,2.462252287,44.32054117,1.751861977,18
"KCAE20150730_120915",1162.59,"2015","07","30",0.552311245,1146.06,0.145853068,1524.893829,5.364498574,10455,4.430979077,1519.825823,29.33630779,343,1.556592644,16.53,0.002193898,22.92623232,0.06026819,10450,1.474569998,17.69483998,1.040490526,12
"KCAE20150730_121854",571.77,"2015","07","30",0.548006045,547.21,0.071956744,752.163844,0.702078314,10453,2.178124901,747.0968411,3.234855488,343,1.558322472,24.56,0.003216283,33.62302299,0.098288367,10454,2.365802158,28.38962589,1.756120845,12
"KCAE20150730_122835",1646.91,"2015","07","30",0.550638066,1633.36,0.204667323,2139.38753,10.95094652,10453,6.352133985,2134.317019,60.84769311,336,1.557310434,13.55,0.001612436,16.83705553,0.047086297,10442,1.658166678,11.60716674,0.808996676,7
"KCAE20150730_123814",523.14,"2015","07","30",0.545985837,507.75,0.064051107,668.7576054,0.69363374,10441,1.999069589,663.6911036,3.360981595,332,1.557772841,15.39,0.002338249,24.44405622,0.051799661,10454,1.200791492,19.21266388,0.579175977,16
"KCAE20150730_124754",418.81,"2015","07","30",0.551088454,400.47,0.054709836,571.2801057,0.420535512,10442,1.526233555,566.2326491,1.65508301,371,1.557644628,18.34,0.002782397,29.08717974,0.05659343,10454,1.255646893,23.85729096,0.447276768,19
"KCAE20150730_125735",632.57,"2015","07","30",0.548384333,612.84,0.083103088,869.0920894,0.478244176,10458,1.474649094,864.144369,1.426016421,586,1.556216323,19.73,0.002522114,26.35105187,0.06214388,10448,1.624704853,21.12116308,0.712568947,13
"KCAE20150731_100445",151.32,"2015","07","31",0.558968688,141,0.02521538,263.828525,0.315957023,10463,1.847534066,258.6547692,2.030674439,140,0.936879734,10.32,0.001214366,12.70833508,0.032924236,10465,1.493183324,7.465916619,0.227955433,5
"KCAE20150731_100939",336.92,"2015","07","31",0.559453214,328.61,0.0517923,542.3689676,0.544061189,10472,2.286120485,537.2383139,2.849006005,235,0.936630109,8.31,0.001182833,12.38662258,0.037117948,10472,1.428139162,7.14069581,1.02961788,5
"KCAE20150731_101432",320.71,"2015","07","31",0.562159427,307.07,0.045542676,476.5130238,0.44905576,10463,2.322023856,471.3708428,2.265582253,203,0.936559275,13.64,0.001709818,17.89153432,0.062229846,10464,2.108353038,12.65011823,1.665867908,6
"KCAE20150731_101926",293.44,"2015","07","31",0.560926946,280.75,0.037021179,387.2045126,0.348789872,10459,2.417985968,382.0417829,1.520186797,158,0.934896166,12.69,0.00179628,18.80165835,0.049674622,10467,1.506693585,13.56024226,0.82352772,9
"KCAE20150731_102419",353.6,"2015","07","31",0.560642023,347.54,0.0447706,468.6138692,0.371616299,10467,2.27191267,463.4701846,1.42696495,204,0.936103584,6.06,0.000767987,8.026997141,0.020999085,10452,1.394795275,2.78959055,0.849188632,2
"KCAE20150731_102913",876.27,"2015","07","31",0.558472466,870.61,0.09139836,957.2150256,0.706909245,10473,3.283142883,952.111436,2.755706508,290,0.938549505,5.66,0.000703922,7.364436918,0.014686505,10462,1.061009227,2.122018454,0.086280076,2
"KCAE20150731_103405",1414.93,"2015","07","31",0.56373209,1381.03,0.138055399,1444.473637,0.845527724,10463,3.427238603,1439.440213,2.559820264,420,0.94011343,33.9,0.004250867,44.48531919,0.09810724,10465,1.962520927,39.25041853,1.12092606,20
"KCAE20150731_103858",1431.11,"2015","07","31",0.561993524,1325.28,0.134098745,1404.818457,0.805967212,10476,3.145597861,1399.791048,2.415036233,445,0.934851545,105.83,0.013514914,141.3524905,0.201152523,10459,2.431047137,136.1386397,1.308041068,56
"KCAE20150731_104352",1628.95,"2015","07","31",0.561199802,1421.18,0.143757177,1504.418858,0.910575326,10465,3.07257892,1499.418513,2.966405132,488,0.947393314,207.77,0.024916792,260.6545657,0.287375217,10461,2.554617648,255.4617648,1.482963773,100
"KCAE20150731_104845",2273.29,"2015","07","31",0.559564392,1757.01,0.176233766,1842.171554,1.181226139,10453,3.993833022,1837.16319,4.06133601,460,0.942494756,516.28,0.057806326,604.8275902,0.8845441,10463,3.79533453,599.6628558,6.153399464,158
"KCAE20150731_105338",2100.13,"2015","07","31",0.561702901,1584.24,0.16158268,1692.578574,1.034118136,10475,3.817986792,1687.550162,3.37771259,442,0.935968461,515.89,0.055757573,583.224217,0.47140187,10460,2.934418946,578.0805324,1.835564489,197
"KCAE20150731_105832",1435.93,"2015","07","31",0.561220973,973.95,0.112844115,1181.026503,0.68975766,10466,2.984717119,1175.978545,2.01911563,394,0.935018305,461.98,0.049840497,520.2351082,0.471993888,10438,3.140767748,515.0859106,2.121027317,164
"KCAE20150731_110325",904.28,"2015","07","31",0.560589318,568.47,0.070545612,737.6249145,0.476018351,10456,2.318173658,732.542876,1.514906662,316,0.936506036,335.81,0.035255775,369.1279686,0.39640309,10470,3.058320836,363.9401795,2.149134756,119
"KCAE20150731_110817",857.87,"2015","07","31",0.559998433,621.58,0.077565917,812.1151551,0.575904774,10470,2.603300299,807.0230928,2.154457284,310,0.935508741,236.29,0.02567989,268.5602884,0.304045742,10458,2.862662842,263.3649815,1.553633813,92
"KCAE20150731_111310",817.25,"2015","07","31",0.560243693,728.83,0.086754322,908.0574856,0.725941019,10467,3.113644494,902.9569031,3.103056705,290,0.935736765,88.42,0.010771418,112.690576,0.174448463,10462,2.193300273,107.4717134,1.321657883,49
"KCAE20150731_111803",714.56,"2015","07","31",0.560850267,634.28,0.084517535,884.8140764,0.597522945,10469,2.450548951,879.7470735,2.150967659,359,0.93591469,80.28,0.010928961,114.3715717,0.165051932,10465,1.949191318,109.1547138,1.156371146,56
"KCAE20150731_112256",598.87,"2015","07","31",0.560513122,482.74,0.061609235,645.0486881,0.510119535,10470,2.59078968,639.925051,2.120448891,247,0.940744513,116.13,0.015132519,158.316418,0.24427211,10462,2.509894583,153.1035696,2.00962383,61
"KCAE20150731_112748",263.79,"2015","07","31",0.561513466,184.45,0.024950813,261.1601563,0.316692996,10467,2.370077386,255.9683577,2.049687675,108,0.9387338,79.34,0.012292966,128.6090148,0.16957898,10462,1.762866815,123.4006771,1.109032182,70
"KCAE20150731_113241",244.58,"2015","07","31",0.559543472,147.04,0.023447477,245.2137135,0.274954885,10458,2.000270332,240.0324398,1.629993181,120,0.936836405,97.54,0.012522535,131.0608523,0.199704498,10466,2.097424965,125.8454979,1.621105789,60
"KCAE20150731_113733",271.16,"2015","07","31",0.560973119,206.99,0.027070757,283.4849698,0.497517367,10472,2.553129968,278.2911665,4.182167744,109,0.940249644,64.17,0.008248103,86.31639421,0.166758599,10465,2.191621993,81.09001373,1.779341999,37
"KCAE20150731_114229",221.52,"2015","07","31",0.562828182,161.42,0.022466622,234.9559342,0.496950074,10458,2.908279898,229.7541119,4.96079629,79,0.936691704,60.1,0.007666338,80.3125616,0.128497172,10476,1.831284703,75.08267282,0.949651763,41
"KCAE20150731_114722",161.35,"2015","07","31",0.560350731,124.14,0.015005147,157.1339005,0.247905265,10472,2.57483115,151.9150378,2.09562801,59,0.937117415,37.21,0.003912827,40.95555879,0.102498865,10467,2.232353188,35.71765101,1.423123133,16
"KCAE20150731_115214",323.85,"2015","07","31",0.560596786,124.36,0.013717538,143.375711,0.271834983,10452,3.139985324,138.1593543,2.813649019,44,0.93723473,199.49,0.016270866,170.0956316,0.419006012,10454,4.227583757,164.8757665,5.479460863,39
"KCAE20150731_115708",538.23,"2015","07","31",0.5613862,360.75,0.028565577,298.9958956,0.998336511,10467,7.939689534,293.7685128,15.00677292,37,0.934550988,177.48,0.014778799,154.60102,0.34456633,10461,4.393386492,149.3751407,4.220774629,34
"KCAE20150731_120201",1886.42,"2015","07","31",0.560509969,923.19,0.066914991,699.7300598,2.831314814,10457,15.78434539,694.5111972,41.17554694,44,0.935888189,963.23,0.067968777,711.8370046,2.5960553,10473,26.17042973,706.6016027,44.77825243,27
"KCAE20150731_120654",2532.09,"2015","07","31",0.559365869,715.74,0.050603754,529.7706999,1.999385096,10469,14.17681932,524.5423147,30.92855605,37,0.935466555,1816.35,0.126915425,1326.773854,3.581192143,10454,30.03537488,1321.556495,46.88779503,44
"KCAE20150731_121148",3802.87,"2015","07","31",0.560944373,1590.09,0.112619847,1178.679314,3.396077527,10466,19.88921116,1173.463459,40.99829843,59,0.941160797,2212.78,0.153174975,1602.822939,6.279188517,10464,36.30910382,1597.600568,90.83276348,44
"KCAE20150731_121641",2056.63,"2015","07","31",0.561498509,1118.24,0.078575328,822.4479604,2.176196987,10467,17.76576279,817.2250882,27.93294591,46,0.936505706,938.39,0.070480954,737.3012566,2.053275325,10461,13.07297149,732.0864034,25.07448765,56
"KCAE20150731_122136",1434.25,"2015","07","31",0.560567696,600.01,0.049914356,523.1024534,1.440541782,10480,8.489845632,517.8805836,17.01714316,61,0.941022571,834.24,0.079213941,828.9738891,1.835231226,10465,14.20272472,823.7580336,20.35198073,58
"KCAE20150731_122629",1592.47,"2015","07","31",0.560085761,532.27,0.056435581,590.0904374,1.516073754,10456,11.24761703,584.8760854,18.51625771,52,0.935206327,1060.2,0.114568729,1199.190891,3.265341432,10467,15.71030335,1193.983054,35.20848415,76
"KCAE20150731_123122",2271.61,"2015","07","31",0.559259028,1154.14,0.129354282,1354.468684,5.582119463,10471,19.27508336,1349.255835,65.98352771,70,0.936236684,1117.47,0.121781548,1273.347862,3.733301781,10456,21.13562533,1268.13752,44.9235116,60
"KCAE20150731_123616",1753.73,"2015","07","31",0.559810202,895.57,0.097041288,1015.731165,2.904904345,10467,12.95544014,1010.524331,31.27668668,78,0.936352552,858.16,0.087005522,910.8608089,2.13570252,10469,12.93784233,905.6489628,22.87616625,70
"KCAE20150731_124109",1204.59,"2015","07","31",0.560995807,506.3,0.048692952,509.8152058,1.041928318,10470,6.153766742,504.6088728,10.11347711,82,0.937416794,698.29,0.064337022,673.2226021,1.479135403,10464,9.970324753,668.0117585,15.70292502,67
"KCAE20150731_124601",619.11,"2015","07","31",0.561664218,197.94,0.021354137,223.5351055,0.340303007,10468,2.453182958,218.3332832,2.782457501,89,0.944399368,421.17,0.035021605,366.7812649,0.574149449,10473,5.649443859,361.564407,4.751398106,64
"KCAE20150731_125055",1051.85,"2015","07","31",0.56143584,459.6,0.03886465,406.8740229,0.970922652,10469,4.513165162,401.6716995,9.576893911,89,0.943344261,592.25,0.045433871,475.5563272,1.199014223,10467,8.398901195,470.3384669,14.21750935,56
"KCAE20150731_125548",420.15,"2015","07","31",0.558992725,281.96,0.028691701,300.1151886,0.401786488,10460,2.322334023,294.9364209,2.834157607,127,1.502564702,138.19,0.011525345,120.55511,0.218604342,10460,3.295149517,115.3302331,1.887806608,35
"KCAE20150801_100015",1419.97,"2015","08","01",0.561904492,1371.77,0.225177294,2356.48038,1.339020425,10465,3.127144081,2351.612349,3.987078082,752,0.943146466,48.2,0.008479899,88.77605914,0.231534563,10469,2.258045241,83.54767391,3.220019696,37
"KCAE20150801_100508",848.68,"2015","08","01",0.561735962,811.53,0.130640431,1367.935953,0.779728772,10471,2.725877231,1362.938616,2.381046,500,0.937518116,37.15,0.004984434,52.14216374,0.11632606,10461,1.804318267,46.91227495,1.51201496,26
"KCAE20150801_101001",536.12,"2015","08","01",0.560781679,522.91,0.083378842,872.1426862,0.623579256,10460,2.565294879,867.069669,2.384059237,338,0.939699086,13.21,0.001718663,17.98237164,0.049943251,10463,1.820279704,12.74195793,0.698810266,7
"KCAE20150801_101456",1488.81,"2015","08","01",0.558753259,849.7,0.11548896,1209.862344,2.056714588,10476,4.529117378,1204.745222,12.13031836,266,0.937175293,639.11,0.071507199,748.6088711,2.259747165,10469,17.69959504,743.3829918,31.37124086,42
"KCAE20150801_101949",4346.15,"2015","08","01",0.562117262,1690.05,0.192630149,2016.837659,3.345600445,10470,9.144093137,2011.70049,21.28017973,220,0.937691606,2656.1,0.291812128,3054.981171,6.849210568,10469,35.05491777,3049.777846,66.91310654,87
"KCAE20150801_102441",15305.48,"2015","08","01",0.56150905,9154.05,0.982415315,10293.74767,21.85528336,10478,26.86341564,10288.68819,111.3705457,383,0.937820356,6151.43,0.665638259,6971.895125,15.02214762,10474,56.63989704,6966.707336,127.1837405,123
"KCAE20150801_102935",24790.36,"2015","08","01",0.55961162,11560.4,1.214026853,12684.15256,20.02713672,10448,20.38461077,12679.2279,79.72462025,622,0.944241515,13229.96,1.358897582,14219.5043,28.106323,10464,112.8120875,14214.32303,231.1914064,126
"KCAE20150801_103428",32911.53,"2015","08","01",0.561294694,21503.46,2.205873474,23093.28939,29.21744424,10469,22.26476586,23088.5622,90.43536031,1037,0.939309238,11408.07,1.16039896,12125.00873,19.99059889,10449,57.98984007,12119.87658,129.4684427,209
"KCAE20150801_103921",44311.64,"2015","08","01",0.562882594,30102.95,3.034927437,31748.37592,29.73285752,10461,22.27638399,31743.84719,77.87695452,1425,0.93356318,14208.69,1.446696123,15129.54805,27.65068983,10458,33.53554916,15124.53267,129.182808,451
"KCAE20150801_104415",42680.66,"2015","08","01",0.560275397,30992.45,3.067209579,32049.27289,28.39970133,10449,17.53006136,32044.95216,66.0203212,1828,0.937046696,11688.21,1.149711759,12037.48212,18.46540692,10470,17.38812357,12032.58151,69.87940471,692
"KCAE20150801_104908",28254.56,"2015","08","01",0.560963647,23470.96,2.371839823,24809.44455,24.20516264,10460,11.9600972,24805.24159,53.30374861,2074,0.940232146,4783.6,0.465805042,4874.18396,5.467570921,10464,9.641965616,4869.192636,23.06418848,505
"KCAE20150801_105402",17460.77,"2015","08","01",0.56228906,16009.86,1.738547618,18195.63937,12.0754945,10466,8.670851015,18191.44543,25.83723967,2098,0.93966713,1450.91,0.153914432,1611.33019,1.48670494,10469,4.550312125,1606.26018,6.758065786,353
"KCAE20150801_105857",17413.1,"2015","08","01",0.559013806,16252.78,1.892176328,19805.40963,8.55194121,10467,7.402431542,19801.50438,15.66685549,2675,0.944836553,1160.32,0.134859792,1411.442583,1.394602898,10466,3.430250351,1406.402644,6.199532696,410
"KCAE20150801_110350",22559.22,"2015","08","01",0.560444514,20785.03,2.427813091,25397.35274,14.98820716,10461,8.369687022,25393.63042,26.92581881,3034,0.937811881,1774.19,0.207031675,2167.207575,4.015600338,10468,4.993483051,2162.178161,19.1505207,433
"KCAE20150801_110844",21039.53,"2015","08","01",0.561442642,19191.22,2.228762714,23344.06066,8.513811047,10474,7.100839255,23340.45863,14.01488976,3287,0.93782067,1848.31,0.207869304,2178.054571,2.228542928,10478,4.354816078,2173.053223,9.294653575,499
"KCAE20150801_111337",15639.34,"2015","08","01",0.561450399,13962.54,1.752596304,18358.44629,5.69767979,10475,5.611383594,18354.83573,9.073303149,3271,0.935304693,1676.8,0.184427159,1931.136777,2.49073533,10471,4.397507685,1926.108366,11.40471102,438
"KCAE20150801_111831",13228.58,"2015","08","01",0.561299249,11061.82,1.488653528,15583.22513,5.720577284,10468,5.250915309,15579.46572,9.783981497,2967,0.936413189,2166.76,0.247727118,2589.987023,2.7628136,10455,4.142724121,2585.059851,10.57945954,624
"KCAE20150801_112324",17999.16,"2015","08","01",0.562444324,11963.98,1.527676241,16006.99165,11.06793804,10478,5.892158113,16003.10143,21.14220345,2716,0.937335426,6035.18,0.634657422,6641.055263,14.38204729,10464,9.645575083,6636.155657,55.34602726,688
"KCAE20150801_112818",35754.83,"2015","08","01",0.562244778,18641.48,2.211440559,23094.07376,22.49504292,10443,8.870589494,23090.14445,44.40304127,2603,0.939361023,17113.35,1.736884983,18146.97431,29.25973815,10448,25.44473387,18142.09525,109.351461,713
"KCAE20150801_113311",59959.58,"2015","08","01",0.561296403,31730.13,3.398074463,35513.27622,36.64896712,10451,14.24931271,35509.28727,74.02674493,2492,0.939114254,28229.45,2.747416382,28680.27961,37.92651331,10439,38.96116385,28675.4166,137.893784,736
"KCAE20150801_113805",72806.95,"2015","08","01",0.561984041,34677.32,3.569449591,37207.94253,35.81838122,10424,14.8163985,37203.97664,71.83934554,2511,0.938890875,38129.63,3.616813382,37755.91489,43.67574751,10439,48.58567879,37751.07242,153.2030014,777
"KCAE20150801_114259",81775.23,"2015","08","01",0.563307031,45478.81,4.523976785,47153.41003,46.0679334,10423,18.65089128,47149.45316,92.13657443,2528,0.940474541,36296.42,3.416891433,35610.84251,39.19471187,10422,43.0544542,35606.03362,132.9388677,827
"KCAE20150801_114752",105647.48,"2015","08","01",0.561662028,49046.79,4.83844153,50319.79191,45.35592275,10400,19.69309593,50315.8601,89.907719,2555,0.936458933,56600.69,5.186641212,54013.68158,54.46217952,10414,62.72809958,54008.89374,179.7238695,861
"KCAE20150801_115247",117795.66,"2015","08","01",0.562016964,64348.06,6.261402968,64918.22597,58.2797277,10368,24.5144852,64914.3568,113.3794659,2648,0.938055421,53447.6,5.206961856,54037.85014,49.87532589,10378,55.02356515,54033.14098,153.5232302,982
"KCAE20150801_115742",107408.38,"2015","08","01",0.559142714,58612.58,5.587677057,58000.08785,49.4265506,10380,23.17065122,57996.14,98.62363636,2503,0.944789084,48795.8,4.495215033,46736.75069,45.38378221,10397,44.21198638,46732.0696,136.0860054,1057
"KCAE20150801_120237",93754.44,"2015","08","01",0.557084096,55363.22,5.181974436,53939.17191,45.01423238,10409,22.76705039,53935.14236,92.22544437,2369,0.936302015,38391.22,3.359651376,35021.00594,40.08434795,10424,41.5869401,35016.20357,135.3581081,842
"KCAE20150801_120732",80039.9,"2015","08","01",0.55906979,45758.79,4.117500785,42908.47568,38.86860969,10421,21.5382787,42904.25118,86.78301877,1992,0.935383468,34281.11,3.000442227,31330.61774,34.91113487,10442,45.93214978,31325.72615,129.2728242,682
"KCAE20150801_121227",75032.88,"2015","08","01",0.559658357,38174.19,3.442799732,35849.87361,32.90900298,10413,15.92438157,35845.78292,69.37442308,2251,0.933535145,36858.69,3.156332493,32901.60991,40.99588816,10424,55.2885441,32896.68374,163.1063539,595
"KCAE20150801_121721",75914.35,"2015","08","01",0.56023665,43976.72,3.934034005,41039.84274,42.54819588,10432,21.3393542,41035.57814,97.22885008,1923,0.940092165,31937.63,2.764284588,28828.72397,35.82763549,10429,58.70416124,28823.74317,155.00626,491
"KCAE20150801_122215",87555.68,"2015","08","01",0.560027497,48524.11,4.355684825,45421.08135,45.62329742,10428,27.3429786,45416.68745,111.5597503,1661,0.932558978,39031.57,3.387256065,35339.24253,42.20798903,10433,79.581613,35334.23617,189.4062549,444
"KCAE20150801_122709",75041.61,"2015","08","01",0.560868828,41657.15,3.846041339,40044.98242,43.31890105,10412,23.73480117,40040.60957,105.4285254,1687,0.932316342,33384.46,2.862977063,29860.85077,36.86753732,10430,72.81909481,29855.82887,171.9062756,410
"KCAE20150801_123203",79761.27,"2015","08","01",0.559419132,37914.96,3.406822941,35465.02681,39.72444484,10410,24.65961764,35460.53016,104.4324224,1438,0.93105022,41846.31,3.614532259,37692.3424,44.52935878,10428,83.01176995,37687.34356,197.5739606,454
"KCAE20150801_123658",67340.36,"2015","08","01",0.560835708,33543.44,2.974034106,30989.43538,37.97555416,10420,23.8712354,30984.86355,105.2888292,1298,0.935638954,33796.92,2.934448218,30635.6394,40.18929332,10440,75.63113576,30630.60998,190.3236402,405
"KCAE20150801_124151",68252.7,"2015","08","01",0.559686767,41737.22,3.571769455,37267.84249,46.60414331,10434,32.29046055,37263.19147,136.8388653,1154,0.938150043,26515.48,2.197841801,22965.24898,34.33547186,10449,60.74127386,22960.20152,170.6070189,378
"KCAE20150801_124646",47373.12,"2015","08","01",0.559678666,26902.1,2.262824976,23662.36077,35.06604057,10457,21.08527824,23657.68219,105.2235079,1122,0.932897828,20471.02,1.657674422,17319.38237,29.9818005,10448,55.14109342,17314.30333,164.45161,314
"KCAE20150801_125142",31311.64,"2015","08","01",0.56099043,13940.36,1.203339831,12586.93463,20.07970324,10460,11.19417753,12582.25554,60.35889577,1124,0.933720322,17371.28,1.37314198,14371.30396,25.13743739,10466,62.46162525,14366.17381,158.2537907,230
"KCAE20150801_125637",32360.05,"2015","08","01",0.559329133,19725.12,1.636181424,17101.36825,26.26761319,10452,15.44415958,17096.68465,79.41351709,1107,0.943673992,12634.93,0.986639197,10326.16584,19.09718021,10466,50.10205659,10321.02366,127.0623656,206
"KCAE20150802_100543",2724.48,"2015","08","02",0.556522247,2719.91,0.350185539,3664.341484,4.919272845,10464,5.183358214,3659.450899,18.27728334,706,1.509015449,4.57,0.000501187,5.241416089,0,10458,NA,0,NA,0
"KCAE20150802_101132",6736.7,"2015","08","02",0.554078409,6732.12,0.748648056,7829.361373,9.700589806,10458,12.57947218,7824.431696,37.88815216,622,1.513243334,4.58,0.000501187,5.244423213,0,10464,NA,0,NA,0
"KCAE20150802_101720",8994.05,"2015","08","02",0.555475997,8977.86,0.969224206,10138.08519,14.47789663,10460,21.55974114,10133.07833,65.03509294,470,1.508426581,16.19,0.001555058,16.26435124,0.067822833,10459,2.756109678,11.02443871,2.432025344,4
"KCAE20150802_102308",9930.6,"2015","08","02",0.555369497,9926.03,1.061989545,11106.28666,8.569586843,10458,18.44077567,11101.34696,30.93164001,602,1.507885887,4.57,0.000501187,5.237907779,0,10451,NA,0,NA,0
"KCAE20150802_102857",10081.94,"2015","08","02",0.55497828,10077.36,1.066026772,11159.16825,5.890410703,10468,10.96797594,11154.43153,15.7717256,1017,1.507752521,4.58,0.000501187,5.243922025,0,10463,NA,0,NA,0
"KCAE20150802_103444",13832.45,"2015","08","02",0.558479206,13825.75,1.470962065,15389.20513,5.562815285,10462,7.486613939,15384.99164,10.60878607,2055,1.505794892,6.7,0.000902815,9.444344898,0.020946011,10461,1.050857499,4.203429996,0.243492663,4
"KCAE20150802_104033",25590.08,"2015","08","02",0.55381172,25585.51,2.644081928,27670.31738,10.02264974,10465,9.324758839,27666.55948,17.09049429,2967,1.508764638,4.57,0.000501187,5.241416089,0,10458,NA,0,NA,0
"KCAE20150802_104621",31849.34,"2015","08","02",0.557926213,31844.77,3.225329889,33753.07729,8.798428547,10465,8.241730093,33749.88473,12.51037814,4095,1.510587279,4.57,0.000501187,5.239912528,0,10455,NA,0,NA,0
"KCAE20150802_105209",32105.66,"2015","08","02",0.557330334,32096.29,3.173981912,33199.8508,8.57349321,10460,7.847926336,33196.7284,12.04583349,4230,1.504255772,9.37,0.001121418,11.73788254,0.046001989,10467,3.246479069,6.492958137,1.03887087,2
"KCAE20150802_105758",27995.86,"2015","08","02",0.559643786,27962.63,2.77976201,29081.87015,8.112778686,10462,6.856579171,29078.75226,11.59429561,4241,1.505341661,33.23,0.003572387,37.38145376,0.090177397,10464,2.296003369,32.14404717,0.93696746,14
"KCAE20150802_110348",23717.37,"2015","08","02",0.556270864,23690.76,2.316253175,24253.48699,5.919119285,10471,5.980338194,24250.27138,8.280644584,4055,1.510153954,26.61,0.004307369,45.07230985,0.098292106,10464,1.897067218,39.83841157,1.133621536,21
"KCAE20150802_110936",17117.09,"2015","08","02",0.557316486,17095.2,1.6402928,17162.38356,4.814274915,10463,5.312309125,17158.75847,7.455432131,3230,1.513197861,21.89,0.00256951,26.87707313,0.060403388,10460,1.545833663,21.64167128,0.605894104,14
"KCAE20150802_111524",12918.46,"2015","08","02",0.555521618,12903.4,1.278164695,13370.88088,3.731609426,10461,4.681985586,13367.06885,5.924079043,2855,1.512766853,15.06,0.002505362,26.20107469,0.08576505,10458,2.99473813,20.96316691,1.538494407,7
"KCAE20150802_112113",6792.81,"2015","08","02",0.555318634,6764.38,0.702795282,7356.158214,2.286860294,10467,3.602124062,7351.93521,4.047611414,2041,1.513622665,28.43,0.003267208,34.18153013,0.105737499,10462,2.894312116,28.94312116,1.923451365,10
"KCAE20150802_112702",5282.5,"2015","08","02",0.557489751,5264.89,0.608592769,6368.923328,2.304789516,10465,3.493189663,6364.591566,4.52151447,1822,1.506429597,17.61,0.002175699,22.75345986,0.087183544,10458,3.502909942,17.51454971,2.13180292,5
"KCAE20150802_113250",2734.4,"2015","08","02",0.555934401,2722.99,0.33725512,3528.700325,1.319167517,10463,2.826047621,3524.081383,2.752038681,1247,1.505147427,11.41,0.001607555,16.82145967,0.046459001,10464,1.654363538,11.58054477,0.758257671,7
"KCAE20150802_113839",2365.97,"2015","08","02",0.55442444,2356.4,0.309702142,3240.103812,1.210064857,10462,2.594615374,3235.485372,2.522167648,1247,1.508308988,9.57,0.001658479,17.35432858,0.039149467,10464,1.211491724,12.11491724,0.39235367,10
"KCAE20150802_114429",2191.48,"2015","08","02",0.557339807,2177.78,0.291567448,3050.087076,1.116480851,10461,2.572160103,3045.437562,2.269770705,1184,1.508716254,13.7,0.001340863,14.02810938,0.063065883,10462,4.392845456,8.785690912,1.740285666,2
"KCAE20150802_115017",2224.35,"2015","08","02",0.557200552,2217.71,0.298834178,3125.207836,1.183431506,10458,2.591835423,3120.56985,2.495390186,1204,1.508536349,6.64,0.000876311,9.165338878,0.028170842,10459,1.962211988,3.924423976,0.777357053,2
"KCAE20150802_115605",2342.39,"2015","08","02",0.553705369,2337.81,0.318937833,3335.132921,1.287742625,10457,2.698955001,3330.510471,2.763125678,1234,1.51556029,4.58,0.000501187,5.2449244,0,10465,NA,0,NA,0
"KCAE20150802_120154",1901.77,"2015","08","02",0.554856056,1884.94,0.256126609,2678.572076,1.031688258,10458,2.485009235,2673.869937,2.193370202,1076,1.507950741,16.83,0.001919453,20.07556273,0.063665055,10459,2.472775429,14.83665258,1.071165231,6
"KCAE20150802_120743",2342.38,"2015","08","02",0.55508415,2334.42,0.331975814,3473.46294,1.128775691,10463,2.524678056,3468.90765,2.042024644,1374,1.505337482,7.96,0.000882485,9.233444281,0.027577635,10463,1.995262315,3.99052463,0,2
"KCAE20150802_121332",2150.02,"2015","08","02",0.555163892,2144.12,0.319081364,3336.633823,1.513925805,10457,2.414554019,3332.084547,3.509441283,1380,1.510183185,5.9,0.000696454,7.284910978,0.015119509,10460,1.021747445,2.043494889,0.55266066,2
"KCAE20150802_121920",2243.67,"2015","08","02",0.558423563,2239.1,0.317742362,3325.173819,1.164120003,10465,2.478060063,3320.600485,2.287814594,1340,1.503377123,4.57,0.000501187,5.242418464,0,10460,NA,0,NA,0
"KCAE20150802_122508",964.33,"2015","08","02",0.557750236,957.42,0.149544884,1563.940396,0.670370718,10458,2.009133893,1559.087901,1.524341799,776,1.511701794,6.91,0.000903414,9.453326569,0.020963184,10464,1.052727026,4.210908105,0.238742876,4
"KCAE20150802_123057",2681.71,"2015","08","02",0.553721698,2667.48,0.389596436,4077.126707,1.430680376,10465,2.615711067,4072.662131,2.817696153,1557,1.504935118,14.23,0.002342412,24.51568033,0.081826513,10466,1.927526661,19.27526661,1.913996266,10
"KCAE20150802_123645",2518.95,"2015","08","02",0.555662266,2505.51,0.382243006,3999.026324,2.15818993,10462,2.795310777,3994.4991,5.231865254,1429,1.51056392,13.44,0.002314237,24.20460627,0.126428857,10459,3.160949352,18.96569611,4.631784368,6
"KCAE20150802_124234",1880.59,"2015","08","02",0.556307419,1871.44,0.291510361,3046.866296,1.052877937,10452,2.313526196,3042.286948,2.033819216,1315,1.508951743,9.15,0.001293761,13.5353232,0.046119375,10462,2.073476779,8.293907114,1.299765813,4
"KCAE20150802_124823",1444.04,"2015","08","02",0.555688435,1432.75,0.239720066,2508.191047,0.930096034,10463,2.265611708,2503.500937,1.898643919,1105,1.509980333,11.29,0.001536634,16.07626638,0.046547145,10462,1.805975444,10.83585266,0.789680862,6
"KCAE20150802_125412",1946.24,"2015","08","02",0.556400829,1936.36,0.313075722,3276.337434,1.143313972,10465,2.308964497,3271.802692,2.247009464,1417,1.508597992,9.88,0.001355118,14.17452944,0.03491198,10460,1.276517041,8.935619286,0.475749633,7
"KCAE20150803_100211",40415.44,"2015","08","03",0.563314818,22753.02,3.04117539,31743.78872,36.0893784,10438,55.87824295,31738.842,144.9723426,568,0.941610273,17662.42,2.316694792,24193.24372,33.68327981,10443,53.99159453,24188.23435,153.9719998,448
"KCAE20150803_100705",45337.63,"2015","08","03",0.562230553,27990.64,3.770081158,39344.56696,41.77819539,10436,65.13185312,39339.63929,161.8687579,604,0.937093216,17346.99,2.29030805,23938.29974,32.78223411,10452,50.49219176,23933.2989,145.9662597,474
"KCAE20150803_101200",35496.85,"2015","08","03",0.561665239,23301.88,3.091151134,32271.61784,36.10531146,10440,52.04305836,32266.69618,139.400468,620,0.939051688,12194.97,1.585254174,16551.63883,24.29668233,10441,31.94336978,16546.66554,104.6382243,518
"KCAE20150803_101655",52192.97,"2015","08","03",0.561222035,30478.8,3.915367051,40849.02444,40.37918839,10433,61.51224148,40844.12834,148.6829076,664,0.940643632,21714.17,2.783189846,29084.33389,35.1365722,10450,51.01645993,29079.38216,142.1497823,570
"KCAE20150803_102149",55049.14,"2015","08","03",0.556261181,29572.62,3.622814914,37796.82799,38.45792215,10433,48.45126927,37791.99003,132.7835299,780,0.935940792,25476.52,3.087892984,32175.84489,38.19897293,10420,48.67012678,32170.9538,144.267193,661
"KCAE20150803_102643",62582.41,"2015","08","03",0.561876281,34832,4.203599661,43759.47247,43.5139894,10410,52.02696387,43754.67661,144.8177228,841,0.939148881,27750.41,3.394510873,35364.01428,40.424245,10418,46.34230055,35359.17532,142.6411982,763
"KCAE20150803_103138",63670.89,"2015","08","03",0.561012365,31566.94,3.756660728,39054.24493,39.51535778,10396,42.445104,39049.49568,126.5627738,920,0.934397179,32103.95,3.826495771,39837.64747,42.49575959,10411,48.04927032,39832.84509,143.4470816,829
"KCAE20150803_103634",91093.46,"2015","08","03",0.557661311,48311.59,5.79635717,60102.4275,50.98458592,10369,60.03769468,60097.73237,153.9191845,1001,0.936602713,42781.87,4.978700933,51728.70269,49.57522435,10390,60.07424725,51723.92688,162.4068279,861
"KCAE20150803_104128",99242.33,"2015","08","03",0.559117992,48894.95,5.733082442,59211.27546,53.1727462,10328,60.9748567,59206.58586,163.4905965,971,0.934407816,50347.38,5.934243774,61371.94911,54.23829541,10342,71.2743291,61367.19736,175.2452384,861
"KCAE20150803_104624",106803.98,"2015","08","03",0.560389741,43884.42,5.27997257,54336.19772,49.95399461,10291,58.35822406,54331.5066,156.555276,931,0.945878632,62919.56,7.569000194,78134.789,70.5960303,10323,93.68109501,78130.03324,231.6879798,834
"KCAE20150803_105120",82877.57,"2015","08","03",0.560266441,42035.2,5.21093224,53630.91462,52.91523391,10292,56.74733336,53626.23002,166.1227457,945,0.935996641,40842.37,5.045597104,52100.8357,51.31087056,10326,69.74034113,52096.03483,178.6657457,747
"KCAE20150803_105615",60014.85,"2015","08","03",0.559576449,31729,4.068519944,42003.3999,43.61753977,10324,47.83447117,41998.66569,142.4709043,878,0.946418897,28285.85,3.571671038,36977.51026,38.82152893,10353,49.23128876,36972.69786,136.203143,751
"KCAE20150803_110110",78265.99,"2015","08","03",0.562027302,41139.36,5.421292351,56164.58876,49.8653334,10360,67.49977578,56159.81345,163.7110857,832,0.936537405,37126.63,4.818228639,50046.94087,47.2121378,10387,63.58593325,50042.12947,160.3487382,787
"KCAE20150803_110605",71599.17,"2015","08","03",0.556593725,34885.91,4.546605797,47216.5012,44.49407693,10385,51.2614093,47211.75796,141.2366807,921,0.943473133,36713.26,4.768932075,49549.20426,51.03805202,10390,59.62023274,49544.41341,171.2624079,831
"KCAE20150803_111101",70779.68,"2015","08","03",0.560943471,32552.6,4.251770562,44197.15499,38.86266624,10395,46.46942353,44192.42178,120.6667833,951,0.938585411,38227.08,4.910285072,51204.45273,48.51887543,10428,54.99429963,51199.69296,153.7409588,931
"KCAE20150803_111555",85782.45,"2015","08","03",0.562011338,45502.12,5.849889436,60926.59847,51.58117841,10415,59.37806318,60921.89283,154.4357641,1026,0.934716006,40280.33,5.176700996,53967.10788,48.46106325,10425,56.56431985,53962.36113,150.9241454,954
"KCAE20150803_112050",89291.64,"2015","08","03",0.558905531,47624.03,6.113161539,63546.3142,52.4371828,10395,59.05357216,63541.64364,153.1561129,1076,0.933827332,41667.61,5.408820087,56278.773,49.36772559,10405,59.80236957,56274.02977,154.0082284,941
"KCAE20150803_112545",82163.92,"2015","08","03",0.561301997,42773.72,5.717281894,59259.62683,45.47399298,10365,59.25493321,59254.93321,135.1942474,1000,0.93622027,39390.2,5.178403812,53813.97241,45.86707856,10392,56.0512971,53809.24522,141.2112909,960
"KCAE20150803_113039",80644.83,"2015","08","03",0.559908553,44428.66,5.891203718,61203.71542,47.71266617,10389,60.95519102,61199.01178,142.1892377,1004,0.931703274,36216.17,4.741615367,49308.0582,39.05718677,10399,53.76587344,49303.30595,121.1513973,917
"KCAE20150803_113533",81601.68,"2015","08","03",0.557638711,46682.77,6.025931704,62748.02683,48.42162751,10413,59.86959276,62743.33321,141.7392142,1048,0.933137364,34918.91,4.491306302,46875.76387,38.61381465,10437,49.49420022,46871.00761,119.2428759,947
"KCAE20150803_114029",80519.19,"2015","08","03",0.562473234,44038.64,5.609578672,58597.6588,47.04343573,10446,57.89815277,58592.9306,140.8324725,1012,0.935344428,36480.55,4.555922824,47659.50866,43.51097346,10461,53.6048496,47654.7113,140.244043,889
"KCAE20150803_114523",69260.41,"2015","08","03",0.562765323,40740.63,5.251220231,54848.99531,50.5592102,10445,58.09770501,54844.23353,158.8632911,944,0.931862191,28519.78,3.73053033,38984.04195,40.02797146,10450,50.49118065,38979.19146,139.1055167,772
"KCAE20150803_115020",52897.46,"2015","08","03",0.560085264,30664.25,3.947640743,41331.79858,39.45376838,10470,45.86792754,41327.00272,127.2077166,901,0.92925824,22233.21,2.906247596,30381.91237,32.22904335,10454,38.79574124,30377.06539,111.7601854,783
"KCAE20150803_115514",47434.96,"2015","08","03",0.561178985,28781.92,3.859535931,40393.90305,37.57315131,10466,43.66391484,40389.12122,119.3698799,925,0.937211558,18653.04,2.517031908,26348.29001,25.00981939,10468,31.66281319,26343.46057,83.39391109,832
"KCAE20150803_120008",55363.04,"2015","08","03",0.560367685,25530.44,3.628474759,37899.41886,33.96948151,10445,37.97062539,37894.68414,103.8392012,998,0.938668522,29832.6,4.191367067,43803.97722,43.25521818,10451,49.15733543,43799.18587,140.5552493,891
"KCAE20150803_120503",63632.89,"2015","08","03",0.562227131,32199.58,4.81219104,50220.02569,43.52627343,10436,45.07661905,50215.35362,126.2764767,1114,0.942521271,31433.31,4.877815892,50885.37539,46.78122926,10432,50.37688436,50880.6532,142.5836606,1010
"KCAE20150803_120957",92069.04,"2015","08","03",0.561653089,46977.49,6.760694976,70432.92026,53.13745801,10418,55.1082468,70428.33941,142.7120807,1278,0.936980412,45091.55,6.78660147,70852.11934,53.52467083,10440,57.31998901,70847.50642,146.0033208,1236
"KCAE20150803_121451",146670.6,"2015","08","03",0.557748062,78081.7,11.1662542,116341.2025,73.33953561,10419,81.6971168,116336.6943,183.3357827,1424,0.949461285,68588.9,10.22555394,106488.9187,67.22261694,10414,74.77837997,106484.4131,168.0387385,1424
"KCAE20150803_121946",162638.69,"2015","08","03",0.557264098,84970.93,12.85239175,133317.8596,78.40332813,10373,84.21570066,133313.4541,185.1706775,1583,0.946805468,77667.76,11.9417959,124111.0848,72.06875744,10393,78.25136874,124106.6708,169.8870685,1586
"KCAE20150803_122440",205095.53,"2015","08","03",0.555914925,101990.54,16.0160598,166230.6847,83.95581293,10379,92.29671599,166226.3855,183.2884173,1801,0.943794681,103104.99,16.06686168,166693.69,82.29598805,10375,92.60521793,166689.3923,178.7816169,1800
"KCAE20150803_122935",274631.68,"2015","08","03",0.560826019,134289.86,20.81933378,215271.9113,96.39489057,10340,108.1204052,215267.7268,197.0596837,1991,0.936517237,140341.82,22.67704524,234367.2626,103.8826297,10335,116.6565902,234363.0897,211.1144308,2009
"KCAE20150803_123429",338190.15,"2015","08","03",0.560816301,167966.75,26.37107667,271490.2343,112.8175089,10295,122.4013463,271486.1862,217.573746,2218,0.935762232,170223.4,27.53262949,283448.4206,114.8661734,10295,130.8607324,283444.3464,221.8272109,2166
"KCAE20150803_123923",365231.3,"2015","08","03",0.560119182,186100.48,29.37323361,300635.046,116.8190002,10235,126.0507806,300631.1117,215.3855098,2385,0.939181061,179130.82,28.60273505,292777.596,113.0525205,10236,125.4385757,292773.6356,209.5669009,2334
"KCAE20150803_124419",435361.9,"2015","08","03",0.563259932,225870.35,35.30295797,361396.3807,129.8902339,10237,141.3345841,361392.5316,229.2888017,2557,0.936884646,209491.55,33.36435608,341917.9211,121.3175647,10248,135.0371461,341914.0539,214.1309952,2532
"KCAE20150803_124914",460709.75,"2015","08","03",0.562701508,234761.16,37.49922158,381704.5765,131.7969382,10179,142.9055835,381700.8136,226.1572099,2671,0.935059669,225948.59,36.84516404,376373.3507,129.944748,10215,140.3316835,376369.5753,223.165039,2682
"KCAE20150803_125409",459550.04,"2015","08","03",0.562860448,238712.14,38.94234817,394719.641,132.7143114,10136,143.9518363,394715.9353,223.6148554,2742,0.935119466,220837.9,36.80112607,372500.9981,129.0607046,10122,133.3204457,372497.3254,217.9133688,2794
"KCAE20150803_125905",461444.01,"2015","08","03",0.563648427,236288.89,39.8123249,400989.7364,136.8423298,10072,139.2312958,400986.1319,227.2831218,2880,0.9360091,225155.12,38.00773844,383003.9802,131.7810021,10077,131.6152537,383000.3882,218.6952943,2910
"KCAE20150804_120332",961.27,"2015","08","04",0.560836726,872.05,0.116242278,1216.707924,1.169225973,10467,3.638525203,1211.628893,5.499410015,333,0.935405117,89.22,0.013541311,141.7233575,0.222991451,10466,1.844797564,136.5150198,1.924777232,74
"KCAE20150804_120826",1344.14,"2015","08","04",0.562701173,1218.91,0.159380791,1668.557506,1.495913373,10469,4.287384117,1663.505037,6.541200529,388,0.935976601,125.23,0.017414243,182.1529841,0.236204525,10460,2.010848524,176.9546701,1.629028985,88
"KCAE20150804_121321",1475.45,"2015","08","04",0.562723967,1369.08,0.181835001,1903.448793,1.790608555,10468,4.334296542,1898.421886,7.665475804,438,0.930975796,106.37,0.018135346,189.731989,0.231747598,10462,1.693056858,184.5431975,1.530022161,109
"KCAE20150804_121815",1974.87,"2015","08","04",0.563624091,1832.77,0.244299058,2556.589646,2.071145083,10465,4.925877098,2551.604337,7.982390436,518,0.935607974,142.1,0.02051831,214.7446366,0.293021486,10466,2.160286867,209.5478261,2.165693041,97
"KCAE20150804_122310",2848.07,"2015","08","04",0.561503133,2700.66,0.36475213,3815.672035,3.320228564,10461,6.627334432,3810.717298,12.62202139,575,0.93876671,147.41,0.022129316,231.3398684,0.569209903,10454,2.569824563,226.1445615,5.683952036,88
"KCAE20150804_122805",2729.49,"2015","08","04",0.56168403,2563.46,0.358520613,3751.918215,2.821955385,10465,6.276335844,3746.972499,10.12979808,597,0.936841234,166.03,0.023162307,242.069274,0.350638061,10451,2.442061663,236.8799813,2.723213165,97
"KCAE20150804_123300",2465.75,"2015","08","04",0.55822424,2295.89,0.326633089,3420.175072,2.488846635,10471,5.22210232,3415.254917,8.585865109,654,0.940914854,169.86,0.025451796,266.3275956,0.299878973,10464,2.17619429,261.1433148,1.78553407,120
"KCAE20150804_123755",1932.88,"2015","08","04",0.556991614,1789.58,0.262128954,2743.179499,1.67136179,10465,4.339541717,2738.250823,5.355159781,631,0.938204319,143.3,0.023268666,243.7858139,0.251594065,10477,1.821378097,238.6005308,1.34225563,131
"KCAE20150804_124248",1631.55,"2015","08","04",0.559978403,1535.99,0.225847819,2363.949123,1.452169772,10467,4.095472015,2358.991881,4.744493363,576,0.939439237,95.56,0.014835065,155.1747817,0.233475896,10460,1.851518018,149.9729594,1.919479974,81
"KCAE20150804_124742",1445.01,"2015","08","04",0.559978804,1368.35,0.204905867,2143.930082,1.370847431,10463,4.020587954,2138.952792,4.653711071,532,0.933380258,76.66,0.012985437,135.9185671,0.177957926,10467,1.675791448,130.711733,1.217644874,78
"KCAE20150804_125237",1032.73,"2015","08","04",0.560120031,904.35,0.143714858,1503.688558,1.118248596,10463,3.322994836,1498.670671,4.299495037,451,0.935923268,128.38,0.018529235,194.0381465,0.218784585,10472,1.888398325,188.8398325,1.223507586,100
"KCAE20150804_125731",769.66,"2015","08","04",0.561979523,688.53,0.112263182,1173.936094,0.808467327,10457,3.167696793,1168.880117,2.977895973,369,0.93785742,81.13,0.01297405,135.6566638,0.205061351,10456,1.787025161,130.4528368,1.700773125,73
"KCAE20150805_100844",206.97,"2015","08","05",0.551449223,200.73,0.022360387,233.8449286,0.334294362,10458,2.540540215,228.6486194,2.581118665,90,1.557813635,6.24,0.000851394,8.903878609,0.031302469,10458,1.831732447,3.663464894,1.881675086,2
"KCAE20150805_101825",4924.61,"2015","08","05",0.55069784,4917.96,0.48190438,5038.792195,6.459870004,10456,19.13948135,5033.683594,36.14920515,263,1.557475599,6.65,0.000876275,9.165840065,0.028169496,10460,1.962211988,3.924423976,0.777357053,2
"KCAE20150805_102805",4261.14,"2015","08","05",0.550980747,4253.19,0.423056086,4423.474435,2.43888239,10456,5.59320248,4418.62996,7.061648098,790,1.556668663,7.95,0.000841399,8.793464224,0.024591945,10451,1.77827941,3.55655882,0,2
"KCAE20150805_103745",9039.2,"2015","08","05",0.551527667,9034.63,0.935304472,9765.51399,3.220331025,10441,4.465405622,9761.376689,5.812224695,2186,1.556836869,4.57,0.000501187,5.240914902,0,10457,NA,0,NA,0
"KCAE20150805_104725",13314.56,"2015","08","05",0.548622737,13309.99,1.260947774,13190.77466,3.568991793,10461,4.82859776,13186.90048,5.619008984,2731,1.557159161,4.57,0.000501187,5.241416089,0,10458,NA,0,NA,0
"KCAE20150805_105706",9290.48,"2015","08","05",0.551897117,9282.63,0.872908723,9134.989788,2.498615989,10465,3.763792557,9130.960744,4.006930942,2426,1.558522882,7.85,0.000918294,9.604432765,0.021883283,10459,1.091130059,4.364520238,0.289851195,4
"KCAE20150805_110647",3901.38,"2015","08","05",0.550867794,3872.44,0.412868105,4316.948902,1.330849191,10456,2.432372867,4312.597093,2.352890432,1773,1.556102486,28.94,0.003926347,41.05781381,0.072653186,10457,1.235566667,35.83143334,0.629010175,29
"KCAE20150805_111627",1558.46,"2015","08","05",0.552082169,1528.94,0.184032733,1923.694159,0.811152194,10453,1.984425953,1918.939897,1.882442161,967,1.556823876,29.52,0.004204276,43.9767219,0.076204171,10460,1.21094817,38.75034142,0.671873168,32
"KCAE20150805_112608",739.31,"2015","08","05",0.548879486,682.5,0.091260818,954.0405925,0.582499236,10454,1.811190464,949.0638033,1.913466241,524,1.557613684,56.81,0.007879786,82.35951911,0.127743457,10452,1.3301755,77.150179,1.096778298,58
"KCAE20150805_113550",452.23,"2015","08","05",0.548523118,406.25,0.05296919,554.2166381,0.646651042,10463,1.940334106,549.1145521,3.440812955,283,1.556219367,45.98,0.007172934,75.00737222,0.106649611,10457,1.292472619,69.79352143,0.74298223,54
"KCAE20150805_114530",564.61,"2015","08","05",0.551484843,543.52,0.067220807,703.1968669,0.654025912,10461,1.876721476,698.1403889,2.94208049,372,1.557925224,21.09,0.003102858,32.43727411,0.07244312,10454,1.431967649,27.20738533,0.942671572,19
"KCAE20150805_115511",1118.55,"2015","08","05",0.551831371,1101.78,0.134052297,1402.052978,4.979719684,10459,4.246127512,1396.975951,27.80537727,329,1.557487169,16.77,0.002407045,25.1752879,0.054667475,10459,1.049625957,19.94289318,0.759366465,19
"KCAE20150805_120452",624.12,"2015","08","05",0.55221349,595.36,0.06061648,633.8665312,0.556907555,10457,2.372673324,628.7584309,2.60351502,265,1.556780712,28.76,0.004703394,49.18809593,0.148123725,10458,2.313484337,43.9562024,2.666354086,19
"KCAE20150805_121432",493.3,"2015","08","05",0.551716809,477.06,0.046320696,484.3755161,0.496618956,10457,2.372454658,479.235841,2.699028808,202,1.556883761,16.24,0.00257319,26.90012804,0.073060628,10454,1.444548967,21.6682345,1.324558514,15
"KCAE20150805_122413",444.12,"2015","08","05",0.551876922,418.59,0.039537847,413.2100387,0.422168871,10451,2.518847674,408.0533232,2.299038671,162,1.557809958,25.53,0.002996721,31.33970664,0.098839452,10458,2.175358733,26.1043048,2.032955306,12
"KCAE20150805_123354",64.64,"2015","08","05",0.551473328,52.55,0.007031668,73.53015149,0.122034806,10457,1.313755737,68.31529832,1.141728366,52,1.557399476,12.09,0.001194647,12.49242057,0.041010211,10457,1.813377603,7.253510414,1.217132801,4
"KCAE20150805_124335",142.63,"2015","08","05",0.551351282,137.34,0.015565325,162.4864318,0.240124274,10439,1.82904233,157.2976404,1.93017559,86,1.558135619,5.29,0.000644636,6.741600948,0.010930983,10458,0.750593617,1.501187234,0.35271389,2
"KCAE20150805_125316",639.52,"2015","08","05",0.551773653,634.35,0.062861249,657.5915262,0.550177459,10461,2.381335518,652.4859318,2.461229565,274,1.557802698,5.17,0.000652717,6.82480572,0.015494582,10456,1.584893192,1.584893192,NA,1
"KCAE20150806_100646",34.83,"2015","08","06",0.551481677,30.26,0.004362943,45.61892789,0.108999875,10456,1.682939278,40.39054266,1.566457534,24,1.558293328,4.57,0.000501187,5.237907779,0,10451,NA,0,NA,0
"KCAE20150806_101627",127.7,"2015","08","06",0.551604305,117.56,0.012038147,125.7865986,0.228246903,10449,2.511953128,120.5737502,2.273537885,48,1.557984467,10.14,0.001017127,10.63101584,0.041311397,10452,2.696804625,5.39360925,1.816227923,2
"KCAE20150806_102608",795.17,"2015","08","06",0.551784837,790.6,0.078464534,820.5036287,0.898295756,10457,5.226544224,815.340899,5.230356625,156,1.556358553,4.57,0.000501187,5.237907779,0,10451,NA,0,NA,0
"KCAE20150806_103549",1651.04,"2015","08","06",0.551442538,1644.76,0.149103316,1559.024274,1.350048467,10456,4.90202756,1553.942737,6.077190366,317,1.556815094,6.28,0.000767987,8.026997141,0.020999085,10452,1.394795275,2.78959055,0.849188632,2
"KCAE20150806_104531",2893.28,"2015","08","06",0.548998008,2632.03,0.234221284,2448.783527,1.832139062,10455,6.330925059,2443.737073,7.242323456,386,0.935499231,261.25,0.022805663,238.5472326,0.400553807,10460,4.166658583,233.3328806,3.59620048,56
"KCAE20150806_105027",2883.29,"2015","08","06",0.560000185,2237.86,0.194192786,2030.868155,1.662144347,10458,5.580740139,2025.80867,7.047327917,363,0.93170965,645.43,0.049723519,520.3566248,1.684986823,10465,7.80522392,515.1447787,19.88978738,66
"KCAE20150806_105523",10849.27,"2015","08","06",0.561475229,7246.02,0.55426914,5799.872285,8.821032798,10464,13.96345989,5794.835855,42.17605277,415,0.936240691,3603.25,0.262325771,2745.501523,5.502931787,10466,25.14046539,2740.310727,47.99029211,109
"KCAE20150806_110019",28638.91,"2015","08","06",0.562579112,14551.76,1.054505256,11019.57993,18.13208872,10450,26.10083891,11014.55402,86.62964052,422,0.935906109,14087.15,0.994740984,10391.06431,23.07432533,10446,71.13631565,10385.90209,182.5621367,146
"KCAE20150806_110514",38717.48,"2015","08","06",0.562086407,20821.25,1.468965789,15327.18904,28.94327406,10434,48.95244896,15322.11652,160.2514141,313,0.936522218,17896.23,1.244408239,12956.77858,25.71694406,10412,79.45792584,12951.64191,190.3934278,163
"KCAE20150806_111009",30360.63,"2015","08","06",0.560789377,13546.42,0.947511219,9882.542011,20.54324919,10430,36.58314796,9877.449949,122.6915503,270,0.93773578,16814.21,1.154951741,12032.28724,24.73753128,10418,65.36498963,12027.15809,174.9688097,184
"KCAE20150806_111505",31177.12,"2015","08","06",0.559090557,14268.47,0.98550442,10265.01404,20.7250789,10416,53.43692655,10259.8899,143.5416403,192,0.934871979,16908.65,1.166303884,12149.38756,24.83251281,10417,84.92474378,12144.23836,195.1144194,143
"KCAE20150806_112002",47274.68,"2015","08","06",0.559942397,19253.68,1.338178421,13933.11372,24.04240939,10412,82.41408317,13927.98006,170.5860202,169,0.934558941,28021,1.949767922,20312.68221,33.83878123,10418,146.0973418,20307.53051,255.3890362,139
"KCAE20150806_112457",25388.95,"2015","08","06",0.560064877,10382.94,0.820678435,8538.33844,20.30969536,10404,73.56191574,8533.182226,178.6509395,116,0.934195464,15006.01,1.074951655,11188.09683,26.72640839,10408,112.9588898,11182.93009,251.1716386,99
"KCAE20150806_112953",22942.53,"2015","08","06",0.560481389,13343.68,1.010309965,10515.30612,21.58587577,10408,98.22563916,10510.14339,190.0198637,107,0.931914809,9598.85,0.715067206,7455.29069,16.46984597,10426,81.86935076,7450.11092,157.1707238,91
"KCAE20150806_113448",16211.03,"2015","08","06",0.561306946,10205.69,0.805981273,8412.026545,21.52947646,10437,142.4885631,8406.825224,250.7293174,59,0.932934025,6005.34,0.421455578,4400.417693,12.21886884,10441,74.49515876,4395.214367,145.8111838,59
"KCAE20150806_113943",5741,"2015","08","06",0.560577314,1796.03,0.122446739,1279.935761,9.91078324,10453,63.73534374,1274.706875,223.0820197,20,0.934923242,3944.97,0.26763891,2800.573552,14.84701638,10464,155.2965639,2795.33815,331.9322199,18
"KCAE20150806_114439",13.56,"2015","08","06",0.557105166,8.2,0.00093623,9.801395672,0.024691353,10469,1.139117818,4.556471272,0.631965562,4,0.931467333,5.36,0.000653876,6.844121122,0.01111786,10467,0.799598361,1.599196723,0.129616317,2
"KCAE20150806_114935",37.84,"2015","08","06",0.562359717,29.83,0.003148261,32.92765852,0.110063357,10459,1.84621727,27.69325905,2.324725466,15,0.935377613,8.01,0.000927731,9.714266258,0.04364728,10471,4.466835922,4.466835922,NA,1
"KCAE20150806_115430",11.91,"2015","08","06",0.561448762,5.85,0.000789977,8.26790314,0.014891474,10466,0.756120575,3.024482302,0.112111083,4,0.931897784,6.06,0.000748001,7.830819967,0.018307906,10469,1.292446596,2.584893192,0.413581943,2
"KCAE20150806_115926",21.96,"2015","08","06",0.56178687,9.28,0.001225071,12.82527155,0.032026587,10469,1.263558254,7.581349522,0.483871549,6,0.936796898,12.68,0.001560746,16.34569709,0.053379565,10473,1.84996172,11.09977032,1.365827042,6
"KCAE20150806_120423",9.53,"2015","08","06",0.56048542,4.96,0.000596705,6.243922025,0.009770874,10464,1,1,NA,1,0.932811828,4.57,0.000501187,5.242919651,0,10461,NA,0,NA,0
"KCAE20150806_120918",12.99,"2015","08","06",0.560660847,5.24,0.000636338,6.661818343,0.009777641,10469,0.707945784,1.415891569,0,2,0.934030062,7.75,0.000938371,9.817233669,0.033853146,10462,2.287407602,4.574815205,1.237253101,2
"KCAE20150806_121415",15.48,"2015","08","06",0.563012814,9.89,0.001400606,14.64894185,0.044841262,10459,1.881906101,9.409530506,0.913556897,5,0.937171658,5.59,0.000728433,7.628875389,0.016470718,10473,1.190471933,2.380943866,0.096807838,2
"KCAE20150806_121910",42.71,"2015","08","06",0.56203423,37.09,0.003950973,41.38249407,0.175646978,10474,3.613807085,36.13807085,4.62693079,10,0.945900929,5.62,0.000684054,7.1647794,0.013425202,10474,0.958173345,1.916346689,0.231711976,2
"KCAE20150806_122407",12.35,"2015","08","06",0.562404435,7.77,0.001126703,11.79996504,0.029274502,10473,1.09233971,6.554038263,0.604300658,6,0.945082088,4.58,0.000501187,5.247430336,0,10470,NA,0,NA,0
"KCAE20150806_122904",15.87,"2015","08","06",0.563012811,9.2,0.001495287,15.63771001,0.040555865,10458,1.300037928,10.40030342,0.726971666,8,0.940186177,6.67,0.000909174,9.508138411,0.022398289,10458,1.067181768,4.268727071,0.481876078,4
"KCAE20150806_123359",15.82,"2015","08","06",0.56111503,11.24,0.001858722,19.45152167,0.048086938,10465,1.29201003,14.21211033,0.766016188,11,0.938378095,4.58,0.000501187,5.246427962,0,10468,NA,0,NA,0
"KCAE20150806_123857",43.91,"2015","08","06",0.55897321,37.9,0.003400974,35.64220371,0.163031029,10480,3.039477338,30.39477338,4.549199263,10,0.934091635,6.01,0.000715483,7.488961309,0.015502049,10467,1.122018454,2.244036909,0,2
"KCAE20150806_124353",30.44,"2015","08","06",0.560373839,25.13,0.00350778,36.71943928,0.08533547,10468,1.749001816,31.48203269,1.118986693,18,0.930387346,5.31,0.00066425,6.953371372,0.01196791,10468,0.853972892,1.707945784,0.206513516,2
"KCAE20150806_124847",115.15,"2015","08","06",0.561800655,110.58,0.011352891,118.8420621,0.399095378,10468,7.100228323,113.6036532,7.58018613,16,0.929960687,4.57,0.000501187,5.241416089,0,10458,NA,0,NA,0
"KCAE20150806_125343",666.95,"2015","08","06",0.563016781,6.07,0.000849142,8.888821419,0.016013772,10468,0.728979879,3.644899393,0.089481922,5,0.940984357,660.88,0.08230538,861.408103,4.487412761,10466,122.3094551,856.1661858,132.969956,7
"KCAE20150806_125837",16.32,"2015","08","06",0.562342738,9.4,0.001423731,14.90931622,0.036503029,10472,1.380627403,9.664391822,0.323516925,7,0.931151964,6.92,0.000931178,9.740118471,0.023207,10460,1.124926189,4.499704756,0.438732113,4
"KCAE20150807_100121",60.26,"2015","08","07",0.556111978,29.69,0.005529226,57.84675843,0.174115822,10462,2.922908831,52.61235896,3.102893449,18,0.937281292,30.57,0.00465513,48.69731481,0.143906594,10461,3.104386556,43.46141178,2.510291344,14
"KCAE20150807_100652",27.66,"2015","08","07",0.560963866,19.57,0.002581685,27.02765756,0.069788347,10469,1.815561888,21.78674266,1.022272795,12,0.934460624,8.09,0.001185953,12.4228554,0.035144238,10475,1.435085012,7.175425061,0.8141527,5
"KCAE20150807_101224",18.04,"2015","08","07",0.560719757,10.89,0.001415361,14.8216635,0.053842981,10472,2.393808886,9.575235543,1.576197012,4,0.932846842,7.15,0.000835411,8.740065014,0.025102964,10462,1.748823275,3.49764655,0.692820203,2
"KCAE20150807_101754",14.02,"2015","08","07",0.560020939,7.68,0.001062038,11.1174177,0.030121649,10468,1.468248621,5.872994484,0.542529799,4,0.936121336,6.34,0.00085479,8.957349106,0.021326918,10479,1.235637216,3.706911647,0.3085562,3
"KCAE20150807_102324",23.55,"2015","08","07",0.561666051,12.35,0.001772363,18.54601036,0.053677529,10464,1.900727923,13.30509546,0.902559248,7,0.933555336,11.2,0.00146017,15.28651762,0.057598139,10469,3.347030676,10.04109203,0.754955773,3
"KCAE20150807_102857",10.02,"2015","08","07",0.558323526,5.44,0.000712891,7.458269001,0.016670884,10462,1.107925268,2.215850537,0.674534507,2,0.934561172,4.58,0.000501187,5.250938647,0,10477,NA,0,NA,0
"KCAE20150808_100212",57.58,"2015","08","08",0.551351787,47.7,0.007185226,75.14309213,0.131249523,10458,1.589175643,69.92372828,1.271814978,44,1.556494054,9.88,0.001011019,10.56817714,0.036917172,10453,2.665134681,5.330269363,0.216725753,2
"KCAE20150808_101153",45.47,"2015","08","08",0.551488189,34.57,0.003853874,40.2922534,0.107190925,10455,1.845361233,35.06186343,1.756989408,19,1.556264406,10.9,0.001140858,11.92538994,0.043313712,10453,2.229327784,6.687983352,1.534606898,3
"KCAE20150808_102135",31.75,"2015","08","08",0.551184608,13.04,0.00179519,18.75974032,0.049050077,10450,1.35273456,13.5273456,0.873784935,10,1.555390299,18.71,0.002152238,22.47366977,0.071787539,10442,2.873879967,17.2432798,0.927125653,6
"KCAE20150808_103115",78.91,"2015","08","08",0.550644135,62.82,0.006474616,67.71800985,0.154192852,10459,2.716853038,62.48761988,1.898679594,23,1.556938659,16.09,0.001511072,15.80732532,0.05630776,10461,2.641602605,10.56641042,1.325782738,4
"KCAE20150808_104056",60.62,"2015","08","08",0.5515225,48.2,0.005359746,56.02542216,0.104462941,10453,1.751760222,50.80104644,0.951763854,29,1.556088799,12.42,0.001092663,11.42816022,0.03038421,10459,1.547061923,6.188247692,0.174247284,4
"KCAE20150808_105038",246.67,"2015","08","08",0.551002006,222.73,0.024108035,252.1941547,0.288610508,10461,1.777128778,247.0209001,1.782291696,139,1.557983953,23.94,0.002394337,25.04476239,0.092678465,10460,3.300891842,19.80535105,2.214384099,6
"KCAE20150808_110018",159.56,"2015","08","08",0.551118752,154.99,0.030814189,322.3164207,0.267795478,10460,1.101452584,317.2183442,1.196087548,288,1.55601183,4.57,0.000501187,5.234399468,0,10444,NA,0,NA,0
"KCAE20150808_111000",275.18,"2015","08","08",0.551040375,240.66,0.050895614,532.1645432,0.286917849,10456,1.131239662,527.1576827,0.791644016,466,1.557242441,34.52,0.004016643,42.02212363,0.094516838,10462,1.839436327,36.78872653,1.168631322,20
"KCAE20150808_111941",483.37,"2015","08","08",0.551575378,478.8,0.098329762,1028.529315,0.448204629,10460,1.396526968,1023.654267,1.027393258,733,1.558778939,4.57,0.000501187,5.240914902,0,10457,NA,0,NA,0
"KCAE20150808_112923",614.58,"2015","08","08",0.551386648,605.81,0.126257231,1320.776899,0.499059427,10461,1.444556049,1315.99056,0.97828285,911,1.557633873,8.77,0.001199,12.54393545,0.031783472,10462,1.217253623,7.303521739,0.581336975,6
"KCAE20150808_113904",775.22,"2015","08","08",0.551584956,766.86,0.15724794,1644.341705,0.560835368,10457,1.475839432,1639.657609,1.007846382,1111,1.556216636,8.36,0.001023933,10.70624726,0.04475801,10456,2.733417961,5.466835922,2.451423189,2
"KCAE20150808_114846",872.45,"2015","08","08",0.552154383,863.76,0.174386703,1823.736137,0.598788157,10458,1.484986674,1819.108675,1.056418887,1225,1.557715488,8.69,0.001136319,11.88135041,0.027045067,10456,0.94920643,6.64444501,0.474532423,7
"KCAE20150808_115828",867.25,"2015","08","08",0.55037539,861.4,0.174796168,1828.367914,0.56870418,10460,1.415971292,1823.771024,0.932816309,1288,1.556439043,5.85,0.000728824,7.619854019,0.016484889,10455,1.190471933,2.380943866,0.096807838,2
"KCAE20150808_120809",975.03,"2015","08","08",0.551617263,960.55,0.192876982,2016.914599,0.623879299,10457,1.493948614,2012.348783,1.038776069,1347,1.556237651,14.48,0.001865222,19.50276402,0.050928538,10456,1.426736218,14.26736218,0.868925995,10
"KCAE20150808_121751",886.86,"2015","08","08",0.550312775,871.54,0.172312735,1801.185017,0.602225975,10453,1.395952707,1796.591134,1.113014838,1287,1.557400213,15.32,0.00171856,17.98129683,0.05416576,10463,1.592673038,12.7413843,1.220666515,8
"KCAE20150808_122733",732.99,"2015","08","08",0.551523069,722.47,0.144338983,1510.36312,0.508241377,10464,1.323101097,1505.689048,0.903678246,1138,1.556338164,10.52,0.001372946,14.3541485,0.029980614,10455,0.911924785,9.119247846,0.349199107,10
"KCAE20150808_123713",615.01,"2015","08","08",0.551468863,600.38,0.118836806,1242.676486,0.447429997,10457,1.236700558,1237.937259,0.842579334,1001,1.556226404,14.63,0.001594003,16.67168206,0.049151889,10459,1.905461984,11.43277191,0.83723404,6
"KCAE20150808_124655",476.03,"2015","08","08",0.550539769,469.29,0.094397256,985.6961439,0.378933375,10442,1.130066564,980.8977773,0.746999587,868,1.556507731,6.74,0.000835474,8.73906264,0.025105364,10460,1.748823275,3.49764655,0.692820203,2
"KCAE20150808_125637",418.11,"2015","08","08",0.55141542,403.57,0.076908536,804.0787438,0.359478689,10455,1.128804621,799.1936718,0.849845611,708,1.555977582,14.54,0.001729573,18.0913366,0.055560166,10460,1.836060921,12.85242645,1.205338732,7
"KCAE20150809_100420",1743.48,"2015","08","09",0.551455962,1718.16,0.268923993,2813.213893,2.108861882,10461,2.503149113,2808.533305,5.991750378,1122,1.557616137,25.32,0.003195569,33.41925768,0.088727567,10458,2.168027464,28.18435703,1.333019448,13
"KCAE20150809_101402",1759,"2015","08","09",0.549269654,1722.96,0.230944721,2414.988947,1.400155453,10457,2.78956141,2410.181058,4.075289394,864,1.555771458,36.04,0.004559106,47.68824366,0.113311022,10460,2.234491987,42.45534775,1.483910267,19
"KCAE20150809_102343",1551.96,"2015","08","09",0.548395189,1507.44,0.162903687,1703.809661,1.379607484,10459,3.397636675,1698.818337,5.373891103,500,1.559328746,44.52,0.00618445,64.67697755,0.11713282,10458,1.698660086,59.45310301,1.122992578,35
"KCAE20150809_103324",8308.8,"2015","08","09",0.551313467,8276.85,0.821900897,8598.727184,4.129530609,10462,5.031814866,8594.339791,9.127549175,1708,1.559970342,31.95,0.004139046,43.28200331,0.092870289,10457,1.902555607,38.05111215,0.972355375,20
"KCAE20150809_104306",21984.27,"2015","08","09",0.548070585,21880.84,2.246118657,23496.64727,9.572637123,10461,6.936256826,23493.10187,15.82845276,3387,1.556700084,103.43,0.011262997,117.7884214,0.298164223,10458,3.216129911,112.5645469,4.090696167,35
"KCAE20150809_105248",13549.88,"2015","08","09",0.547435438,13465.06,1.445104191,15108.56431,8.344497146,10455,3.955286314,15105.23843,13.44338514,3819,1.556286705,84.82,0.010726263,112.1752555,0.297015208,10458,3.055753743,106.951381,4.189902074,35
"KCAE20150809_110229",9275.94,"2015","08","09",0.551087301,9233.04,1.07994437,11290.81839,3.005650198,10455,3.323698619,11287.28051,4.51209052,3396,1.557787417,42.9,0.005377529,56.23281568,0.112509447,10457,1.96172814,51.00493165,1.141892119,26
"KCAE20150809_111211",6349.1,"2015","08","09",0.54957315,5855.97,0.69954179,7303.915828,1.864634892,10441,2.532128982,7300.127855,2.820256101,2883,1.556398761,493.13,0.061357226,641.6125075,3.137663726,10457,8.373811617,636.4096829,36.08301844,76
"KCAE20150809_112153",4205.13,"2015","08","09",0.549013245,4033.82,0.491569922,5139.363533,1.470316216,10455,2.29047604,5135.247282,2.442005788,2242,1.557634721,171.31,0.025215705,263.3276108,0.404855544,10443,1.941055417,258.1603704,3.036471823,133
"KCAE20150809_113134",4389.85,"2015","08","09",0.551509994,4234.6,0.541909389,5665.662666,1.525313035,10455,2.308993338,5661.651664,2.41709737,2452,1.557272355,155.25,0.023328703,243.9715804,0.225050064,10458,1.474144177,238.8113566,1.066915851,162
"KCAE20150809_114115",4957.42,"2015","08","09",0.549221307,4732.43,0.625828823,6543.04034,1.717570776,10455,2.454630477,6539.13559,2.662903238,2664,1.557298885,224.99,0.032942072,344.6399575,0.816005823,10462,2.278330293,339.4712136,6.474243173,149
"KCAE20150809_115056",6096.87,"2015","08","09",0.552002309,5990,0.769498335,8045.874589,2.261667171,10456,2.757920314,8042.095637,3.586261099,2916,1.557362193,106.87,0.016432064,171.7808005,0.180983288,10454,1.423931864,166.6000281,0.964814292,117
"KCAE20150809_120037",5756.6,"2015","08","09",0.551006024,5603.76,0.748036936,7819.978124,1.872651109,10454,2.58474018,7816.254303,2.716232934,3024,1.55806834,152.84,0.023339201,244.0113473,0.237269942,10455,1.483553577,238.8521259,1.224417258,161
"KCAE20150809_121019",5371.76,"2015","08","09",0.548428819,5171.1,0.704066711,7359.609334,1.684960125,10453,2.501987726,7355.843915,2.365942862,2940,1.558259689,200.66,0.029651771,309.890659,0.297171368,10451,1.712033497,304.7419625,1.522534806,178
"KCAE20150809_122001",6138.46,"2015","08","09",0.551410928,5975.2,0.804176343,8414.097073,2.010853623,10463,2.729762191,8410.397309,2.911657393,3081,1.555687743,163.26,0.023903922,250.082833,0.237851171,10462,1.632763935,244.9145902,1.15246946,150
"KCAE20150809_122942",6276.32,"2015","08","09",0.54841401,6085.75,0.820241789,8578.088629,1.781454121,10458,2.62698624,8574.483088,2.32885991,3264,1.556595215,190.57,0.026880643,280.9833592,0.286160081,10453,1.838797514,275.8196271,1.546294758,150
"KCAE20150809_123924",6063.07,"2015","08","09",0.551088581,5968.06,0.838918469,8765.859083,2.364136131,10449,2.748500616,8762.219963,3.615771127,3188,1.557690534,95.01,0.013363698,139.7308267,0.167649988,10456,1.478417813,134.536021,1.037185915,91
"KCAE20150809_124905",6079.2,"2015","08","09",0.55136564,5995.61,0.852341912,8912.939369,2.343465414,10457,2.799024107,8909.293733,3.549157265,3183,1.556300625,83.59,0.012425573,129.9466442,0.19794263,10458,1.88997434,124.7383065,1.643535349,66
"KCAE20150809_125846",6853.33,"2015","08","09",0.550893235,6804.87,0.950646395,9941.859996,2.522213831,10458,2.99165669,9938.283524,3.731508433,3322,1.55681593,48.46,0.006533638,68.29611725,0.109702796,10453,1.538481848,63.07775577,0.854200561,41
"KCAE20150810_100305",286.29,"2015","08","10",0.562572459,256.07,0.037587951,393.8089623,0.404317516,10477,2.286136621,388.6432255,2.227913153,170,0.938814119,30.22,0.004117177,43.09449045,0.093273786,10467,1.802813743,37.85908861,1.071823428,21
"KCAE20150810_100725",360.4,"2015","08","10",0.562256857,338.84,0.052156988,545.9271938,0.544694691,10467,2.46936542,540.791027,2.872075588,219,0.936192554,21.56,0.003074707,32.14913218,0.062818321,10456,1.345937111,26.91874221,0.519220222,20
"KCAE20150810_101146",428.49,"2015","08","10",0.563925796,411.99,0.055680576,582.2517826,1.088348036,10457,3.037400491,577.1060933,7.511776409,190,0.943725271,16.5,0.00223674,23.42314651,0.05115095,10472,1.398556095,18.18122923,0.410165185,13
"KCAE20150810_101608",1424.87,"2015","08","10",0.563705577,1391.56,0.172761824,1807.606966,3.681096403,10463,5.988418278,1802.513902,20.91913801,301,0.9459627,33.31,0.004857551,50.82455698,0.098459229,10463,1.688672852,45.59416701,0.974118072,27
"KCAE20150810_102028",1436.84,"2015","08","10",0.562115289,1413.69,0.165775802,1731.030926,1.582250436,10442,5.061491007,1725.968433,7.213182781,341,0.94247188,23.15,0.003064772,32.06977517,0.09469965,10464,2.235947184,26.8313662,1.756405844,12
"KCAE20150810_102449",2403.79,"2015","08","10",0.55982306,2384.73,0.263658642,2759.715003,2.151208481,10467,7.287456417,2754.658525,8.783673777,378,0.939521189,19.06,0.002333579,24.43957722,0.069928833,10473,1.91956552,19.1956552,1.265596129,10
"KCAE20150810_102909",2173.7,"2015","08","10",0.560298011,2128.49,0.229035455,2397.085074,1.781010351,10466,6.165036365,2392.03411,7.006271716,388,0.936488714,45.21,0.004844637,50.71850956,0.142644736,10469,2.526700099,45.48060178,2.404959257,18
"KCAE20150810_103329",3434.05,"2015","08","10",0.561398321,3386.51,0.364197416,3809.140774,2.337083327,10459,6.319270053,3804.200572,7.573123042,602,0.938597005,47.54,0.005551675,58.05942228,0.131449619,10458,2.78039625,52.82752875,1.376888,19
"KCAE20150810_103749",4272.39,"2015","08","10",0.561282213,4236.03,0.465581655,4872.312022,2.025754989,10465,5.07564936,4867.547736,4.626265321,959,0.939122877,36.36,0.004007397,41.8211967,0.103810574,10436,2.287426608,36.59882573,1.388093152,16
"KCAE20150810_104211",5942.84,"2015","08","10",0.562899923,5876.8,0.65094903,6809.577799,2.761285791,10461,5.262941156,6804.982915,6.118844601,1293,0.941154411,66.04,0.008586858,89.87005774,0.182046532,10466,2.351185414,84.64267489,2.060363314,36
"KCAE20150810_104631",6983.25,"2015","08","10",0.563796429,6798.93,0.77302418,8093.563161,2.760798294,10470,5.077912192,8089.114122,5.315161552,1593,0.94700085,184.32,0.020222374,211.5664776,0.266540825,10462,2.345081378,206.3671613,1.740390313,88
"KCAE20150810_105214",4696.95,"2015","08","10",0.551155778,4646.4,0.532183001,5565.037641,2.519833947,10457,6.789019778,5560.207198,6.215790617,819,0.944551713,50.55,0.005959018,62.34324349,0.171312584,10462,3.005755011,57.10934521,2.745922454,19
"KCAE20150810_105635",9219.5,"2015","08","10",0.560998896,8654.62,0.951601933,9956.611026,3.268326342,10463,5.057090163,9952.35344,6.003702231,1968,0.944551978,564.88,0.065839211,688.1514308,0.607728866,10452,2.732153274,683.0383186,2.861637235,250
"KCAE20150810_110055",9822.44,"2015","08","10",0.560660024,9078.95,0.989898704,10341.47176,3.13019458,10447,4.880688089,10337.29737,5.417610895,2118,0.938624798,743.49,0.08580808,898.3247913,0.658210601,10469,2.844698201,893.235235,2.572442519,314
"KCAE20150810_110517",9347.46,"2015","08","10",0.559248697,8571.18,0.92137157,9646.760338,2.806826382,10470,4.480758114,9642.591462,4.731752873,2152,0.932545752,776.28,0.089979324,941.0037709,0.615108502,10458,2.697222671,935.9362667,2.093710885,347
"KCAE20150810_110938",5734.19,"2015","08","10",0.562695393,4796.03,0.528866261,5532.469957,2.116149885,10461,3.752861701,5527.965286,4.440202803,1473,0.934056452,938.16,0.107806762,1128.521187,0.741584412,10468,2.895539227,1123.46922,2.604364425,388
"KCAE20150810_111358",7108.65,"2015","08","10",0.56246506,6032.59,0.650955427,6805.738991,2.174513626,10455,3.893173814,6801.374653,3.9602214,1747,0.939893905,1076.06,0.121790874,1275.394031,0.719272469,10472,2.785908202,1270.37414,2.113995831,456
"KCAE20150810_111818",6065.86,"2015","08","10",0.563026481,5192.51,0.554450725,5801.772383,1.981938088,10464,3.673839565,5797.318833,3.820468652,1578,0.939482958,873.35,0.099273185,1039.290971,0.777489947,10469,3.08719982,1034.21194,3.113693943,335
"KCAE20150810_112239",4674.69,"2015","08","10",0.56192958,4033.85,0.427725264,4475.717167,1.536417091,10464,3.359233526,4471.139824,2.952441882,1331,0.946911989,640.84,0.073788937,771.8322833,0.523829602,10460,2.653061273,766.7347079,1.760562295,289
"KCAE20150810_112659",3650.17,"2015","08","10",0.563880045,3082.01,0.326552343,3412.798537,1.356832912,10451,3.255095866,3408.085372,2.975234603,1047,0.94586906,568.16,0.065753644,687.585859,0.507267803,10457,2.565707744,682.47826,1.927666884,266
"KCAE20150810_113118",3201.27,"2015","08","10",0.562050917,2705.59,0.289280752,3029.637312,1.181441204,10473,2.954005463,3024.901594,2.531847952,1024,0.939839632,495.68,0.056561479,592.5946131,0.520987401,10477,2.810758003,587.4484226,2.427623956,209
"KCAE20150810_113540",2215.32,"2015","08","10",0.561020958,1783.48,0.19923755,2083.825535,0.921709194,10459,2.739083029,2078.964019,2.180898753,759,0.936745125,431.84,0.050820108,531.7307935,0.615690909,10463,2.686658695,526.5851042,3.636109026,196
"KCAE20150810_114002",1884.07,"2015","08","10",0.562340834,1633.38,0.18007621,1885.577996,0.872575773,10471,2.604836457,1880.691922,2.17551237,722,0.934436468,250.69,0.031648495,331.3913953,0.310801773,10471,1.930344168,326.2281644,1.527780787,169
"KCAE20150810_114423",1570.19,"2015","08","10",0.562610965,1266.63,0.133120356,1393.770131,0.805857427,10470,2.691436654,1388.781314,2.510696798,516,0.938519881,303.56,0.041547875,434.1337488,0.393753531,10449,1.93246895,429.008107,1.913121037,222
"KCAE20150810_114843",1196.41,"2015","08","10",0.561182491,992.63,0.115459923,1208.634471,0.616795048,10468,2.305842267,1203.649663,1.607411496,522,0.938474865,203.78,0.02816327,294.6159657,0.3035058,10461,1.929654828,289.4482242,1.665461538,150
"KCAE20150810_115305",1176.81,"2015","08","10",0.563533544,869.34,0.108453108,1134.961771,0.569262808,10465,2.108181872,1129.985483,1.454505138,536,0.935780563,307.47,0.039582787,413.9567838,0.41328863,10458,2.151634701,408.8105932,2.2097737,190
"KCAE20150810_115725",1288.34,"2015","08","10",0.560063057,1138.77,0.136322167,1427.838381,0.7168466,10474,2.32499293,1422.895673,1.926714472,612,0.934883496,149.57,0.021066205,220.6263654,0.255590801,10473,1.737415958,215.4395788,1.59887602,124
"KCAE20150810_120145",1227.71,"2015","08","10",0.56348459,1100.5,0.131271659,1373.364094,0.704808802,10462,2.359329934,1368.411362,1.926232933,580,0.94622453,127.21,0.01829822,191.5823678,0.207338659,10470,1.775119639,186.3875621,1.086180581,105
"KCAE20150810_120605",1027.55,"2015","08","10",0.563733075,911.19,0.110912545,1160.588869,0.606213108,10464,2.140027938,1155.615087,1.668637917,540,0.94625764,116.36,0.016526242,172.8644915,0.19490067,10460,1.710930504,167.6711894,1.080658708,98
"KCAE20150810_121026",1065.4,"2015","08","10",0.56234378,955.82,0.109407908,1145.281985,0.610301537,10468,2.197101491,1140.295674,1.71219636,519,0.943772219,109.58,0.014475206,151.5843524,0.220570034,10472,1.644725004,146.3805254,1.754416442,89
"KCAE20150810_121446",877.09,"2015","08","10",0.560785157,759.08,0.090244519,944.8601186,0.566912411,10470,2.190740554,939.8276976,1.80275999,429,0.933838679,118.01,0.016354156,170.9663445,0.180516843,10454,1.441604954,165.7845697,0.957071882,115
"KCAE20150810_121910",938.48,"2015","08","10",0.562259218,823.78,0.095333283,997.8534775,0.578430283,10467,2.201404847,992.8335862,1.770893313,451,0.936874512,114.7,0.01643812,172.0084915,0.198390256,10464,1.530446768,166.8186977,1.214601637,109
"KCAE20150810_122330",1078.38,"2015","08","10",0.563311595,938.44,0.101510559,1063.018575,0.635269961,10472,2.335534614,1057.99718,2.030015796,453,0.936044656,139.94,0.021660919,226.7031737,0.19496399,10466,1.411060093,221.5364345,0.759940356,157
"KCAE20150810_122752",881.02,"2015","08","10",0.561712737,743.13,0.084749441,887.665645,0.519188618,10474,2.212070636,882.6161836,1.541621774,399,0.937285375,137.89,0.021594677,225.6859733,0.215773308,10451,1.500147891,220.52174,1.048770203,147
"KCAE20150810_123212",678.79,"2015","08","10",0.562561058,498.65,0.067611352,707.417578,0.417868074,10463,1.814903399,702.3676154,1.246660172,387,0.939310339,180.14,0.028382047,297.2735642,0.263086324,10474,1.718290182,292.109331,1.170112541,170
"KCAE20150810_123632",1261.55,"2015","08","10",0.561924198,1060.91,0.121867404,1273.879971,0.705190953,10453,2.421571914,1268.903683,2.088033945,524,0.94090439,200.64,0.031576286,330.5721393,0.274215849,10469,1.660323688,325.4234429,1.148603778,196
"KCAE20150810_124052",1185.24,"2015","08","10",0.561843814,1026.37,0.119105375,1245.842226,0.692084865,10460,2.43304983,1240.855413,2.04995953,510,0.939605555,158.87,0.023257733,243.4154309,0.230125199,10466,1.643052948,238.2426774,1.081455823,145
"KCAE20150810_124512",1215.33,"2015","08","10",0.564233206,975.22,0.122187179,1279.299768,0.704389521,10470,2.291962227,1274.330998,2.09243175,556,0.945946044,240.11,0.03316624,347.2173651,0.32306854,10469,1.954617964,342.0581437,1.582046951,175
"KCAE20150810_124933",1121.51,"2015","08","10",0.562126616,1005.84,0.12462119,1304.28537,0.664702209,10466,2.247975139,1299.32963,1.798043982,578,0.936578171,115.67,0.018766837,196.3198818,0.191780131,10461,1.437170076,191.1436201,0.928058535,133
"KCAE20150810_125353",711.85,"2015","08","10",0.562227389,632.22,0.07833958,819.9020491,0.477561568,10466,2.027010201,814.8581007,1.411745642,402,0.943917702,79.63,0.01281496,134.1085523,0.152246307,10465,1.328992196,128.912243,0.871642569,97
"KCAE20150810_125814",1762.37,"2015","08","10",0.557024091,910.73,0.101492571,1063.033184,0.639676498,10474,2.356366997,1058.008782,2.059513903,449,0.93191628,851.64,0.108096343,1132.201093,9.772363429,10474,12.95396852,1126.995261,107.0581922,87
"KCAE20150811_100127",33.27,"2015","08","11",0.555607727,23.6,0.002696774,28.22983267,0.076666963,10468,2.089901616,22.98891777,1.164134974,11,0.936067404,9.67,0.001476859,15.44647129,0.04664791,10459,1.458294618,10.20806233,1.146786829,7
"KCAE20150811_100657",77.71,"2015","08","11",0.554791722,42.32,0.006027003,63.06655506,0.152702017,10464,2.628779907,57.83315796,2.096733147,22,0.940887075,35.39,0.00744563,77.9483055,0.248456257,10469,2.79670797,72.71440722,4.211469037,26
"KCAE20150811_101226",101.79,"2015","08","11",0.552101525,54.17,0.010495672,109.9631574,0.212222327,10477,2.27685377,104.7352734,2.282815105,46,0.945022277,47.62,0.009804614,102.6543091,0.199743253,10470,2.029811161,97.43093572,2.168061208,48
"KCAE20150811_101755",252.45,"2015","08","11",0.555100799,113.23,0.024047975,251.517774,0.438773971,10459,3.420999197,246.3119422,4.071222013,72,0.946588137,139.22,0.029931886,313.4766461,0.453774432,10473,3.503088826,308.2718167,3.532735645,88
"KCAE20150811_102324",696.02,"2015","08","11",0.551427225,298.19,0.060398436,632.4924195,0.83047823,10472,4.326321786,627.3166589,5.618676723,145,0.935029922,397.83,0.0905978,947.9247824,3.650281176,10463,6.686181048,942.7515278,30.84337622,141
"KCAE20150811_102846",1180.5,"2015","08","11",0.552752254,580.97,0.130386741,1366.974595,2.056738481,10484,6.948052961,1361.81838,13.4089813,196,0.946744647,599.53,0.136022473,1422.659045,1.827772316,10459,6.847926927,1417.520874,11.10934451,207
"KCAE20150811_103416",1457.82,"2015","08","11",0.554330683,861.54,0.195278899,2043.984239,2.623448952,10467,9.142825456,2038.850077,15.56595613,223,0.943737964,596.28,0.134746756,1411.202777,1.664490351,10473,6.539821387,1406.061598,9.669233232,215
"KCAE20150811_103946",913.39,"2015","08","11",0.557954478,489.81,0.106839933,1119.041459,1.113374549,10474,5.086309517,1113.901784,5.840489608,219,0.937318014,423.58,0.091607502,959.0389391,1.463427808,10469,5.545803571,953.8782142,10.03395389,172
"KCAE20150811_104516",727.64,"2015","08","11",0.553912144,440.44,0.079123342,828.4213906,0.818216194,10470,3.191097932,823.3032666,4.159778693,258,0.938498741,287.2,0.054307489,568.8166384,0.723234752,10474,3.914162321,563.6393743,4.805888629,144
"KCAE20150811_105045",627.59,"2015","08","11",0.553634225,401.67,0.063656057,666.4152624,0.7207233,10469,2.732601738,661.2896205,3.9038747,242,0.944514121,225.92,0.036018626,377.4031636,0.95197092,10478,4.962524171,372.1893128,10.17506185,75
"KCAE20150811_105614",858.76,"2015","08","11",0.554486566,627.98,0.09257939,969.8616906,1.034706009,10476,3.326746888,964.7565974,5.292481358,290,0.945306333,230.78,0.035165196,368.2147715,0.602225016,10471,4.078780288,363.0114456,5.14506465,89
"KCAE20150811_110145",658.69,"2015","08","11",0.552792455,453.14,0.065677168,687.7056215,0.806157167,10471,2.855972693,682.5774737,4.537464565,239,0.947632967,205.55,0.029288839,306.6834314,0.69442841,10471,4.710430873,301.4675758,7.598970553,64
"KCAE20150811_110713",405.2,"2015","08","11",0.557113206,334.69,0.048837915,511.479487,0.488135359,10473,2.355061899,506.3383084,2.49086797,215,0.934550696,70.51,0.011512238,120.5676706,0.163712575,10473,1.671787227,115.3533186,1.145372465,69
"KCAE20150811_111242",215.53,"2015","08","11",0.557976767,170.08,0.024172921,253.1871705,0.27303306,10474,2.137895458,247.9958731,1.493928856,116,0.944161106,45.45,0.008380879,87.78970922,0.136290168,10475,1.618928108,82.5653335,1.110139196,51
"KCAE20150811_111752",235.09,"2015","08","11",0.556335333,153.58,0.020799168,217.684088,0.272587837,10466,2.236697634,212.4862752,1.806755062,95,0.933810632,81.51,0.013242751,138.7707875,0.187275179,10479,1.935556933,133.5534284,1.276594551,69
"KCAE20150811_112303",178.38,"2015","08","11",0.558418607,116.3,0.015860463,166.0749036,0.215477779,10471,2.144860815,160.8645612,1.393655833,75,0.945454376,62.08,0.009667357,101.2945666,0.186470593,10478,2.001399662,96.0671838,1.918590584,48
"KCAE20150811_112812",129.54,"2015","08","11",0.561329914,62.91,0.008463534,88.55395476,0.166362456,10463,2.19287047,83.32907784,1.705065453,38,0.944356135,66.63,0.008882917,92.98637996,0.334233905,10468,3.134070902,87.75398524,5.757728562,28
"KCAE20150811_113322",125.73,"2015","08","11",0.559734946,62.71,0.009081257,95.06259992,0.174127828,10468,2.303479955,89.83571826,1.711344268,39,0.94453204,63.02,0.006934491,72.61798827,0.150876453,10472,2.32358931,67.38408999,1.7142964,29
"KCAE20150811_113831",150.16,"2015","08","11",0.559754362,68.01,0.008400338,88.01874649,0.153986423,10478,1.971151346,82.78835652,1.448103114,42,0.946299638,82.15,0.010973952,114.9521506,0.266471655,10475,2.887401563,109.7212594,3.401821194,38
"KCAE20150811_114340",131.89,"2015","08","11",0.560680344,71.92,0.007988955,83.67631653,0.192503849,10474,3.137576445,78.43941113,2.438081881,25,0.941321427,59.97,0.005901291,61.68619024,0.212717901,10453,3.528456193,56.45529909,4.274754704,16
"KCAE20150811_114902",59.59,"2015","08","11",0.559627363,22.82,0.003714583,38.91396844,0.070821733,10476,1.347042427,33.67606066,0.552210958,25,0.945162953,36.77,0.004397093,46.06394626,0.096904826,10476,1.944001606,40.82403373,0.979895318,21
"KCAE20150811_115424",73.12,"2015","08","11",0.562595048,39.43,0.004885033,51.1853741,0.09590798,10478,1.640998839,45.9479675,0.88648017,28,0.935676817,33.69,0.004361071,45.64733455,0.096091443,10467,1.924377748,40.4119327,0.976399478,21
"KCAE20150811_115934",62.72,"2015","08","11",0.559217798,45.8,0.005537653,57.96815477,0.110679698,10468,1.757892081,52.73676242,1.111593326,30,0.947281356,16.92,0.002125383,22.2655071,0.070429527,10476,1.891064481,17.01958033,1.573964083,9
"KCAE20150811_120445",62.15,"2015","08","11",0.559593778,39.04,0.004155249,43.48052441,0.089453275,10464,1.66294037,38.2476285,0.960546303,23,0.946696769,23.11,0.002757122,28.89464343,0.069746552,10480,1.689229846,23.64921784,0.924205363,14
"KCAE20150811_120954",72.89,"2015","08","11",0.558718339,50.71,0.007767164,81.29890616,0.136341227,10467,1.653826826,76.076034,1.241540288,46,0.938794119,22.18,0.002134599,22.35138206,0.069182113,10471,2.138432504,17.10746003,1.392483912,8
"KCAE20150811_121504",193.35,"2015","08","11",0.559863019,170.98,0.023384593,244.9536143,0.88557343,10475,3.284113215,239.7402647,10.16019211,73,0.943090116,22.37,0.003413812,35.71871697,0.083990335,10463,1.793136184,30.48331513,1.097197113,17
"KCAE20150811_122015",111.2,"2015","08","11",0.559062579,84.63,0.015351605,160.8848193,0.224049008,10480,1.898457005,155.6734744,1.695863634,82,0.943980448,26.57,0.004432161,46.42688815,0.08702366,10475,1.42039608,41.19148631,0.866350183,29
"KCAE20150811_122524",170.68,"2015","08","11",0.559136921,128.2,0.021234195,222.0672155,0.239385715,10458,1.777761838,216.8869443,1.343436189,122,0.940098933,42.48,0.005414642,56.70754524,0.107572022,10473,1.608582792,51.47464933,1.117059108,32
"KCAE20150811_123036",157.75,"2015","08","11",0.558585793,123.93,0.020223936,211.7446059,0.231248703,10470,1.780649253,206.5553133,1.306562031,116,0.941256339,33.82,0.006054876,63.35822745,0.123315088,10464,1.937627995,58.12883985,1.271107408,30
"KCAE20150812_100103",8843.63,"2015","08","12",0.560840514,8735.61,1.557266144,16312.36285,4.940324972,10475,6.210369016,16308.42904,8.275224358,2626,0.935882883,108.02,0.023255507,243.6246915,0.244630543,10476,1.499710332,238.4539428,1.319086168,159
"KCAE20150812_100557",9412.03,"2015","08","12",0.559713113,9265.45,1.60160168,16763.96479,4.6302179,10467,6.072500774,16760.10214,7.359981443,2760,0.937872876,146.58,0.031495448,329.6628511,0.432716378,10467,2.003074794,324.4981167,2.863430144,162
"KCAE20150812_101051",8870.99,"2015","08","12",0.560277544,8764.87,1.498589829,15685.73974,4.647531656,10467,5.98313904,15681.80742,7.709935826,2621,0.939333677,106.12,0.021521891,225.3987622,0.2755137,10473,1.761699814,220.2124768,1.822366858,125
"KCAE20150812_101545",10499.86,"2015","08","12",0.56041711,10324.75,1.607364263,16829.10383,14.83008662,10470,6.767941413,16825.10235,29.85977787,2486,0.943679043,175.11,0.031811424,332.6520588,0.359301301,10457,1.860791778,327.4993528,2.071595833,176
"KCAE20150812_102040",5925.92,"2015","08","12",0.560526324,5806.84,0.944827844,9888.568211,4.375185723,10466,5.328437999,9884.252488,9.202240864,1855,0.948954072,119.08,0.020601333,215.4487451,0.217661158,10458,1.630015366,210.2719822,1.107870203,129
"KCAE20150812_102533",2429.75,"2015","08","12",0.561463388,2383.47,0.377560407,3952.679898,2.049878545,10469,3.979768293,3947.930146,5.480640478,992,0.937273744,46.28,0.007935954,83.01008391,0.117540117,10460,1.414458741,77.79523074,0.806411745,55
"KCAE20150812_103026",1914.61,"2015","08","12",0.56116329,1865.25,0.300141532,3139.180284,2.138468139,10459,4.483960939,3134.288697,7.052106792,699,0.948525655,49.36,0.008937152,93.62560139,0.135907928,10476,1.70002357,88.40122566,0.929192341,52
"KCAE20150812_103522",2257.47,"2015","08","12",0.561905628,2194.73,0.390992893,4094.868566,5.369901478,10473,7.369185209,4089.897791,22.21615115,555,0.947374635,62.74,0.007419338,77.59885948,0.169186322,10459,2.128646546,72.37398257,2.102411289,34
"KCAE20150812_104017",7334.79,"2015","08","12",0.560059137,3179.53,0.442189497,4621.764623,6.021680685,10452,7.81188226,4616.822416,24.17932829,591,0.936756773,4155.26,0.256732694,2688.761501,12.45035895,10473,83.86026891,2683.528605,212.4305304,32
"KCAE20150812_104511",1702.32,"2015","08","12",0.56295039,1608,0.2750945,2879.41413,1.671784231,10467,4.165962352,2874.514023,5.120892977,690,0.946122746,94.32,0.011649705,121.9724063,0.168441828,10470,1.945917453,116.7550472,1.09896647,60
"KCAE20150812_105006",1654.9,"2015","08","12",0.561478341,1499.83,0.244747492,2560.548263,1.405781989,10462,3.569362699,2555.663693,4.126981572,716,0.94013969,155.07,0.016308495,170.8314848,0.251808618,10475,2.471867583,165.615128,1.975362334,67
"KCAE20150812_105500",2102.9,"2015","08","12",0.561007807,1830.26,0.286886644,3003.990054,1.577820687,10471,3.684459569,2999.150089,4.419125611,814,0.937596924,272.64,0.028569511,299.0085062,0.412696978,10466,3.416350962,293.8061827,3.043181542,86
"KCAE20150812_105954",10940.26,"2015","08","12",0.56028778,5658.02,0.654751404,6854.592451,12.51454741,10469,7.341707534,6849.813129,41.35101754,933,0.934923401,5282.24,0.5161671,5401.688703,18.49838311,10465,59.96098761,5396.488885,191.3842945,90
"KCAE20150812_110448",16632.88,"2015","08","12",0.560379962,8800.31,0.87918408,9192.748736,15.61761138,10456,10.54873118,9187.944856,53.18842844,871,0.936878421,7832.57,0.663573895,6944.300814,11.64302879,10465,46.57134608,6939.130567,86.20938103,149
"KCAE20150812_110941",45669.46,"2015","08","12",0.560626341,29167.65,2.274524887,23764.23602,36.20760781,10448,25.30295019,23759.47023,118.3972083,939,0.937160929,16501.81,1.150644406,12017.33017,22.42552011,10444,63.89462764,12012.19,155.0942311,188
"KCAE20150812_111437",72051.14,"2015","08","12",0.561434439,37639.96,2.799744453,29204.13439,37.09938126,10431,17.27796066,29199.75351,90.82455445,1690,0.936336002,34411.18,2.347959789,24526.78796,34.92717481,10446,145.9621236,24521.63676,234.9709116,168
"KCAE20150812_111932",53106.48,"2015","08","12",0.561268404,35769.69,2.655146267,27730.34761,35.07578444,10444,16.85467335,27725.93766,87.03849676,1645,0.933269696,17336.79,1.14878966,12000.25679,21.25658968,10446,83.88176962,11995.09306,162.010088,143
"KCAE20150812_112425",45587.16,"2015","08","12",0.5619949,33069.85,2.462522435,25728.4344,34.18641531,10448,14.27530585,25724.10114,81.30549586,1802,0.940371793,12517.31,0.812401232,8494.467279,18.62098903,10456,69.58432795,8489.28801,158.5408438,122
"KCAE20150812_112919",30637.37,"2015","08","12",0.560092671,19212.17,1.581423544,16541.69027,26.30477339,10460,8.502530933,16537.42267,60.52990226,1945,0.94576898,11425.2,0.7279847,7614.719965,22.07039726,10460,72.47171591,7609.530171,209.1344814,105
"KCAE20150812_113414",9906.96,"2015","08","12",0.562437653,8919.93,0.995160388,10416.34379,8.209531693,10467,5.084045063,10412.12429,17.99420543,2048,0.948630125,987.03,0.066394512,694.95136,2.781855087,10467,12.10059651,689.7340009,36.02909667,57
"KCAE20150812_113907",5411.93,"2015","08","12",0.562197608,5370.25,0.791965589,8282.376127,3.325053446,10458,3.870129383,8278.20675,6.49292667,2139,0.946231107,41.68,0.00725094,75.87383929,0.166166224,10464,1.962429412,70.64745882,2.075730635,36
"KCAE20150812_114402",6046.59,"2015","08","12",0.562223822,5989.37,0.847347653,8883.59279,3.285943712,10484,3.987182078,8879.454487,6.190771658,2227,0.938511908,57.22,0.00882809,92.41244681,0.210769475,10468,2.075882588,87.18706871,2.635622313,42
"KCAE20150812_114857",5711.73,"2015","08","12",0.561925321,5692.01,0.779541726,8154.785996,3.256474299,10461,3.855535755,8150.602586,6.374361144,2114,0.947352701,19.72,0.003352284,35.08164733,0.067261001,10465,1.29775001,29.84825024,0.629537794,23
"KCAE20150812_115350",7287.89,"2015","08","12",0.559686813,7262.83,0.92548312,9686.106333,4.080611457,10466,4.324244335,9681.983065,7.947376643,2239,0.938988191,25.06,0.002842757,29.76366198,0.074736315,10470,1.75166059,24.52324827,1.095457458,14
"KCAE20150812_115845",10331.49,"2015","08","12",0.559841472,10276.89,1.20548668,12619.03456,6.343018407,10468,5.316046125,12614.97745,12.47726976,2373,0.946683977,54.6,0.006254346,65.43297285,0.13850193,10462,2.229743854,60.20308407,1.603365122,27
"KCAE20150812_120341",8878.14,"2015","08","12",0.553300984,8601.56,0.977881991,10233.53503,12.68697348,10465,6.507047058,10229.07798,32.18861672,1572,0.933863086,276.58,0.033719811,352.8778216,0.769548094,10465,4.138988058,347.6749969,7.580650051,84
"KCAE20150812_120835",3818.45,"2015","08","12",0.556706502,3429.67,0.391785867,4094.554095,2.696295837,10451,3.632220714,4089.880524,7.466693737,1126,0.935579491,388.78,0.047859675,501.0907948,2.394834638,10470,10.55036001,495.8669203,34.52615851,47
"KCAE20150812_121330",3091.76,"2015","08","12",0.558789884,3020.56,0.384999407,4030.94379,11.18191293,10470,6.390495409,4026.012108,45.19551173,630,0.934914296,71.2,0.008885825,92.89241966,0.478335665,10454,7.968956489,87.65852138,13.01527801,11
"KCAE20150812_121824",5697.39,"2015","08","12",0.559673085,5649.88,0.692853943,7253.487932,14.10908178,10469,4.807027051,7248.996793,36.91850048,1508,0.944408165,47.51,0.005951078,62.30778926,0.272139345,10470,5.187806544,57.06587199,6.925703976,11
"KCAE20150812_122318",4064.62,"2015","08","12",0.554946532,4038.64,0.483654864,5062.899117,1.733491118,10468,3.161534118,5058.454589,3.346701993,1600,0.934811163,25.98,0.00371875,38.91299915,0.103982159,10464,2.405399468,33.67559255,1.575480727,14
"KCAE20150812_122812",4231.07,"2015","08","12",0.554077744,4215.45,0.460038028,4810.157623,1.765904972,10456,3.180459632,4805.674503,3.596510854,1511,0.933472415,15.62,0.001836904,19.215848,0.058052306,10461,1.747117231,13.97693785,1.245807671,8
"KCAE20150812_123307",3534.67,"2015","08","12",0.561320531,3515.05,0.403476343,4222.379933,2.358152119,10465,3.06974064,4217.823639,5.847358369,1374,0.943025286,19.62,0.00243965,25.51873466,0.069320356,10460,1.690194204,20.28233045,1.207450777,12
"KCAE20150812_123802",2683.38,"2015","08","12",0.563016819,2658.78,0.344688128,3612.331579,1.428583259,10480,2.777313456,3607.730179,3.117053401,1299,0.949311844,24.6,0.002752287,28.7779136,0.080854818,10456,1.961959511,23.54351413,1.421738363,12
"KCAE20150812_124256",1898.21,"2015","08","12",0.560993779,1879.46,0.296130214,3096.633649,1.198343869,10457,2.415651761,3092.034254,2.572306285,1280,0.945802554,18.75,0.002304093,24.11464024,0.102813425,10466,1.887422652,18.87422652,2.887725479,10
"KCAE20150812_124752",1559.49,"2015","08","12",0.561458928,1545.96,0.261634138,2739.047795,0.970869061,10469,2.311406399,2734.39377,1.899178008,1183,0.946427442,13.53,0.001652653,17.2933617,0.045327701,10464,1.33927213,12.05344917,0.820090681,9
"KCAE20150812_125246",1116.5,"2015","08","12",0.562578871,1105.82,0.199459589,2087.942981,0.725821007,10468,1.969023449,2083.226809,1.315334174,1058,0.946524146,10.68,0.001607786,16.80457675,0.037398456,10452,1.051970985,11.57168084,0.496845725,11
"KCAE20150812_125740",1121.37,"2015","08","12",0.561368545,1105.04,0.204955969,2143.83944,0.745531965,10460,1.97155835,2139.14081,1.37023207,1085,0.946754938,16.33,0.002250546,23.54746195,0.050135858,10463,1.220737182,18.31105773,0.534168815,15
"KCAE20150813_100633",1443.41,"2015","08","13",0.55093195,1432.13,0.247213385,2581.402162,1.494046349,10442,2.934634177,2576.608808,4.322105729,878,1.553940956,11.28,0.00142967,14.9529214,0.044113003,10459,1.619001875,9.714011247,0.963594138,6
"KCAE20150813_101614",2348.65,"2015","08","13",0.548312296,2344.08,0.367040554,3835.206751,2.881920025,10449,3.330909749,3830.546211,8.102044358,1150,1.556797569,4.57,0.000501187,5.241917277,0,10459,NA,0,NA,0
"KCAE20150813_102555",1189.07,"2015","08","13",0.551557689,1183.99,0.171673808,1795.364679,1.056690695,10458,2.561478673,1790.473593,3.255630119,699,1.55773323,5.08,0.000624369,6.530273011,0.009537833,10459,0.644679054,1.289358109,0.348705302,2
"KCAE20150813_103535",879.36,"2015","08","13",0.548494348,874.78,0.129600733,1355.753267,0.833667287,10461,2.154425187,1350.824592,2.691593113,627,1.557425414,4.58,0.000501187,5.243922025,0,10463,NA,0,NA,0
"KCAE20150813_104516",7381.09,"2015","08","13",0.548318103,7372.28,0.941175033,9847.514369,2.606325558,10463,3.069497273,9843.877754,3.953888184,3207,1.556526786,8.81,0.0011461,11.99050086,0.030596304,10462,1.125014524,6.750087144,0.66484071,6
"KCAE20150813_105457",25548.86,"2015","08","13",0.551269811,25532.4,2.93696267,30723.56649,6.951668092,10461,5.123637206,30721.32869,8.550646189,5996,1.557188242,16.46,0.001750791,18.29927062,0.050571474,10452,1.633108893,13.06487115,0.880033924,8
"KCAE20150813_110438",27914.12,"2015","08","13",0.550932799,27859.21,3.226768355,33758.45053,6.460241129,10462,5.182937408,33756.47134,7.543484496,6513,1.554486333,54.91,0.006985138,73.00866604,0.393230921,10452,6.161433648,67.77577013,10.94968216,11
"KCAE20150813_111419",27732.92,"2015","08","13",0.550362159,27708.61,3.145994356,32844.18108,7.373337735,10440,5.18014609,32842.12621,8.887727714,6340,1.556878507,24.31,0.004024031,42.06722236,0.060111372,10454,0.784071634,36.85136682,0.443385797,47
"KCAE20150813_112400",20823.81,"2015","08","13",0.551033348,20797.36,2.351090504,24597.10885,4.508015819,10462,3.896550844,24595.02893,5.259617818,6312,1.55537858,26.45,0.004494676,46.98734291,0.068186523,10454,0.773611031,41.77499568,0.557812124,54
"KCAE20150813_113341",18375.49,"2015","08","13",0.548118552,18334.28,2.045541167,21392.26952,4.247680343,10458,3.629727067,21389.9816,5.125585239,5893,1.555088901,41.21,0.007629842,79.78526008,0.080298254,10457,0.690726606,74.59847339,0.392658042,108
"KCAE20150813_114323",15671.15,"2015","08","13",0.551117702,15579.94,1.818682519,19023.41915,3.496434637,10460,3.475410145,19020.91973,4.196252707,5473,1.55770348,91.21,0.017600031,184.1139198,0.151554354,10461,0.886001188,178.97224,0.649994456,202
"KCAE20150813_115305",18995.68,"2015","08","13",0.551612841,18794.45,2.258483581,23619.22129,6.809909692,10458,4.488997648,23616.61662,9.065359436,5261,1.556825931,201.23,0.035692811,373.3111074,0.236246068,10459,1.000689204,368.253627,0.789057648,368
"KCAE20150813_120245",10187.39,"2015","08","13",0.551030885,9977.8,1.290120567,13485.63029,3.569000357,10453,3.0586662,13482.60061,4.97997846,4408,1.555538965,209.59,0.039395879,412.2384788,0.268308458,10464,1.118616724,407.1764877,0.930044763,364
"KCAE20150813_121227",16647.17,"2015","08","13",0.551090728,16350.41,2.157379466,22525.199,6.599002776,10441,4.309717817,22522.58531,8.816669708,5226,1.55790383,296.76,0.059407429,621.1640823,0.364357761,10456,1.247310233,616.1712551,1.15380363,494
"KCAE20150813_122209",34371.11,"2015","08","13",0.551596905,33968.77,4.17619836,43657.97765,12.97311832,10454,7.579101576,43655.62508,16.72382049,5760,1.556044318,402.34,0.071506595,747.6729587,0.430275919,10456,1.215611736,742.7387704,1.334406156,611
"KCAE20150813_123150",89197.48,"2015","08","13",0.552211175,88713.49,10.9451062,114212.1832,49.46989449,10435,17.29148579,114210.2637,61.29287867,6605,1.556652086,483.99,0.087143921,911.4382675,0.530769476,10459,1.345006158,906.5341504,1.638285552,674
"KCAE20150813_124132",39544.69,"2015","08","13",0.550539239,39274.23,4.745373867,49636.61064,13.99596632,10460,7.591716884,49634.64499,17.08223682,6538,1.561171832,270.46,0.052234571,546.1646719,0.317432091,10456,1.153857815,541.159315,0.988808977,469
"KCAE20150813_125114",30831.54,"2015","08","13",0.551155086,30685.75,3.504428618,36607.26135,8.303152063,10446,5.656817977,36605.26913,9.956015085,6471,1.556855124,145.79,0.028178619,294.5792876,0.197574561,10454,0.933855627,289.4952443,0.687361102,310
"KCAE20150814_100220",4440.06,"2015","08","14",0.552215766,4415.34,0.597068495,6247.127663,3.342480089,10463,3.676522236,6242.734757,7.586145733,1698,1.556486987,24.72,0.002745243,28.71524004,0.070647124,10460,1.806102847,23.47933701,0.90697051,13
"KCAE20150814_101202",5437.56,"2015","08","14",0.547989093,5400.52,0.738012006,7715.177511,4.035505649,10454,3.991152378,7710.906394,8.669929673,1932,1.556238233,37.04,0.004756643,49.72594311,0.092261689,10454,1.348577907,44.50307095,0.955187812,33
"KCAE20150814_102144",5868.08,"2015","08","14",0.551571514,5849.51,0.688409816,7198.013032,5.895042428,10456,4.653006115,7193.547454,14.72093717,1546,1.557010311,18.57,0.002587585,27.0428559,0.064935187,10451,1.557997482,21.81196474,0.88350759,14
"KCAE20150814_103125",4951.07,"2015","08","14",0.551197623,4937.29,0.570293965,5964.134284,2.927447912,10458,4.908979662,5959.50131,7.250222004,1214,1.557853872,13.78,0.001767601,18.49264274,0.053301799,10462,1.656653925,13.2532314,1.055231922,8
"KCAE20150814_104107",9008.33,"2015","08","14",0.550769521,8994.13,1.066351003,11154.03149,3.217183884,10460,3.612029878,11150.33623,5.087448482,3087,1.556790479,14.2,0.001585113,16.57869866,0.056555195,10459,1.889964751,11.33978851,1.551880324,6
"KCAE20150814_105049",23932.87,"2015","08","14",0.551880688,23837.33,2.882675108,30141.25092,8.660734729,10456,5.474799191,30138.76955,11.32641819,5505,1.556114124,95.54,0.011857473,124.0291631,0.450910904,10460,5.399898673,118.7977708,8.413432378,22
"KCAE20150814_110030",38605.05,"2015","08","14",0.552196391,38532.83,4.593072718,48038.94755,15.24283529,10459,6.937778142,48037.17586,18.29520614,6924,1.556725917,72.22,0.008163869,85.35324553,0.135101208,10455,1.821258756,80.13538524,1.029301535,44
"KCAE20150814_111012",24548.05,"2015","08","14",0.548187609,24450.15,3.040346289,31780.73976,7.007500772,10453,4.934585171,31778.7285,8.388158367,6440,1.556699179,97.9,0.012937209,135.2714613,0.177446556,10456,1.667565899,130.0701402,1.217013654,78
"KCAE20150814_111954",24208.16,"2015","08","14",0.548873443,24063.18,2.93168778,30647.86406,9.734985269,10454,5.07798663,30645.64931,12.38043201,6035,1.555657805,144.98,0.020885512,218.1909485,0.20401837,10447,1.401521223,213.0312259,0.965585616,152
"KCAE20150814_112937",20944.73,"2015","08","14",0.550577447,20701.82,2.485657062,25970.14498,13.03385278,10448,4.805258511,25967.617,17.81369588,5404,1.557011571,242.91,0.027651248,288.6790286,0.335226537,10440,2.054462302,283.5157977,2.090313028,138
"KCAE20150814_113918",18904.57,"2015","08","14",0.551073693,18821.74,2.298216257,24016.35988,10.71499011,10450,4.525778699,24013.78177,14.69882375,5306,1.556871939,82.83,0.011673549,122.0352811,0.253470469,10454,1.693194951,116.8304516,2.64347713,69
"KCAE20150814_114900",24385.54,"2015","08","14",0.551413892,24349.51,2.781834592,29097.98983,6.962468123,10460,4.811605439,29095.77809,8.607654163,6047,1.557813205,36.03,0.005467676,57.17002318,0.087964013,10456,1.154492509,51.9521629,0.694604259,45
"KCAE20150814_115842",28445.37,"2015","08","14",0.548769295,28233.53,3.208617723,33568.55862,9.255976922,10462,5.465949029,33566.39299,11.55966584,6141,1.556112123,211.84,0.018545719,193.8769416,0.308619813,10454,2.418931063,188.6766229,2.655075152,78
"KCAE20150814_120823",38851.16,"2015","08","14",0.551690913,38584.9,4.115941378,43052.74681,11.05781454,10460,6.994409293,43050.5892,13.69953652,6155,1.558149983,266.26,0.023304571,243.7425095,0.347298715,10459,2.484882356,238.5487062,2.664224043,96
"KCAE20150814_121805",48130.96,"2015","08","14",0.551172895,47255.41,5.093362883,53169.61514,16.97588401,10439,8.878988703,53167.38435,21.65203445,5988,1.555669734,875.55,0.077394488,809.6237374,1.025377435,10461,3.867716657,804.4850647,6.196761614,208
"KCAE20150814_122747",50749.04,"2015","08","14",0.551507789,50166.38,5.898771749,61689.35495,24.40561759,10458,10.76561699,61686.98533,32.16822676,5730,1.55901848,582.66,0.05872948,614.1341694,0.573723876,10457,2.647863163,609.0085276,2.85392656,230
"KCAE20150814_123728",28111.16,"2015","08","14",0.551162607,26764.19,3.147895603,32917.54432,11.57099427,10457,6.018475845,32915.0444,15.45135702,5469,1.55529962,1346.97,0.106081799,1109.191287,1.005399069,10456,4.014868,1104.0887,4.777185503,275
"KCAE20150814_124710",27889.38,"2015","08","14",0.551788461,26837.69,2.960310365,30950.04487,18.06287117,10455,5.549148301,30947.60008,24.44024505,5577,1.556168368,1051.69,0.082084591,858.5227345,0.735734832,10459,3.585714705,853.4000998,3.357336633,238
"KCAE20150814_125651",22422.21,"2015","08","14",0.551569877,20710.18,2.345917886,24486.6909,11.79001584,10438,4.743131854,24484.04663,16.4236114,5162,1.556070586,1712.03,0.130227634,1361.660146,0.997385154,10456,4.123357516,1356.584623,3.898105735,329
"KCAE20150815_100002",673.5,"2015","08","15",0.557451606,653.61,0.078283875,818.5361954,0.566434305,10456,2.510673353,813.4581664,2.064150648,324,1.510661891,19.89,0.001656131,17.31319601,0.092483603,10454,6.037393521,12.07478704,4.066027843,2
"KCAE20150815_100550",610.47,"2015","08","15",0.557616249,604.68,0.074871882,783.6091198,0.592854555,10466,2.519477544,778.5185611,2.400899133,309,1.503577572,5.79,0.000728585,7.625367079,0.016476224,10466,1.190471933,2.380943866,0.096807838,2
"KCAE20150815_101138",715.64,"2015","08","15",0.557613116,688.45,0.078340689,819.6786253,0.850601744,10463,3.062285786,814.5680191,4.403803075,266,1.511367515,27.19,0.003878509,40.59247455,0.153052292,10466,3.535206083,35.35206083,3.656359157,10
"KCAE20150815_101726",405.71,"2015","08","15",0.554640994,398.89,0.054376724,568.7805363,0.46447994,10460,2.494032682,563.6513862,1.979452696,226,1.505695854,6.82,0.000787598,8.239849201,0.020748093,10462,1.498715369,2.997430737,0.121873847,2
"KCAE20150815_102314",510.09,"2015","08","15",0.554264561,505.51,0.071647009,749.2127764,0.563858346,10457,2.715726959,744.1091868,2.229686642,274,1.504417277,4.58,0.000501187,5.2449244,0,10465,NA,0,NA,0
"KCAE20150815_102902",422.55,"2015","08","15",0.555512093,414.38,0.045526437,476.479694,0.733289282,10466,3.960453023,471.2939097,5.661586866,119,1.505576842,8.17,0.001021804,10.69216083,0.027188032,10464,1.362435592,5.449742366,0.325325582,4
"KCAE20150815_103450",207.41,"2015","08","15",0.558328218,192.25,0.022976868,240.4759033,0.407031515,10466,3.222836498,235.2670644,3.691357673,73,1.506661962,15.16,0.001909667,19.97894121,0.063387331,10462,1.842441234,14.73952987,1.459482484,8
"KCAE20150815_104039",979.91,"2015","08","15",0.556281432,972.93,0.108215001,1132.25356,1.821789997,10463,5.266901363,1127.116892,11.64994895,214,1.505644497,6.98,0.000812199,8.495603816,0.023059951,10460,1.627093863,3.254187727,0.520668817,2
"KCAE20150815_104627",3296.15,"2015","08","15",0.557446971,3285.77,0.380808086,3985.156618,3.120438329,10465,5.467412854,3980.276558,10.59736716,728,1.5129322,10.38,0.00111481,11.66983547,0.050886613,10468,3.21220494,6.424409881,2.545114039,2
"KCAE20150815_105216",4515.81,"2015","08","15",0.557845612,4511.24,0.530860957,5555.990781,2.680854311,10466,4.572779075,5551.353797,6.596114534,1214,1.504817372,4.57,0.000501187,5.242418464,0,10460,NA,0,NA,0
"KCAE20150815_105805",4998.03,"2015","08","15",0.559014921,4986.36,0.593308024,6205.408624,3.212812181,10459,4.198312092,6200.90696,7.615308056,1477,1.505782501,11.67,0.001249253,13.07467848,0.056196061,10466,3.915127634,7.830255268,1.551031233,2
"KCAE20150815_110355",4250.17,"2015","08","15",0.555824081,4241.75,0.505980692,5293.06402,2.008434059,10461,3.644761077,5288.548323,4.201503504,1451,1.504645166,8.42,0.001050094,10.98503137,0.028521694,10461,1.436029117,5.744116469,0.29959094,4
"KCAE20150815_110943",3513.8,"2015","08","15",0.558959366,3495.34,0.432676167,4527.523408,1.942565384,10464,3.387976082,4522.94807,4.424789647,1335,1.506109188,18.46,0.002378343,24.87270727,0.077529164,10458,1.963630306,19.63630306,1.644949427,10
"KCAE20150815_111532",3754.83,"2015","08","15",0.557663568,3738.61,0.447721611,4682.272604,1.735782278,10458,3.190836241,4677.765929,3.570516557,1466,1.505819307,16.22,0.002422389,25.35029922,0.058022641,10465,1.436599389,20.11239144,0.701301966,14
"KCAE20150815_112121",3108.66,"2015","08","15",0.559122927,3084.62,0.358204693,3747.537493,1.548325428,10462,3.052943334,3742.908528,3.498544599,1226,1.505449077,24.04,0.003896592,40.76614588,0.135588255,10462,2.733018498,35.52924047,2.819145947,13
"KCAE20150815_112710",2852.46,"2015","08","15",0.558953329,2839.58,0.318477876,3332.552496,1.487636769,10464,3.067144573,3327.851861,3.594996895,1085,1.505630865,12.88,0.001689216,17.67764804,0.048484811,10465,1.554591642,12.43673313,0.869459867,8
"KCAE20150815_113258",3224.88,"2015","08","15",0.558399498,3181.87,0.336625038,3522.444402,1.46834343,10464,3.269274401,3517.739256,3.374852696,1076,1.504170821,43.01,0.005994615,62.715665,0.126388232,10462,1.854444547,57.48778097,1.424421434,31
"KCAE20150815_113847",3089.84,"2015","08","15",0.556017174,3081.22,0.337087993,3525.940408,1.867734724,10460,3.425304679,3521.21321,4.99394399,1028,1.505168986,8.62,0.001194561,12.48913514,0.031445571,10455,1.208704957,7.252229739,0.562788389,6
"KCAE20150815_114435",2998.95,"2015","08","15",0.556382083,2989.54,0.318083267,3328.423303,1.501074779,10464,3.483917204,3323.657013,3.70117616,954,1.508802101,9.41,0.001300867,13.60966972,0.041319666,10462,1.673750964,8.368754819,0.983372613,5
"KCAE20150815_115024",3271.17,"2015","08","15",0.557961954,3261.8,0.33122378,3463.607064,1.625722897,10457,3.479742786,3458.864329,4.10661226,994,1.506081178,9.37,0.001540056,16.10436045,0.036734126,10457,1.086845742,10.86845742,0.50762254,10
"KCAE20150815_115612",3140.58,"2015","08","15",0.555929189,3121.8,0.299639042,3137.220765,1.340407246,10470,3.390082718,3132.436431,3.145165513,924,1.511018302,18.78,0.00202837,21.21066324,0.071054134,10457,1.99671973,15.97375784,1.729342702,8
"KCAE20150815_120200",2847.06,"2015","08","15",0.559613398,2834.68,0.285839032,2990.733795,1.326582552,10463,3.29211075,2985.94445,3.227239257,907,1.507286407,12.38,0.001267341,13.2563859,0.055767557,10460,4.007484907,8.014969814,0.649620435,2
"KCAE20150815_120749",2976.46,"2015","08","15",0.558388132,2965.59,0.313381301,3279.535311,1.358839681,10465,3.304527813,3274.787063,3.102185793,991,1.511242252,10.87,0.001617903,16.92811941,0.058526604,10463,1.947867418,11.68720451,1.618381164,6
"KCAE20150815_121338",2827.47,"2015","08","15",0.556889606,2817.72,0.303344606,3171.16451,1.449370699,10454,3.423122916,3166.388697,3.615948281,925,1.509571537,9.75,0.001332104,13.93247374,0.030360209,10459,1.086820745,8.694565958,0.171581074,8
"KCAE20150815_121927",1665.35,"2015","08","15",0.55551399,1656.76,0.198189269,2074.843457,0.991385781,10469,2.801037761,2069.966906,2.57715187,739,1.508231888,8.59,0.000892678,9.339198088,0.029029733,10462,2.048389812,4.096779624,0.655483205,2
"KCAE20150815_122516",1363.66,"2015","08","15",0.556309425,1355.67,0.167456264,1751.592518,0.965300972,10460,2.591525074,1746.6879,2.861977465,674,1.503096551,7.99,0.001083652,11.33716225,0.025117182,10462,1.016124756,6.096748536,0.287806499,6
"KCAE20150815_123103",1614.26,"2015","08","15",0.558542906,1601.35,0.179916418,1882.465481,1.118741273,10463,2.806512485,1877.556853,3.495794845,669,1.50677338,12.91,0.00151307,15.83125473,0.049959609,10463,2.117967728,10.58983864,0.962438377,5
"KCAE20150815_123652",1433.1,"2015","08","15",0.556790647,1425.52,0.160381552,1678.553324,0.890894435,10466,2.53198061,1673.639183,2.563609171,661,1.506722166,7.58,0.000905947,9.474397168,0.029315919,10458,2.116991727,4.233983454,0.172151385,2
"KCAE20150815_124242",1588.49,"2015","08","15",0.556886632,1577.12,0.180923394,1893.363323,1.346760395,10465,2.861286639,1888.449182,4.595699438,660,1.504685116,11.37,0.001842608,19.27736017,0.047580213,10462,1.169996132,14.03995358,0.814003478,12
"KCAE20150815_124830",2126.79,"2015","08","15",0.558249232,2119.44,0.219386158,2294.340442,1.888562073,10458,3.224584323,2289.454869,6.549953168,710,1.506182119,7.35,0.000948414,9.92420898,0.02409703,10464,1.170447629,4.681790517,0.44814853,4
"KCAE20150815_125419",2067.16,"2015","08","15",0.556568328,2059.44,0.227554173,2380.216648,1.430153643,10460,3.053167292,2375.364153,4.346842652,778,1.509374534,7.72,0.001017291,10.64391845,0.037869662,10463,2.700499399,5.400998799,0.653053079,2
"KCAE20150816_100537",485.15,"2015","08","16",0.547918437,480.58,0.081932947,857.1824889,0.566856232,10462,1.771684281,852.1801391,2.000950804,481,1.557999314,4.57,0.000501187,5.23941134,0,10454,NA,0,NA,0
"KCAE20150816_101518",536.64,"2015","08","16",0.551440269,532.06,0.090310801,944.8316034,0.59818729,10462,1.810883042,939.8482988,2.026184635,519,1.557498372,4.58,0.000501187,5.244423213,0,10464,NA,0,NA,0
"KCAE20150816_102458",730.6,"2015","08","16",0.551417182,726.03,0.110323709,1153.765351,0.690682596,10458,2.155330333,1148.791068,2.22751667,533,1.557906925,4.57,0.000501187,5.240914902,0,10457,NA,0,NA,0
"KCAE20150816_103439",386.22,"2015","08","16",0.551218775,381.64,0.045380514,474.816314,0.478944594,10463,2.446190729,469.6686199,2.581146164,192,1.557506527,4.58,0.000501187,5.243922025,0,10463,NA,0,NA,0
"KCAE20150816_104420",1070.09,"2015","08","16",0.551557785,1059.8,0.11634753,1216.99516,0.92181336,10460,3.39476657,1211.931665,3.715589709,357,1.558351273,10.29,0.001119178,11.70100839,0.047837515,10455,3.231049118,6.462098236,1.747666457,2
"KCAE20150816_105400",2203.35,"2015","08","16",0.552064827,2194.25,0.236283711,2471.291329,1.36242667,10459,3.31508373,2466.422295,3.988498586,744,1.558763289,9.1,0.000938454,9.816231294,0.033856382,10460,2.287407602,4.574815205,1.237253101,2
"KCAE20150816_110340",2548.52,"2015","08","16",0.548260251,2531.08,0.273758985,2864.066503,1.516745584,10462,3.223526082,2859.267635,4.200511609,887,1.558402084,17.44,0.001834333,19.18528429,0.061642874,10459,2.32439569,13.94637414,1.212801909,6
"KCAE20150816_111320",1950.07,"2015","08","16",0.551111844,1938.39,0.20895637,2186.101545,0.98133141,10462,2.65361326,2181.2701,2.403461709,822,1.556714815,11.68,0.001536351,16.07483573,0.043294923,10463,1.3543654,10.8349232,0.841607704,8
"KCAE20150816_112302",1934.36,"2015","08","16",0.551261705,1929.79,0.203544372,2128.667042,1.026451118,10458,2.729840038,2123.815549,2.697325546,778,1.557889162,4.57,0.000501187,5.242418464,0,10460,NA,0,NA,0
"KCAE20150816_113242",1574.73,"2015","08","16",0.551605006,1564.52,0.171019185,1788.689653,1.561308128,10459,2.566613037,1783.79606,5.529704061,695,1.558247259,10.21,0.001318267,13.77061981,0.038583215,10446,1.423037516,8.538225094,0.826367585,6
"KCAE20150816_114222",1599.34,"2015","08","16",0.552037778,1589.9,0.166425815,1740.647601,0.968644919,10459,2.579112902,1735.742983,2.893308148,673,1.557358497,9.44,0.001345377,14.06995154,0.038452636,10458,1.471923762,8.831542574,0.704091067,6
"KCAE20150816_115202",1268.31,"2015","08","16",0.551542846,1256.19,0.126837886,1325.455906,0.742495528,10450,2.427373428,1320.491145,2.239491535,544,1.557781639,12.12,0.001142342,11.94546959,0.048852044,10457,3.35277853,6.70555706,1.575515072,2
"KCAE20150816_120143",1189.88,"2015","08","16",0.551206092,1182.93,0.117526169,1229.558778,0.709728488,10462,2.478872357,1224.562944,2.196403693,494,1.558437213,6.95,0.000835871,8.744879597,0.019792591,10462,1.167654107,3.50296232,0.079043269,3
"KCAE20150816_121124",1411.36,"2015","08","16",0.551906228,1405.09,0.147672028,1544.649416,0.778685174,10460,2.387178702,1539.730263,2.119968903,645,1.557832281,6.27,0.000804188,8.4102001,0.021909504,10458,1.584893192,3.169786385,0,2
"KCAE20150816_122104",1539.26,"2015","08","16",0.548821995,1534.69,0.151708934,1586.116909,0.876072401,10455,2.525863802,1581.19074,2.61387926,626,1.556914128,4.57,0.000501187,5.241416089,0,10458,NA,0,NA,0
"KCAE20150816_123045",1742.25,"2015","08","16",0.552878327,1733.23,0.177078523,1852.772582,0.872468849,10463,2.333239394,1847.9256,2.243159342,792,1.55816487,9.02,0.001099565,11.50145117,0.03195809,10460,1.565259364,6.261037457,0.545237963,4
"KCAE20150816_124026",1713.82,"2015","08","16",0.551555179,1708.23,0.176107607,1841.205028,0.906983112,10455,2.298329867,1836.365564,2.42773406,799,1.557793195,5.59,0.000752236,7.866132187,0.020457394,10457,1.31310983,2.626219659,0.964709296,2
"KCAE20150816_125006",4719.83,"2015","08","16",0.548730553,4704.9,0.539422037,5644.512193,2.344655142,10464,3.897714574,5639.992988,5.165388206,1447,1.557040926,14.93,0.002165851,22.64613672,0.059857675,10456,1.339402957,17.41223844,1.087201006,13
"KCAE20150816_125947",4306.63,"2015","08","16",0.55196031,4300.54,0.482367225,5045.078805,2.609154208,10459,3.877298793,5040.488431,6.452579168,1300,1.55676669,6.09,0.000870711,9.099801391,0.02043616,10451,0.96597459,3.863898362,0.460859535,4
"KCAE20150817_100918",5051.85,"2015","08","17",0.550778746,5037.89,0.605857157,6334.842431,1.639640371,10456,0.860735221,6333.289753,1.897687514,7358,1.55751662,13.96,0.001487102,15.55062054,0.028902026,10457,0.344158042,10.32474126,0.423505228,30
"KCAE20150817_101900",5671.88,"2015","08","17",0.551625573,5664.99,0.739311229,7733.934762,1.903687688,10461,0.963458058,7732.714371,2.123154025,8026,1.557910259,6.89,0.000794867,8.316691908,0.007754054,10463,0.154139681,3.082793627,0.091144218,20
"KCAE20150817_102841",4724.49,"2015","08","17",0.549748612,4717.18,0.612655811,6408.379779,1.431002087,10460,0.838279201,6406.967935,1.61665376,7643,1.55713267,7.31,0.000989205,10.34708091,0.007020759,10460,0.064309468,5.144757424,0.049338224,80
"KCAE20150817_103823",6282.66,"2015","08","17",0.551169265,6248.76,0.66238852,6925.271974,4.574462981,10455,1.329998221,6922.640741,6.414720354,5205,1.558988012,33.9,0.005931685,62.02762943,0.039803814,10457,0.11339724,57.03881171,0.144371702,503
"KCAE20150817_104805",16155.97,"2015","08","17",0.551065019,16117.74,1.637105268,17125.7582,6.165584705,10461,2.029238631,17124.7448,6.806483169,8439,1.559328466,38.23,0.006397348,66.87787573,0.028843688,10454,0.112165072,61.91511975,0.062858415,552
"KCAE20150817_105747",23200.39,"2015","08","17",0.55152402,23136.47,2.332605106,24392.05159,6.273724008,10457,2.814255736,24391.15447,6.792209447,8667,1.556618147,63.92,0.008538767,89.33258152,0.040374686,10462,0.129869127,84.41493239,0.102736576,650
"KCAE20150817_110749",13895.69,"2015","08","17",0.556008919,13716.65,1.25652738,13144.53292,7.676444857,10461,8.812902259,13140.03727,18.629187,1491,1.508518029,179.04,0.013255087,138.6216948,0.313478716,10458,4.764082571,133.394312,3.819691905,28
"KCAE20150817_111337",6558.05,"2015","08","17",0.555782428,6548.72,0.633859958,6630.175162,4.251963747,10460,5.931506329,6625.49257,11.7467969,1117,1.506659715,9.33,0.001066817,11.16210475,0.034255647,10463,1.973228764,5.919686291,0.550005547,3
"KCAE20150817_111926",4036.72,"2015","08","17",0.555268778,4025.74,0.39379008,4119.438027,2.816242874,10461,5.162602953,4114.594553,8.920416964,797,1.506131294,10.98,0.001145779,11.98828835,0.038231065,10463,2.248623295,6.745869885,0.258454365,3
"KCAE20150817_112515",2755.06,"2015","08","17",0.554719024,2736.16,0.251893551,2636.066014,1.527742004,10465,4.775131113,2631.097243,4.7717162,551,1.505561177,18.9,0.001888772,19.76033553,0.058627055,10462,2.074346143,14.520423,0.989119717,7
"KCAE20150817_113105",2939.81,"2015","08","17",0.556908956,2928.98,0.279038807,2919.024959,2.354548819,10461,4.989853995,2914.074733,8.713360613,584,1.508201034,10.83,0.001633701,17.08524041,0.051810617,10458,1.974471907,11.84683144,0.969968526,6
"KCAE20150817_113654",1886.19,"2015","08","17",0.554258836,1879.45,0.173063095,1810.759159,1.199268127,10463,4.330273939,1805.724232,4.257629358,417,1.510093311,6.74,0.000865824,9.064309706,0.029220649,10469,1.909191466,3.818382931,1.285790901,2
"KCAE20150817_114243",4208.15,"2015","08","17",0.556000438,4194.19,0.329340848,3446.222637,3.432517617,10464,6.480686147,3441.244344,13.880234,531,1.503686218,13.96,0.001340996,14.0348657,0.045361401,10466,2.197861215,8.791444861,0.861625378,4
"KCAE20150817_114832",3332.88,"2015","08","17",0.554085653,3282.4,0.264343561,2766.091025,1.924024909,10464,5.566724175,2761.095191,6.976674799,496,1.503945534,50.48,0.004265781,44.63713331,0.133321518,10464,3.283227028,39.39872434,2.272538729,12
"KCAE20150817_115421",1864.68,"2015","08","17",0.556358689,1835.66,0.160051969,1675.103909,1.309896312,10466,4.66491036,1670.037909,5.406103944,358,1.505392294,29.02,0.003115623,32.60499048,0.096946499,10465,2.736507795,27.36507795,1.618003161,10
"KCAE20150817_120010",1356.01,"2015","08","17",0.555417705,1343.13,0.111635331,1167.70556,1.072561869,10460,4.559180174,1162.590944,5.197596057,255,1.514816941,12.88,0.001766173,18.47063596,0.047638793,10458,1.65415367,13.23322936,0.517119647,8
"KCAE20150817_120558",1201.54,"2015","08","17",0.555989189,1192.59,0.100503036,1051.864779,0.781141151,10466,4.15375259,1046.745653,2.922191464,252,1.507378715,8.95,0.001248328,13.06125231,0.032363589,10463,1.303389567,7.820337404,0.394626443,6
"KCAE20150817_121146",1526.34,"2015","08","17",0.554735019,1336.56,0.108781149,1138.177158,1.156826379,10463,4.801065747,1133.051516,6.079157896,236,1.505697538,189.78,0.014359444,150.1997864,0.417881325,10460,5.798795904,144.9698976,6.415814176,25
"KCAE20150817_121735",3499.01,"2015","08","17",0.555679855,3485.76,0.294550987,3081.592424,2.730437539,10462,6.330437407,3076.59258,11.06879021,486,1.508405945,13.25,0.001229315,12.86109403,0.058328587,10462,3.809337783,7.618675567,2.565490131,2
"KCAE20150817_122324",1492.26,"2015","08","17",0.555125716,1487.69,0.136233574,1425.003181,0.963155398,10460,3.65967841,1419.955223,3.484937779,388,1.50851962,4.57,0.000501187,5.243420838,0,10462,NA,0,NA,0
"KCAE20150817_122912",1817.06,"2015","08","17",0.553828611,1556.58,0.137629299,1440.42824,1.25182819,10466,4.124589733,1435.357227,5.547128552,348,1.505562806,260.48,0.016725354,175.0642827,0.541038556,10467,8.491418982,169.8283796,9.246556804,20
"KCAE20150817_123501",1892.03,"2015","08","17",0.553617311,1887.45,0.158456567,1657.614149,1.755630427,10461,4.655068031,1652.549151,8.371686904,355,1.505319387,4.58,0.000501187,5.243420838,0,10462,NA,0,NA,0
"KCAE20150817_124049",1000.13,"2015","08","17",0.555180822,995.56,0.090036581,941.8726789,0.725596576,10461,3.369672983,936.7690893,2.965070083,278,1.510393468,4.57,0.000501187,5.241416089,0,10458,NA,0,NA,0
"KCAE20150817_124638",1056.94,"2015","08","17",0.555386402,1052.37,0.105240859,1100.924626,0.775182025,10461,3.002368877,1095.86464,2.923549159,365,1.506021904,4.57,0.000501187,5.240413715,0,10456,NA,0,NA,0
"KCAE20150817_125226",1625.09,"2015","08","17",0.554963938,1619.15,0.163013582,1705.448097,1.067310417,10462,3.340785424,1700.459781,3.580844038,509,1.505817998,5.94,0.000671196,7.018693125,0.017384973,10457,1.77827941,1.77827941,NA,1
"KCAE20150817_125815",855.7,"2015","08","17",0.55466833,851.13,0.09103711,952.4302488,0.691908175,10462,2.553565413,947.3727684,2.689113474,371,1.505551726,4.57,0.000501187,5.243420838,0,10462,NA,0,NA,0
"KCAE20150818_100045",64088.98,"2015","08","18",0.558821441,40189.08,3.301046824,34502.5414,44.58321297,10452,93.48912719,34497.48793,219.0754983,369,0.935252017,23899.9,1.945058449,20343.36631,27.11775844,10459,70.86504612,20338.26824,148.2865505,287
"KCAE20150818_100539",14411.51,"2015","08","18",0.558658515,9187.13,0.752783,7871.851836,12.35450083,10457,30.37351633,7866.740729,72.68182454,259,0.937065486,5224.38,0.429307572,4488.410668,9.452679576,10455,20.10440592,4483.282521,61.72778868,223
"KCAE20150818_101033",1420.1,"2015","08","18",0.560649699,793.26,0.092135356,964.1965002,1.397642315,10465,7.434234333,959.0162289,10.23157738,129,0.935193077,626.84,0.078441981,821.1306525,1.063759189,10468,6.743346018,815.9448682,7.306672523,121
"KCAE20150818_101528",583.36,"2015","08","18",0.559656711,335.78,0.050883752,532.3966939,1.112886977,10463,7.425188115,527.1883562,11.38293478,71,0.934670832,247.58,0.029017705,303.9894741,0.440916757,10476,4.037515195,298.7761245,3.390003004,74
"KCAE20150818_102023",167.48,"2015","08","18",0.560858921,119.99,0.017738619,185.7942981,0.318654328,10474,2.736029415,180.5779414,2.96819309,66,0.936732582,47.49,0.006279739,65.67978878,0.145109506,10459,2.628234731,60.44939881,1.675306047,23
"KCAE20150818_102517",133.96,"2015","08","18",0.560566461,105.75,0.019601655,205.3665419,0.245866115,10477,1.888384237,200.1687291,1.571481497,106,0.934003651,28.21,0.004148494,43.44303255,0.109017574,10472,2.010743284,38.2041224,1.629672513,19
"KCAE20150818_103012",167.13,"2015","08","18",0.559945603,146.42,0.024627461,257.7756317,0.325155824,10467,1.988924061,252.5933557,2.201169089,127,0.941947596,20.71,0.003418563,35.81286219,0.093705687,10476,2.547369915,30.56843898,1.13734522,12
"KCAE20150818_103505",88.59,"2015","08","18",0.560383292,70.45,0.01304581,136.5504946,0.218245711,10467,1.989964335,131.3376461,1.917248045,66,0.941202854,18.14,0.002738235,28.67205543,0.101226529,10471,2.928516676,23.42813341,2.35281914,8
"KCAE20150818_103959",67.36,"2015","08","18",0.559488816,46.55,0.005368149,56.15620894,0.140138663,10461,2.214122461,50.9248166,2.055672539,23,0.936676078,20.81,0.003602691,37.69855749,0.102166265,10464,2.02888458,32.46215327,1.70261478,16
"KCAE20150818_104454",103.41,"2015","08","18",0.557395206,87.73,0.009007532,94.22779395,0.213108102,10461,2.781278509,89.00091229,2.714069541,32,0.943421826,15.68,0.003020469,31.64243009,0.078576852,10476,1.759967363,26.39951044,1.143512434,15
"KCAE20150818_104948",130.39,"2015","08","18",0.562072106,98.77,0.010202785,106.7619474,0.225945048,10464,3.275260032,101.533061,2.599280722,31,0.946897284,31.62,0.005619782,58.78292364,0.098602643,10460,1.487737442,53.55854792,0.798822395,36
"KCAE20150818_105443",982.01,"2015","08","18",0.557794006,872.11,0.09549874,1001.304292,2.878493501,10485,8.30091239,996.1094868,25.71572816,120,0.946854381,109.9,0.016643578,174.2582608,0.34324451,10470,3.073425378,169.0383958,3.643347006,55
"KCAE20150818_105937",4219.45,"2015","08","18",0.561912039,2699.54,0.304624785,3186.984503,8.72919085,10462,16.57206932,3181.83731,62.46911558,192,0.948186224,1519.91,0.174480997,1826.816037,4.758959961,10470,14.45739489,1821.631756,41.0932075,126
"KCAE20150818_110430",13835.27,"2015","08","18",0.56261044,8169.13,0.903306186,9457.615771,17.63236556,10470,29.91305923,9452.526716,97.27402842,316,0.945518145,5666.14,0.621305062,6504.442691,18.14093322,10469,38.91784108,6499.27946,138.7563878,167
"KCAE20150818_110924",16308.19,"2015","08","18",0.556650504,9635.51,1.035577763,10844.57034,20.23790387,10472,25.87000454,10839.5319,98.06071687,419,0.935883257,6672.68,0.706439732,7390.772471,16.71883481,10462,26.56715245,7385.66838,99.33093485,278
"KCAE20150818_111418",26148.85,"2015","08","18",0.561530294,12270.59,1.271244697,13297.21953,21.63477319,10460,31.49807729,13292.18861,103.3144412,422,0.944603296,13878.26,1.411458187,14775.1443,27.79881339,10468,44.08974857,14770.06577,149.4327772,335
"KCAE20150818_111912",47903.43,"2015","08","18",0.561357395,25807.39,2.594587895,27129.01103,37.58015015,10456,66.15603928,27123.97611,178.565545,410,0.944201296,22096.04,2.131239312,22299.15692,33.64913507,10463,56.58403671,22294.11046,164.4776069,394
"KCAE20150818_112406",45561.51,"2015","08","18",0.559194271,21724.85,2.241736835,23423.90819,31.96126938,10449,61.14585702,23418.86324,155.9753418,383,0.936765297,23836.66,2.357064597,24595.96907,32.03681374,10435,61.47734915,24590.93966,152.3023143,400
"KCAE20150818_112900",54340.24,"2015","08","18",0.559201205,28213.92,2.848217897,29706.91267,35.55768706,10430,71.39878313,29701.89378,163.911742,416,0.944629878,26126.32,2.601851626,27137.31246,32.3632789,10430,64.60070376,27132.29558,148.508792,420
"KCAE20150818_113354",68522.4,"2015","08","18",0.560709108,32840.76,3.175216191,33092.10314,36.58088054,10422,81.89871843,33087.08225,167.7486219,404,0.937587277,35681.64,3.399264702,35444.13305,43.506912,10427,72.77033111,35439.15125,188.54235,487
"KCAE20150818_113850",61054.7,"2015","08","18",0.561661914,36038.4,3.574960107,37226.05959,41.3344246,10413,84.02045769,37221.06275,182.9559562,443,0.940914019,25016.3,2.641943539,27513.20002,31.34481208,10414,54.04368518,27508.23576,131.7417069,509
"KCAE20150818_114343",74096.56,"2015","08","18",0.561822603,38395.44,4.036845548,42019.52531,45.24023151,10409,91.33595434,42014.539,196.0059725,460,0.944796241,35701.12,3.829238281,39847.05356,45.53424846,10406,65.52984034,39842.14292,177.4574519,608
"KCAE20150818_114836",79712.04,"2015","08","18",0.562073989,40824.42,4.37663051,45429.42469,49.53553884,10380,90.30710629,45424.47446,207.2603965,503,0.945576385,38887.62,4.03998645,41999.69914,44.67904758,10396,62.49229999,41994.82559,165.126532,672
"KCAE20150818_115331",89600.88,"2015","08","18",0.562189932,46196.76,4.76581474,49350.01164,51.99827909,10355,90.70789428,49345.09449,209.1575944,544,0.943945387,43404.12,4.390622926,45460.50978,49.25594751,10354,70.0395158,45455.64576,184.8164862,649
"KCAE20150818_115825",83511.96,"2015","08","18",0.563095323,40832.49,4.28852666,44291.90334,46.91082643,10328,85.82749165,44286.98569,192.6552686,516,0.946860111,42679.47,4.393914525,45424.28836,46.59994022,10338,67.4880303,45419.44439,170.7026782,673
"KCAE20150818_120319",116718.35,"2015","08","18",0.562112855,60598.95,6.200241214,63992.68957,57.6583745,10321,118.0586503,63987.78846,224.0245889,542,0.947370793,56119.4,5.697858626,58762.01601,55.37097078,10313,97.76563808,58757.14848,208.9912528,601
"KCAE20150818_120813",126851.72,"2015","08","18",0.562320582,64797.86,6.413480581,65917.75341,59.47175101,10278,118.7619466,65912.88037,228.5704681,555,0.943857413,62053.86,6.210744259,63871.29396,57.8397048,10284,97.65514912,63866.46753,209.1361598,654
"KCAE20150818_121307",190716.28,"2015","08","18",0.561765972,101504.5,9.4288881,96740.3919,70.04259702,10260,146.1262561,96735.58151,236.9333993,662,0.942698359,89211.78,8.251126371,84739.06783,62.31426568,10270,118.0143182,84734.28049,206.5002143,718
"KCAE20150818_121801",203799.87,"2015","08","18",0.563353416,102730.47,9.485672031,96810.76875,71.53517244,10206,119.5136538,96806.0596,226.6827498,810,0.948116403,101069.4,9.392629566,95842.39209,69.91924414,10204,118.6109937,95837.68293,220.9930907,808
"KCAE20150818_122254",264569.53,"2015","08","18",0.561220429,138175.11,12.271591,124397.118,82.46739889,10137,142.9798545,124392.4735,246.2014532,870,0.946640328,126394.42,11.51043419,117049.6053,78.01166918,10169,135.7829939,117044.9407,234.4717601,862
"KCAE20150818_122748",275406.12,"2015","08","18",0.561412985,143591.76,13.31338879,134704.8677,88.21337674,10118,158.6575056,134700.2222,264.1036428,849,0.943025933,131814.36,12.04211488,121793.9499,83.40020802,10114,143.4503021,121789.3064,253.135696,849
"KCAE20150818_123242",308234.35,"2015","08","18",0.560463736,157620.42,13.78699878,138766.1427,92.13024536,10065,165.1922848,138761.5193,277.0822956,840,0.946918583,150613.93,13.39287964,134625.2262,91.0101999,10052,175.7448723,134620.5721,283.2932722,766
"KCAE20150818_123736",317201.91,"2015","08","18",0.556931879,154441.8,14.21429415,142398.7988,92.10147434,10018,170.1244891,142394.1974,274.0149379,837,0.931996697,162760.11,15.04085106,150754.4502,97.80060864,10023,184.5163234,150749.8362,293.5409441,817
"KCAE20150818_124230",284458.81,"2015","08","18",0.56121606,143566.95,13.62721852,135972.3864,89.78996824,9978,175.442289,135967.774,274.7688256,775,0.942983559,140891.86,13.53800068,135488.3108,89.01543889,10008,173.9200069,135483.6854,272.0101956,779
"KCAE20150818_124723",304640.67,"2015","08","18",0.558942062,155649.37,14.14961746,141665.97,92.57042692,10012,192.2134619,141661.3215,286.8551553,737,0.937704933,148991.3,13.58130005,136030.3013,91.99144259,10016,188.6624726,136025.6427,290.9174323,721
"KCAE20150818_125217",303994.74,"2015","08","18",0.562208587,148022.91,13.00320618,130669.219,87.37048884,10049,180.9758232,130664.5444,275.5763886,722,0.947951315,155971.83,13.55794203,136420.0127,89.11891839,10062,191.0578818,136415.3276,279.4821908,714
"KCAE20150818_125711",304688.4,"2015","08","18",0.559497362,147476.11,12.96864886,130205.2346,86.92257152,10040,190.9098892,130200.5445,278.1362733,682,0.940515321,157212.29,13.44004834,135529.4475,89.1630385,10084,178.5570144,135524.7739,276.0992699,759
"KMOB20140704_100200",803.21,"2014","07","04",0.512759246,798.97,0.155060467,1165.744592,0.258819695,7518,0.287409006,1164.006474,0.293907903,4050,1.524297146,4.24,0.000767003,5.76786537,0.007236715,7520,0.167079302,2.00495162,0.074664383,12
"KMOB20140704_101150",1068.37,"2014","07","04",0.512255265,1064.98,0.205452155,1544.794755,0.428407703,7519,0.360638212,1543.170909,0.516365299,4279,1.523559416,3.39,0.000623356,4.685764149,0.003296827,7517,0.077029497,0.924353961,0.032368756,12
"KMOB20140704_102141",1626.06,"2014","07","04",0.512391923,1622.48,0.290965913,2187.190764,1.613402623,7517,0.508274057,2185.578445,2.107275559,4300,1.524935602,3.58,0.000640085,4.810242018,0.004808353,7515,0.149618324,1.047328268,0.055104697,7
"KMOB20140704_103131",4323.98,"2014","07","04",0.512317192,4319.66,0.711660215,5350.261498,2.763338789,7518,1.042499545,5349.065165,3.29306945,5131,1.526853276,4.32,0.000889994,6.688301981,0.010404485,7515,0.139638326,2.932404852,0.142830217,21
"KMOB20140704_104122",13187.65,"2014","07","04",0.512590597,13180.46,2.127956149,16000.10229,6.472950152,7519,2.568543226,15999.45575,7.031783211,6229,1.524971986,7.19,0.001681881,12.64269991,0.013185572,7517,0.082679664,8.929403699,0.074120955,108
"KMOB20140704_105112",15190.86,"2014","07","04",0.512409621,15144.14,2.527568728,19002.2617,4.663245758,7518,2.691887187,19002.03165,4.766313412,7059,1.524297855,46.72,0.009644105,72.494737,0.039693875,7517,0.11447683,69.02952847,0.087768249,603
"KMOB20140704_110102",16615.42,"2014","07","04",0.511712424,16458.12,2.764035831,20774.49331,3.719127827,7516,2.817252799,20774.42214,3.734754026,7374,1.526916942,157.3,0.032300318,242.8337923,0.083723665,7518,0.158404666,239.8246641,0.122067207,1514
"KMOB20140704_111053",14943.29,"2014","07","04",0.511709753,14695.99,2.494114765,18748.26069,2.72538465,7517,2.498434724,18748.25417,2.7257657,7504,1.524665023,247.3,0.049761665,374.1082008,0.112240587,7518,0.183024733,371.3571841,0.149532644,2029
"KMOB20140704_112043",11561.05,"2014","07","04",0.512887478,11255.74,1.995403115,15001.44061,1.758956507,7518,1.999924289,15001.43209,1.758379922,7501,1.523917433,305.31,0.060447372,454.3224508,0.147227397,7516,0.205392287,451.6576383,0.210710381,2199
"KMOB20140704_113033",9281.07,"2014","07","04",0.512483053,9069.81,1.65959952,12476.86919,1.362231733,7518,1.668474076,12476.84914,1.360440434,7478,1.525104354,211.26,0.045118593,339.1113487,0.104385161,7516,0.176258224,336.3006907,0.140991439,1908
"KMOB20140704_114023",7850.53,"2014","07","04",0.512533039,7709.28,1.404794368,10557.02968,1.137307073,7515,1.408917476,10557.01865,1.136423237,7493,1.524663885,141.25,0.035450785,266.5544491,0.086039261,7519,0.154718336,263.6400453,0.119482302,1704
"KMOB20140704_115013",6505.61,"2014","07","04",0.511867964,6361.23,1.213858575,9124.574911,0.945830371,7517,1.237891974,9124.501737,0.939454264,7371,1.524127586,144.38,0.036924208,277.5592743,0.087552507,7517,0.160800865,274.6478776,0.117823055,1708
"KMOB20140704_120003",6418.11,"2014","07","04",0.513184552,6266.39,1.205631458,9065.142931,0.98036951,7519,1.226834183,9065.077777,0.975720912,7389,1.524072123,151.72,0.039163317,294.468981,0.092111751,7519,0.171904816,291.5505677,0.121928953,1696
"KMOB20140704_120952",6186.07,"2014","07","04",0.512248874,6019.29,1.156805755,8696.865663,0.872550668,7518,1.173184006,8696.813039,0.86771018,7413,1.523186616,166.78,0.043512799,327.2597642,0.109691176,7521,0.18112114,324.3879613,0.160249161,1791
"KMOB20140704_121942",6238.05,"2014","07","04",0.511488083,6063.58,1.134265558,8529.676994,0.881731633,7520,1.155616763,8529.607329,0.876029258,7381,1.522976263,174.47,0.045306306,340.3862787,0.100812385,7513,0.176927214,337.5771243,0.129617933,1908
"KMOB20140704_122932",5892.13,"2014","07","04",0.511853685,5729.72,1.064883436,8007.923442,0.816258493,7520,1.086104675,8007.849768,0.810260911,7373,1.523012634,162.41,0.041524877,312.0179236,0.094238649,7514,0.16658524,309.1822062,0.12323638,1856
"KMOB20140704_123921",6238.92,"2014","07","04",0.512380155,6001.18,1.103012186,8295.754654,0.87250001,7521,1.124533345,8295.682483,0.867135716,7377,1.52274988,237.74,0.05406076,406.3206747,0.456208075,7516,0.213379956,403.5014965,0.890850288,1891
"KMOB20140704_124912",6103.12,"2014","07","04",0.512939632,5943.34,1.099104795,8261.970745,0.923248319,7517,1.121777945,8261.894564,0.918996857,7365,1.523263891,159.78,0.040183148,302.177274,0.08687292,7520,0.157806588,299.3590982,0.106847215,1897
"KMOB20140704_125902",5934.09,"2014","07","04",0.513384638,5785.91,1.06943351,8037.86226,0.813600987,7516,1.095512137,8037.772548,0.805939162,7337,1.524160496,148.18,0.036773299,276.4616629,0.080182783,7518,0.146404738,273.6304562,0.099336884,1869
"KMOB20140705_100404",1982.79,"2014","07","05",0.512351929,1912.82,0.343176665,2579.315813,0.376065154,7516,0.419766838,2578.627683,0.375396706,6143,1.523692138,69.97,0.015909521,119.6077795,0.045707407,7518,0.108560752,116.3771266,0.068132101,1072
"KMOB20140705_101354",1971.65,"2014","07","05",0.512735134,1909.64,0.337379334,2536.41783,0.423459046,7518,0.424446602,2535.643997,0.43445666,5974,1.523828408,62.01,0.014292683,107.452392,0.042073313,7518,0.108393452,104.1661073,0.06080649,961
"KMOB20140705_102343",2285.72,"2014","07","05",0.512615204,2215.54,0.383460569,2883.623482,0.645822066,7520,0.470221388,2882.927333,0.686173415,6131,1.524572345,70.18,0.015876379,119.295112,0.042865109,7514,0.10467539,116.0850078,0.056568861,1109
"KMOB20140705_103333",4847.99,"2014","07","05",0.512770094,4731.75,0.769691034,5785.767506,2.188236298,7517,0.893474173,5785.245269,2.334207071,6475,1.52450866,116.24,0.026180908,196.8280641,0.056980873,7518,0.119161383,193.8755701,0.063009409,1627
"KMOB20140705_104323",11132.61,"2014","07","05",0.512224574,10902.32,1.787028227,13429.51713,4.44212437,7515,1.928657256,13429.24047,4.585181148,6963,1.524025001,230.29,0.05116085,384.6784333,0.084817635,7519,0.141683547,382.2622096,0.085256762,2698
"KMOB20140705_105314",22339.03,"2014","07","05",0.513571389,21880.46,3.649040068,27437.13227,7.880851611,7519,3.801715521,27436.98091,8.0079143,7217,1.52364595,458.57,0.097842174,736.5558862,0.119678743,7528,0.193338805,734.6874602,0.099790422,3800
"KMOB20140705_110303",24621.69,"2014","07","05",0.51273794,23871.83,3.835990251,28835.13872,7.841600119,7517,3.963576279,28835.01743,7.939189801,7275,1.524582,749.86,0.153644614,1155.561139,0.160392769,7521,0.251709848,1154.089653,0.132524485,4585
"KMOB20140705_111253",17426.1,"2014","07","05",0.513210586,16211.33,2.629359529,19757.0075,5.315692896,7514,2.689846535,19756.9228,5.361356036,7345,1.523906224,1214.77,0.243814198,1832.995142,0.259284583,7518,0.337127469,1831.950668,0.248190737,5434
"KMOB20140705_112242",11355.77,"2014","07","05",0.512096291,10028.93,1.652663727,12419.76791,2.350647005,7515,1.699693946,12419.66366,2.367050439,7307,1.524316513,1326.84,0.263681434,1983.411747,0.273508406,7522,0.35426134,1982.446461,0.261741789,5596
"KMOB20140705_113232",8027.61,"2014","07","05",0.512133794,6723.95,1.155534916,8687.311497,1.292249672,7518,1.195100661,8687.186701,1.296089579,7269,1.523476225,1303.66,0.26062625,1959.388145,0.286207513,7518,0.359396438,1958.351188,0.278512189,5449
"KMOB20140705_114223",5900.46,"2014","07","05",0.512938163,4770.19,0.858257428,6454.954117,0.863433029,7521,0.91027198,6454.738607,0.862208379,7091,1.52436691,1130.27,0.23130901,1738.981135,0.234668406,7518,0.328580826,1737.863988,0.21532102,5289
"KMOB20140705_115214",4838.08,"2014","07","05",0.512617364,3869.77,0.709575138,5333.876309,0.668930561,7517,0.752703965,5333.660298,0.665013237,7086,1.523449916,968.31,0.199096598,1497.405515,0.204575747,7521,0.291488151,1496.20868,0.185567497,5133
"KMOB20140705_120204",4225.54,"2014","07","05",0.512514107,3334.45,0.622111557,4677.034685,0.921368329,7518,0.687746299,4676.674832,0.94522744,6800,1.523944055,891.09,0.182864155,1374.224124,0.183626002,7515,0.268116439,1373.024282,0.163295066,5121
"KMOB20140705_121208",2997.2,"2014","07","05",0.50843178,2949.27,0.720940309,5421.471126,18.11791765,7520,6.192160842,5418.140737,52.82129025,875,1.480804415,47.93,0.009803912,73.71561395,0.156934745,7519,1.706530142,69.96773582,1.289146453,41
"KMOB20140705_121802",1310.95,"2014","07","05",0.516178726,1292.85,0.248521215,1867.885452,1.566114715,7516,2.585963779,1864.479885,4.421363145,721,1.483144077,18.1,0.00454818,34.22505661,0.071918891,7525,1.128413138,30.46715473,0.424754609,27
"KMOB20140705_122355",1323.74,"2014","07","05",0.512097194,1293.29,0.242126816,1824.183431,1.772541535,7534,2.725662094,1820.742279,5.357799566,668,1.479610921,30.45,0.007420798,55.78955886,0.115027692,7518,1.406491275,52.04017717,0.860850304,37
"KMOB20140705_123004",2849.75,"2014","07","05",0.51318486,2129.18,0.412018142,3097.552395,0.405114759,7518,0.477274876,3097.036673,0.398785242,6489,1.524370205,720.57,0.143682712,1079.775581,0.516730598,7515,0.215659987,1078.515596,0.621106879,5001
"KMOB20140705_123954",4025.5,"2014","07","05",0.513729542,3105.75,0.602878878,4533.649163,0.622858858,7520,0.700637236,4533.122917,0.618440053,6470,1.524979659,919.75,0.186155783,1399.333021,0.208738446,7517,0.289438164,1397.986331,0.194853993,4830
"KMOB20140705_124944",3615.01,"2014","07","05",0.513706179,2806.73,0.536550323,4034.321881,0.535639411,7519,0.625102683,4033.787615,0.528199106,6453,1.525574136,808.28,0.164429169,1236.014061,0.190309558,7517,0.267221238,1234.562122,0.17751213,4620
"KMOB20140705_125935",3168.88,"2014","07","05",0.513642624,2454.74,0.474009416,3563.602793,0.508809893,7518,0.559344965,3563.02743,0.507794008,6370,1.524145938,714.14,0.146234439,1099.682979,0.173541466,7520,0.236842367,1098.238056,0.165609001,4637
"KMOB20140706_100409",2966.15,"2014","07","06",0.512883019,2752.73,0.484644164,3645.00876,0.629454719,7521,0.55914484,3644.506069,0.644644704,6518,1.523555868,213.42,0.053062184,398.9215011,0.114004046,7518,0.192977357,396.1825129,0.143762255,2053
"KMOB20140706_101358",3413.65,"2014","07","06",0.512198082,3176.53,0.531507126,3994.807558,0.591643399,7516,0.582794831,3994.475772,0.594968158,6854,1.523625013,237.12,0.05807209,436.6440457,0.122524888,7519,0.203443343,433.9446513,0.153041647,2133
"KMOB20140706_102348",4545.32,"2014","07","06",0.51155209,4239.62,0.690532961,5192.117336,1.124928067,7519,0.749721246,5191.819631,1.153114896,6925,1.52345491,305.7,0.073365402,551.7078226,0.144409093,7520,0.226083276,549.1562784,0.17353892,2429
"KMOB20140706_103338",5325.22,"2014","07","06",0.512956526,4943.63,0.791591279,5951.183233,1.012376891,7518,0.826645833,5951.023355,1.020472686,7199,1.525251743,381.59,0.092384486,694.2694126,0.20481262,7515,0.275821359,691.7599681,0.274232538,2508
"KMOB20140706_104328",17095.32,"2014","07","06",0.511712451,16566.65,3.059554139,23004.78757,14.1899375,7519,3.128189404,23004.70487,14.34078039,7354,1.523876997,528.67,0.125535371,943.7749184,0.231899235,7518,0.314674647,941.5065449,0.275156188,2992
"KMOB20140706_105317",18095.34,"2014","07","06",0.512049767,17439.37,2.797335883,21030.37117,5.543835064,7518,2.825138914,21030.33408,5.564272519,7444,1.523879315,655.97,0.155841644,1171.929163,0.250640891,7520,0.322930178,1169.976036,0.276626677,3623
"KMOB20140706_110307",15952.09,"2014","07","06",0.513215236,14930.09,2.379204865,17889.24138,3.451252322,7519,2.418764161,17889.17973,3.466061344,7396,1.523679717,1022,0.234004604,1759.246616,0.348156449,7518,0.420371718,1757.574154,0.373779983,4181
"KMOB20140706_111257",13823.72,"2014","07","06",0.512604673,12537.46,2.061803946,15494.45665,2.597648024,7515,2.070342212,15494.44111,2.599625782,7484,1.523939469,1286.26,0.287736392,2163.202198,0.353949873,7518,0.459955288,2161.789853,0.348235521,4700
"KMOB20140706_112247",12956.55,"2014","07","06",0.513075554,11720.94,2.061331466,15495.02863,2.424951012,7517,2.071802325,15495.00959,2.426639204,7479,1.523926739,1235.61,0.279199024,2099.297458,0.365881237,7519,0.452513489,2097.852535,0.372530993,4636
"KMOB20140706_113236",11961.99,"2014","07","06",0.512757419,10677.01,2.013290839,15135.92053,2.677954574,7518,2.029483837,15135.89045,2.682588924,7458,1.523524194,1284.98,0.284026488,2135.59516,0.352770903,7519,0.426185439,2134.336679,0.355429968,5008
"KMOB20140706_114226",9517.08,"2014","07","06",0.512331635,8295.27,1.547106139,11629.59685,1.574869631,7517,1.563953235,11629.55625,1.575084658,7436,1.523885641,1221.81,0.26555305,1995.896726,0.359173294,7516,0.394124938,1994.666311,0.375469167,5061
"KMOB20140706_115214",10486.33,"2014","07","06",0.512389568,9102.9,1.685152409,12665.60551,1.712702684,7516,1.712023029,12665.54637,1.712935677,7398,1.524176571,1383.43,0.293849359,2209.159478,0.368725966,7518,0.420016415,2208.026293,0.376172653,5257
"KMOB20140706_120204",9434.54,"2014","07","06",0.512662559,8183.87,1.555002381,11692.0629,1.845591372,7519,1.583208631,11691.99574,1.85023589,7385,1.52389088,1250.67,0.261256298,1964.124847,0.311992906,7518,0.35531692,1963.125981,0.314767245,5525
"KMOB20140706_121154",9139.24,"2014","07","06",0.513420841,7933.1,1.520242098,11427.65985,3.124835568,7517,1.546568642,11427.5957,3.145324257,7389,1.524095101,1206.14,0.244507044,1838.203954,0.308811689,7518,0.324377605,1837.274753,0.317353391,5664
"KMOB20140706_122144",9278.34,"2014","07","06",0.512917528,8114.24,1.56685721,11781.19936,6.876366873,7519,1.594199554,11781.13471,6.932989947,7390,1.524967885,1164.1,0.231164285,1737.893094,0.226979225,7518,0.298665762,1737.040074,0.215566436,5816
"KMOB20140706_123133",12355.44,"2014","07","06",0.51325089,10929.26,2.017456022,15163.19946,13.14770887,7516,2.033686882,15163.16939,13.19926094,7456,1.524548481,1426.18,0.274287728,2062.095142,0.252352293,7518,0.340551942,2061.360903,0.237823684,6053
"KMOB20140706_124123",8772.21,"2014","07","06",0.513405751,7394.83,1.373265733,10317.34545,1.553231542,7513,1.410423269,10317.24621,1.557383149,7315,1.524898399,1377.38,0.258626003,1944.608914,0.221705809,7519,0.315726214,1943.926297,0.205002953,6157
"KMOB20140706_125115",6671.57,"2014","07","06",0.513486261,5177.01,0.972973526,7314.814968,1.077142845,7518,1.00683939,7314.688168,1.080074873,7265,1.52469466,1494.56,0.279306341,2099.545764,0.245497485,7517,0.339953461,2098.87267,0.229762975,6174
"KMOB20140707_100449",5740.97,"2014","07","07",0.511773448,5083.41,0.957596754,7194.42441,7.084254296,7513,1.205572243,7193.649575,7.93050475,5967,1.525303022,657.56,0.142063132,1067.888566,0.258694735,7517,0.263441919,1066.149447,0.30396591,4047
"KMOB20140707_101440",4767.25,"2014","07","07",0.512818845,3978.55,0.743925585,5590.600772,4.375705986,7515,0.942314126,5589.807393,4.90614514,5932,1.524623776,788.7,0.167971402,1262.641031,0.227967353,7517,0.293671566,1261.025704,0.232648111,4294
"KMOB20140707_102430",6405.09,"2014","07","07",0.511954775,5361.74,1.200365973,9018.349556,21.17320114,7513,1.61370522,9017.38477,24.53774145,5588,1.524399078,1043.35,0.221131263,1661.801442,0.85415248,7515,0.361886327,1660.334467,1.069694786,4588
"KMOB20140707_103419",14937.65,"2014","07","07",0.512779339,13787.29,3.071820234,23093.94452,25.28523071,7518,3.825277831,23093.20226,28.16612372,6037,1.523629397,1150.36,0.244828547,1840.865842,0.554700696,7519,0.391123644,1839.454498,0.659401239,4703
"KMOB20140707_104409",13054.47,"2014","07","07",0.511763956,11943.43,2.357582973,17726.66638,14.20400626,7519,2.581004674,17726.3401,14.84263035,6868,1.523811309,1111.04,0.236339225,1777.034631,0.270664539,7519,0.360044213,1775.738059,0.259244604,4932
"KMOB20140707_105400",15815.13,"2014","07","07",0.511418178,14632.22,2.519856866,18941.76406,5.704112268,7517,2.613359443,18941.62924,5.787943062,7248,1.523941552,1182.91,0.250762707,1884.732508,0.432226783,7516,0.378736776,1883.457989,0.483691686,4973
"KMOB20140707_110349",15460.97,"2014","07","07",0.511440908,14002.76,2.375122706,17851.42226,5.767735398,7516,2.453449969,17851.30198,5.845688407,7276,1.523724204,1458.21,0.294776924,2215.838141,0.322701963,7517,0.424757174,2214.683907,0.308198871,5214
"KMOB20140707_111339",12559.2,"2014","07","07",0.512335484,10555.09,1.890682973,14210.37322,2.876394288,7516,1.948746703,14210.26096,2.900809502,7292,1.523510679,2004.11,0.382981151,2879.635275,0.527389454,7519,0.452823749,2879.053397,0.545289692,6358
"KMOB20140707_112330",11188.95,"2014","07","07",0.513286616,8877.86,1.674523048,12582.36618,2.430384656,7514,1.738356984,12582.22785,2.453790661,7238,1.524540834,2311.09,0.412481506,3100.623479,0.401346431,7517,0.443732339,3100.357849,0.399306964,6987
"KMOB20140707_113319",8532.02,"2014","07","07",0.512586579,6340.16,1.201289522,9032.495913,2.305440689,7519,1.301845593,9032.204723,2.372622166,6938,1.523522733,2191.86,0.373489317,2808.266177,0.290466181,7519,0.392683784,2808.08174,0.284928491,7151
"KMOB20140707_114309",9740.97,"2014","07","07",0.512848449,7484.94,1.40152337,10532.44813,5.419257567,7515,1.614834475,10531.95045,5.787579525,6522,1.522643905,2256.03,0.376001972,2826.030823,0.269318621,7516,0.390262809,2825.892997,0.264061468,7241
"KMOB20140707_115259",6359.97,"2014","07","07",0.512854032,4135.08,0.823873471,6192.233011,1.661048923,7516,0.978605516,6191.637099,1.768133934,6327,1.524691051,2224.89,0.368003513,2765.914406,0.246309123,7516,0.376610594,2765.828202,0.242593509,7344
"KMOB20140707_120248",7885.08,"2014","07","07",0.51116087,5515.37,1.101885792,8285.079273,6.482934783,7519,1.325722958,8284.442765,7.090463699,6249,1.523421177,2369.71,0.387059658,2909.140393,0.268213196,7516,0.395682562,2909.058198,0.264830473,7352
"KMOB20140707_121238",6178.72,"2014","07","07",0.512626995,3872.55,0.794132263,5970.286351,1.310276801,7518,0.986376671,5969.551611,1.393989621,6052,1.524100615,2306.17,0.387489353,2913.532443,0.290971061,7519,0.407518115,2913.347003,0.284417687,7149
"KMOB20140707_122228",6554.98,"2014","07","07",0.512586808,4290.86,0.853544617,6416.948433,6.197514939,7518,1.061758925,6416.209182,6.896724512,6043,1.524301887,2264.12,0.380632454,2861.975422,0.271589132,7519,0.403576493,2861.760914,0.26260972,7091
"KMOB20140707_123218",5659.04,"2014","07","07",0.513036246,3379.06,0.682750175,5133.598563,1.909346717,7519,0.814501526,5132.988618,2.059725402,6302,1.524710149,2279.98,0.385684565,2898.03382,0.288925165,7514,0.409990137,2897.810291,0.280698735,7068
"KMOB20140707_124209",5482.37,"2014","07","07",0.512313944,3161.4,0.655355049,4924.337835,1.4603285,7514,0.811539907,4923.612617,1.585740499,6067,1.524735532,2320.97,0.396825874,2983.336924,0.300912571,7518,0.427557085,2983.065782,0.290593739,6977
"KMOB20140707_125158",5326.35,"2014","07","07",0.513308343,3074.36,0.624345337,4693.828241,1.02116756,7518,0.766850912,4693.127581,1.082496907,6120,1.524652721,2251.99,0.391910007,2945.203705,0.339600837,7515,0.440112199,2944.790727,0.329150817,6691
"KMOB20140708_100614",1131.47,"2014","07","08",0.512035573,1045.39,0.186350515,1401.355871,0.364800272,7520,0.296976992,1399.94954,0.423681709,4714,1.5237793,86.08,0.015812947,118.8501087,0.222695514,7516,0.175932872,115.4119643,0.735435145,656
"KMOB20140708_101603",1442.21,"2014","07","08",0.512215623,1355.81,0.234075412,1759.3108,0.460057305,7516,0.36239438,1757.975136,0.530570718,4851,1.523652589,86.4,0.016337924,122.8121743,0.188798821,7517,0.1600786,119.4186355,0.580206174,746
"KMOB20140708_102553",1469.97,"2014","07","08",0.512629422,1425.34,0.24896539,1871.472837,0.75416694,7517,0.439341745,1869.838466,0.959740912,4256,1.52351349,44.63,0.010516403,79.06231561,0.035199517,7518,0.106699198,75.64973173,0.05409219,709
"KMOB20140708_103543",2204.65,"2014","07","08",0.511821323,2155.52,0.360299256,2708.009206,0.985539133,7516,0.567428291,2706.632946,1.188740916,4770,1.52437386,49.13,0.011469199,86.19102891,0.037386708,7515,0.111138243,82.79799134,0.055450638,745
"KMOB20140708_104532",8294.22,"2014","07","08",0.512579502,8172.69,1.280002556,9623.059218,2.934620516,7518,1.554506243,9622.393642,3.167532384,6190,1.523981749,121.53,0.024646813,185.2454486,0.341763306,7516,0.192338952,181.9526484,0.946916851,946
"KMOB20140708_105522",12500.1,"2014","07","08",0.511663609,12261.02,1.938387262,14572.79544,3.38871343,7518,2.128609208,14572.45864,3.49369063,6846,1.523731429,239.08,0.047240276,355.0579117,0.105142302,7516,0.165736836,352.3565125,0.139664856,2126
"KMOB20140708_110512",8575.24,"2014","07","08",0.512790337,8135.42,1.317891963,9903.958102,2.058533968,7515,1.42992534,9903.662903,2.106612922,6926,1.524288363,439.82,0.083146218,625.0932706,0.152169229,7518,0.214015051,622.7837999,0.178558046,2910
"KMOB20140708_111502",5368.34,"2014","07","08",0.512845627,4641.31,0.817560625,6144.785657,1.025162282,7516,0.921469804,6144.360651,1.043513965,6668,1.524535036,727.03,0.134981563,1014.386449,0.250372908,7515,0.296523456,1012.33108,0.300292653,3414
"KMOB20140708_112451",3637.42,"2014","07","08",0.512515348,2934.92,0.553430899,4161.246927,0.667743194,7519,0.673232336,4160.575837,0.67963001,6180,1.524164049,702.5,0.131775287,990.1595097,0.338825432,7514,0.323168374,987.9257182,0.469530919,3057
"KMOB20140708_113441",2697.29,"2014","07","08",0.512339646,2252.79,0.448927664,3375.487105,0.644654941,7519,0.592238407,3374.574444,0.680881482,5698,1.523965042,444.5,0.083542591,628.0731959,0.185556582,7518,0.246678344,625.5762811,0.24884202,2536
"KMOB20140708_114429",2260.73,"2014","07","08",0.511841161,2026.84,0.42055222,3161.711591,0.643665173,7518,0.604429982,3160.564373,0.696154864,5229,1.524740698,233.89,0.044519446,334.6526768,0.131241201,7517,0.201281073,331.7112089,0.217044471,1648
"KMOB20140708_115419",1661.01,"2014","07","08",0.51292858,1527.02,0.324574332,2439.500681,0.570971612,7516,0.515237822,2438.105376,0.647834139,4732,1.524145938,133.99,0.025228127,189.7155124,0.081501595,7520,0.160524065,186.528964,0.146115994,1162
"KMOB20140708_120409",1396.67,"2014","07","08",0.512403089,1300.1,0.277168339,2083.197238,0.483692716,7516,0.451081971,2081.743294,0.550162116,4615,1.525015492,96.57,0.017633664,132.6933228,0.05856359,7525,0.146175638,129.3654396,0.102199475,885
"KMOB20140708_121359",1159.64,"2014","07","08",0.513215601,1101.37,0.242044157,1819.930017,0.450732431,7519,0.4311774,1818.275096,0.529906877,4217,1.52387085,58.27,0.010754347,80.86193698,0.050269808,7519,0.137678252,77.3751774,0.128152787,562
"KMOB20140708_122348",1049.72,"2014","07","08",0.512566123,1017.21,0.224010577,1684.335526,0.384741596,7519,0.409996094,1682.623972,0.441647107,4104,1.524218273,32.51,0.005980528,44.97954987,0.034282432,7521,0.124628057,41.37651485,0.10922226,332
"KMOB20140708_123338",935.04,"2014","07","08",0.513286659,904.74,0.199665808,1500.488547,0.329140158,7515,0.377794387,1498.710335,0.371517112,3967,1.52484328,30.3,0.005913436,44.49269611,0.029563671,7524,0.126574758,40.88364684,0.071835736,323
"KMOB20140708_124327",932.8,"2014","07","08",0.513082651,891.72,0.199309584,1497.612212,0.355783589,7514,0.387407764,1495.781375,0.416629864,3861,1.524944059,41.08,0.007671429,57.68147486,0.0395342,7519,0.128865587,54.12354669,0.111577255,420
"KMOB20140708_125317",1023.75,"2014","07","08",0.513354672,971.28,0.203208673,1527.316389,0.556332499,7516,0.403556601,1525.443953,0.731243632,3780,1.524980556,52.47,0.009998914,75.14183862,0.040099951,7515,0.132190148,71.64706004,0.078821114,542
"KMOB20140709_100055",41.76,"2014","07","09",0.512824433,38.78,0.006921897,52.07343212,0.187239683,7523,3.716116615,48.30951599,2.654340774,13,1.480672476,2.98,0.000501187,3.769429184,0,7521,NA,0,NA,0
"KMOB20140709_100650",11.55,"2014","07","09",0.512233895,8.57,0.001908113,14.34137595,0.060721373,7516,2.115391728,10.57695864,1.157531035,5,1.47940587,2.98,0.000501187,3.768927997,0,7520,NA,0,NA,0
"KMOB20140709_101244",78.69,"2014","07","09",0.506193682,55.43,0.008456939,63.64692001,0.19145657,7526,3.742687743,59.88300389,1.866306783,16,1.48138133,23.26,0.003410462,25.63985211,0.117796562,7518,3.645822269,21.87493361,2.219889859,6
"KMOB20140709_101836",24.12,"2014","07","09",0.514460009,21.14,0.003989027,30.04934285,0.120666475,7533,3.284738615,26.27790892,1.831113406,8,1.477074534,2.98,0.000501187,3.773438682,0,7529,NA,0,NA,0
"KMOB20140709_102430",164.59,"2014","07","09",0.507224553,161.61,0.027989694,210.4545062,1.458049859,7519,20.66910913,206.6910913,36.08070392,10,1.48054393,2.98,0.000501187,3.769429184,0,7521,NA,0,NA,0
"KMOB20140709_103017",45.99,"2014","07","09",0.514014008,31.61,0.004852614,36.49651229,0.124730305,7521,3.273209498,32.73209498,1.055658501,10,1.483175852,14.38,0.0021011,15.79606974,0.077957553,7518,3.007537216,12.03014886,1.782680255,4
"KMOB20140709_103602",431.56,"2014","07","09",0.514997811,425.76,0.064395477,484.8335492,0.77887187,7529,5.660031899,481.1027114,4.724504137,85,1.480330629,5.8,0.001071706,8.057089089,0.035484642,7518,2.145082921,4.290165842,0.5187385,2
"KMOB20140709_104156",10153.5,"2014","07","09",0.510741952,10150.52,1.454350577,10941.07939,9.646902092,7523,21.11499724,10937.56857,30.62796073,518,1.481211708,2.98,0.000501187,3.76842681,0,7519,NA,0,NA,0
"KMOB20140709_104739",27052.85,"2014","07","09",0.514374388,27042.69,3.735465649,28083.23075,20.59320565,7518,27.85711113,28079.96802,49.93031298,1008,1.481891732,10.16,0.001502086,11.28967964,0.064653606,7516,3.761879384,7.523758768,1.767756986,2
"KMOB20140709_105325",16595.16,"2014","07","09",0.509990196,16590.13,2.281365484,17176.40073,8.940124085,7529,14.98534176,17173.20165,18.30171474,1146,1.480455875,5.03,0.001024487,7.712336506,0.034953702,7528,1.970200693,3.940401386,1.199510825,2
"KMOB20140709_105920",6310.49,"2014","07","09",0.510636106,6282.88,0.917511831,6903.359019,3.984552309,7524,7.624355426,6900.04166,8.996412339,905,1.47881415,27.61,0.005132526,38.62225538,0.139543946,7525,3.168757683,34.85633451,1.904107441,11
"KMOB20140709_110512",3687.15,"2014","07","09",0.513054584,3664.37,0.586627105,4411.435827,2.324934183,7520,5.173819143,4408.09391,4.898952946,852,1.480576842,22.78,0.00343161,25.80227522,0.135798984,7519,4.407270869,22.03635434,3.22523831,5
"KMOB20140709_111102",1961.78,"2014","07","09",0.512176429,1740.54,0.314130842,2364.46285,1.380502973,7527,3.765557668,2361.004658,3.145871509,627,1.484519183,221.24,0.03595647,270.2488314,0.39032162,7516,3.028704689,266.5260126,1.998287368,88
"KMOB20140709_111647",1787.7,"2014","07","09",0.512142443,1563.16,0.299085281,2250.01857,1.754479549,7523,4.19126264,2246.516775,5.190107933,536,1.481332376,224.54,0.037912597,285.0269044,0.416030444,7518,3.472834259,281.299575,2.046184873,81
"KMOB20140709_112232",1812.93,"2014","07","09",0.512656714,1417.51,0.271525427,2041.599687,1.361960218,7519,3.402556713,2038.131471,3.556729144,599,1.482066022,395.42,0.066335978,499.5762511,0.63217092,7531,3.593267927,495.8709739,3.033427512,138
"KMOB20140709_112819",1321.85,"2014","07","09",0.513613398,1136.46,0.231657441,1740.905669,1.38544767,7515,3.597062776,1737.381321,4.218287635,483,1.482270919,185.39,0.031218087,234.6975759,0.356587732,7518,3.039049218,230.9677406,1.866280868,76
"KMOB20140709_113409",1231.75,"2014","07","09",0.512790152,1123.09,0.21688316,1630.961364,2.086884303,7520,4.339681015,1627.380381,8.343768185,375,1.480083301,108.66,0.018456329,139.0684422,0.253553042,7535,2.879054302,135.3155522,1.454665729,47
"KMOB20140709_114002",758.14,"2014","07","09",0.513252067,720.91,0.147731566,1112.86189,0.835547529,7533,2.92685065,1109.276397,2.399352158,379,1.479468335,37.23,0.006070541,45.66868135,0.1515322,7523,2.619141799,41.90626879,2.053243094,16
"KMOB20140709_114555",642.36,"2014","07","09",0.509143354,598.66,0.132971839,1000.214171,1.011698793,7522,3.412981462,996.5905869,3.90156189,292,1.480903108,43.7,0.007704743,57.92426049,0.214842741,7518,4.513529093,54.16234911,3.059207674,12
"KMOB20140709_115147",497.94,"2014","07","09",0.514154172,476.04,0.106203516,799.3938675,0.736683513,7527,2.852190905,795.7612624,2.614027835,279,1.482271858,21.9,0.003743889,28.17651068,0.118851419,7526,3.486869125,24.40808387,1.883763867,7
"KMOB20140709_115740",438.97,"2014","07","09",0.511248801,427.86,0.099826859,750.7978047,0.68519015,7521,2.798360272,747.1621925,2.38624681,267,1.482660842,11.11,0.001951836,14.64462196,0.056752178,7503,1.814536878,10.88722127,0.941695314,6
"KMOB20140709_120329",489.06,"2014","07","09",0.506841198,481.85,0.123072481,925.2589109,0.70720034,7518,2.710768791,921.6613889,2.013930711,340,1.482202363,7.21,0.001209448,9.093837738,0.045759852,7519,2.663206651,5.326413302,1.251476106,2
"KMOB20140709_120916",400.63,"2014","07","09",0.514007227,397.65,0.096527733,725.6954996,0.597529444,7518,2.464417822,722.0744219,1.82677511,293,1.481049327,2.98,0.000501187,3.767424435,0,7517,NA,0,NA,0
"KMOB20140709_121505",453.9,"2014","07","09",0.511941327,439.89,0.110295468,828.870439,0.660483611,7515,2.619879019,825.2618909,1.960785442,315,1.47898417,14.01,0.002083616,15.65837425,0.070304519,7515,2.973489234,11.89395694,0.7754192,4
"KMOB20140709_122059",341.33,"2014","07","09",0.505880166,333.33,0.084579138,636.1196987,0.527222263,7521,2.333897016,632.4860912,1.572833439,271,1.483124721,8,0.001132616,8.519535567,0.038785041,7522,2.375303785,4.75060757,0.193157031,2
"KMOB20140709_122649",371.13,"2014","07","09",0.508280442,362.59,0.093867,706.4430456,0.585769114,7526,2.501110121,702.8119441,1.783374463,281,1.482186527,8.54,0.001465485,11.01751672,0.063296518,7518,3.625296737,7.250593475,1.960914017,2
"KMOB20140709_123237",471.96,"2014","07","09",0.510194671,455.03,0.098211333,739.2367023,0.704877578,7527,2.818371938,735.5950759,2.586005409,261,1.481078549,16.93,0.002646689,19.88457435,0.084906401,7513,3.224332121,16.1216606,0.745635771,5
"KMOB20140709_123824",477.03,"2014","07","09",0.512067026,471.09,0.087929092,662.8094959,0.852554947,7538,3.415172413,659.1282756,4.136668896,193,1.483092198,5.94,0.001035301,7.784424984,0.032961438,7519,2.008500274,4.017000549,0.325581469,2
"KMOB20140709_124411",255.13,"2014","07","09",0.51060567,237.37,0.048015757,361.07849,0.476493293,7520,2.516765708,357.3807306,2.41897031,142,1.483468766,17.76,0.003137293,23.59244083,0.134969119,7520,4.956379396,19.82551758,3.595387393,4
"KMOB20140709_124955",278.71,"2014","07","09",0.512254905,274.71,0.054566547,410.1767307,0.555855384,7517,2.822788036,406.4814772,2.893477938,144,1.483416241,4,0.000689008,5.17996198,0.016285261,7518,1.412537545,1.412537545,NA,1
"KMOB20140709_125541",348.69,"2014","07","09",0.51382633,323.71,0.070987601,533.8267581,0.767586251,7520,3.212972885,530.140526,4.105822443,165,1.482693552,24.98,0.003058525,23.0092865,0.121455105,7523,4.810214923,19.24085969,2.481626757,4
"KMOB20140710_100108",11259.1,"2014","07","10",0.497417237,9122.87,1.767554214,13313.21834,12.72129977,7532,9.624104509,13310.13654,28.39389156,1383,0.903926524,2136.23,0.329912517,2480.282304,2.156532894,7518,4.875529491,2476.768982,6.837293447,508
"KMOB20140710_100542",9215.63,"2014","07","10",0.505993808,6488.3,1.175963107,8853.826231,8.547528978,7529,9.651594745,8850.512381,22.77159676,917,0.904412102,2727.33,0.43031881,3239.440002,4.948762364,7528,7.049884769,3235.897109,18.86051953,459
"KMOB20140710_101015",10242.17,"2014","07","10",0.510038784,6604.77,1.164402255,8748.154145,10.11040928,7513,10.63844367,8744.800701,28.88582172,822,0.903295753,3637.4,0.593215111,4466.909784,7.874544145,7530,9.766662772,4463.364887,30.56196047,457
"KMOB20140710_101448",5373.66,"2014","07","10",0.510107937,3747.36,0.583033341,4395.488355,4.027494489,7539,6.905705439,4392.028659,12.19941811,636,0.902863136,1626.3,0.277814524,2093.888067,4.10140883,7537,6.699573684,2090.266989,19.09066597,312
"KMOB20140710_101922",3707.91,"2014","07","10",0.508110015,2710.47,0.441637646,3325.08984,2.477259766,7529,5.055777292,3321.645681,6.860203897,657,0.902017271,997.44,0.170196579,1282.431225,1.469932429,7535,4.736259628,1278.790099,6.229891253,270
"KMOB20140710_102400",3741.34,"2014","07","10",0.512059949,3011.46,0.477489371,3588.810112,3.5479648,7516,5.848858755,3585.350417,11.09544423,613,0.908425263,729.88,0.111482588,839.9098171,1.395510426,7534,4.77840903,836.2215802,7.866691267,175
"KMOB20140710_102835",5010.16,"2014","07","10",0.511418835,4115.85,0.623767397,4689.483291,11.86612528,7518,9.334595541,4685.966962,45.06845958,502,0.904789943,894.31,0.144053407,1085.586477,1.345138361,7536,6.078082819,1081.898742,6.384266678,178
"KMOB20140710_103314",3415.24,"2014","07","10",0.509038546,2967.7,0.469165922,3537.511051,3.728276761,7540,6.693175619,3533.996727,12.53446679,528,0.901564912,447.54,0.076808983,577.2195054,0.71070852,7515,4.248301805,573.5207436,3.236009589,135
"KMOB20140710_103746",4118.59,"2014","07","10",0.500060986,3744.82,0.600035923,4510.470033,3.100511082,7517,6.944573004,4507.027879,8.20828738,649,0.901748493,373.77,0.065163726,490.8783492,0.656410555,7533,3.835957138,487.1665566,3.343537583,127
"KMOB20140710_104220",8825.73,"2014","07","10",0.504756035,8190.33,1.294706018,9736.189258,7.397546336,7520,10.47673405,9732.885932,18.63048352,929,0.908869394,635.4,0.104727946,789.3345289,1.159226359,7537,4.364707191,785.6472944,6.154647277,180
"KMOB20140710_104655",13631.19,"2014","07","10",0.506939996,12423.98,1.908550674,14377.11223,9.812388554,7533,13.26003697,14373.88007,22.78091464,1084,0.903252113,1207.21,0.202081429,1523.693975,1.329228887,7540,5.083829025,1520.064879,4.449732809,299
"KMOB20140710_105129",16580.02,"2014","07","10",0.510616857,14041.37,2.201737813,16572.48052,9.072562987,7527,11.60323794,16569.42378,18.02639346,1428,0.904434616,2538.65,0.412437327,3105.240633,2.293102035,7529,6.228346959,3101.716785,6.584347794,498
"KMOB20140710_105604",16571.66,"2014","07","10",0.511582252,12420.82,1.974292619,14832.86045,7.090133479,7513,8.728632456,14829.94654,12.78312893,1699,0.901943744,4150.84,0.685853706,5172.708651,3.71664644,7542,7.820363058,5169.259982,10.09721965,661
"KMOB20140710_110037",31059.7,"2014","07","10",0.509045748,19536.73,2.995886492,22520.07876,10.83920599,7517,11.02709832,22517.33476,18.54862972,2042,0.903998661,11522.97,1.71106952,12870.66493,8.610635863,7522,13.12998588,12867.38616,20.48203281,980
"KMOB20140710_110510",27023.14,"2014","07","10",0.51400018,16821.03,2.690323648,20212.40157,8.317537345,7513,8.636670481,20209.80892,13.06940927,2340,0.905843391,10202.11,1.545720506,11643.91257,7.190978114,7533,11.25788719,11640.65535,16.35846096,1034
"KMOB20140710_110958",22858.57,"2014","07","10",0.507332886,14394.04,2.338448673,17587.47247,7.60104436,7521,7.070747685,17584.94949,11.88682286,2487,0.906383727,8464.53,1.296271727,9773.888825,4.674548274,7540,7.873273043,9770.731846,9.001778092,1241
"KMOB20140710_111450",16314.41,"2014","07","10",0.510395534,10032.76,1.654421746,12437.94269,8.896106009,7518,6.449761955,12435.14105,16.66661657,1928,0.902108686,6281.65,0.962021234,7244.981911,3.774297187,7531,6.547705048,7241.761783,7.776292932,1106
"KMOB20140710_111940",9817.73,"2014","07","10",0.509683454,5766.56,0.965973725,7277.646045,3.273735112,7534,5.151967264,7274.577777,5.969765596,1412,0.903056866,4051.17,0.627139617,4728.63271,2.678660504,7540,5.164275786,4725.312344,5.977409562,915
"KMOB20140710_112427",10451.12,"2014","07","10",0.511886115,7038.13,1.206532426,9090.015296,5.241705962,7534,6.241050192,9086.96908,10.52661389,1456,0.905400754,3412.99,0.539471496,4054.667765,3.262493723,7516,6.17565491,4051.229621,9.34144729,656
"KMOB20140710_112916",6357.52,"2014","07","10",0.515023566,4670.85,0.851034406,6401.480799,2.966037702,7522,4.910486505,6398.363916,5.556157343,1303,0.904037767,1686.67,0.292873545,2204.752044,1.436700524,7528,3.987782177,2201.255762,3.665735589,552
"KMOB20140710_113404",5405.47,"2014","07","10",0.508944207,4156.53,0.789809313,5939.366033,3.789471622,7520,5.052073192,5936.186,8.391733301,1175,0.905250555,1248.94,0.235963827,1778.695329,1.264806851,7538,3.564592311,1775.166971,3.5174679,498
"KMOB20140710_113854",5400.19,"2014","07","10",0.5096097,4094.01,0.744542566,5597.471011,2.994511796,7518,4.881568452,5594.277446,6.21762553,1146,0.902854633,1306.18,0.23969116,1801.998143,1.740943702,7518,4.192180016,1798.445227,6.051893473,429
"KMOB20140710_114336",6231.98,"2014","07","10",0.507397524,4890.32,0.924155337,6950.572289,8.770942026,7521,6.367873195,6947.349655,22.27214564,1091,0.904948321,1341.66,0.251122566,1893.213022,2.218502725,7539,4.724087617,1889.635047,8.473578189,400
"KMOB20140710_114823",4467.31,"2014","07","10",0.509714976,3503.76,0.717543459,5393.056635,4.149139902,7516,5.17256425,5389.811949,10.06052993,1042,0.902339411,963.55,0.192718433,1447.50815,1.23964786,7511,3.618906531,1443.943706,4.070447728,399
"KMOB20140710_115312",4780.98,"2014","07","10",0.508930559,3908.33,0.747166867,5624.672178,3.444531627,7528,5.101135706,5621.451548,7.673699457,1102,0.900275009,872.65,0.175842367,1321.982912,1.279120468,7518,3.433352714,1318.407442,4.571690152,384
"KMOB20140710_115800",4244.46,"2014","07","10",0.509913714,3508.22,0.669905108,5044.38546,2.896571363,7530,4.587044882,5041.162325,6.288775977,1099,0.908532627,736.24,0.138971999,1046.042239,1.253818193,7527,3.722893339,1042.410135,5.38679889,280
"KMOB20140710_120247",4254.92,"2014","07","10",0.510116319,3146.41,0.650489647,4889.730677,2.491689316,7517,4.434224647,4886.515561,5.058783733,1102,0.90124974,1108.51,0.198514896,1493.824591,2.248985699,7525,4.700984332,1490.212033,9.959887387,317
"KMOB20140710_120725",4908.43,"2014","07","10",0.509196456,3385.19,0.690457895,5196.386117,3.262581114,7526,5.141703348,5193.120381,7.515150014,1010,0.902331093,1523.24,0.254156382,1915.57665,5.92743201,7537,6.481176449,1911.947052,29.32740383,295
"KMOB20140710_121204",3467.77,"2014","07","10",0.512937171,3042.59,0.636051129,4779.28818,3.180300409,7514,4.838922929,4776.016931,7.530728691,987,0.904329113,425.18,0.080268586,603.7803046,0.937104129,7522,3.261427134,600.1025927,5.065658748,184
"KMOB20140710_121652",3862.89,"2014","07","10",0.506686358,3367.71,0.670158881,5043.615741,2.928606131,7526,5.080988894,5040.340983,6.534085747,992,0.903522724,495.18,0.084637395,637.9120455,0.649657453,7537,3.409826979,634.2278182,2.407182116,186
"KMOB20140710_122140",4232.85,"2014","07","10",0.50517204,3727.16,0.778643861,5855.401838,4.723692162,7520,5.676187812,5852.149634,11.62165831,1031,0.903147202,505.69,0.088882671,668.1310393,0.964629591,7517,3.650850719,664.4548309,5.056188729,182
"KMOB20140710_122629",3996.82,"2014","07","10",0.513906328,3357.88,0.645083293,4856.832109,2.877369298,7529,5.509080836,4853.500217,6.633331744,881,0.901093717,638.94,0.098215404,739.6602085,1.381849368,7531,5.040814663,735.9589407,8.606895529,146
"KMOB20140710_123106",2908.81,"2014","07","10",0.508844551,2620.55,0.491320719,3698.171054,2.765874199,7527,4.761324148,3694.787539,7.344012918,776,0.906395763,288.26,0.055854524,420.8638385,0.506234801,7535,3.022873598,417.1565565,2.249508641,138
"KMOB20140710_123554",2787.71,"2014","07","10",0.513581963,2581.08,0.506155613,3803.253275,3.311088361,7514,4.954200476,3799.871765,9.24478745,767,0.901584046,206.63,0.043401144,327.1144218,0.50941978,7537,2.587196976,323.399622,3.022967058,125
"KMOB20140710_124036",1994.19,"2014","07","10",0.50644822,1813.98,0.363391978,2738.158551,1.782392164,7535,4.246436133,2734.70487,4.550939028,644,0.906189964,180.21,0.042731502,320.9563147,0.383248497,7511,2.459353105,317.2565505,1.621466308,129
"KMOB20140710_124526",1757.69,"2014","07","10",0.52004179,1594.16,0.315251062,2372.89474,1.505588091,7527,3.846478954,2369.431035,3.75986338,616,0.904324254,163.53,0.037749392,284.4416704,0.350933047,7535,2.339378059,280.7253671,1.539003101,120
"KMOB20140710_125000",1451.69,"2014","07","10",0.51259827,1335.18,0.279508394,2106.934278,1.547551591,7538,3.938996184,2103.423962,4.407482647,534,0.901019195,116.51,0.026607986,200.038842,0.311269014,7518,2.23085251,196.3150209,1.843537963,88
"KMOB20140710_125438",985.48,"2014","07","10",0.512698843,871.4,0.177676871,1336.130069,1.060353681,7520,3.506714716,1332.551592,3.256212432,380,0.898234319,114.08,0.025238865,190.3010392,0.253628449,7540,2.006115031,186.5686979,1.120398985,93
"KMOB20140710_125916",897.9,"2014","07","10",0.498027028,742.02,0.150476161,1131.430253,1.074508678,7519,3.862356757,1127.808173,3.929928745,292,0.902633342,155.88,0.03311545,248.8957185,0.492735266,7516,3.50234112,245.1638784,3.757398561,70
